"Total Cycles","Elapsed Cycles","Step","PC:Cycle Start Time (s)","PC:Frequency (Hz)","Position(8800 (0,1):Position):Maximum (mm)","Position(8800 (0,1):Position):Minimum (mm)","Load(8800 (0,1):Load):Maximum (kN)","Load(8800 (0,1):Load):Minimum (kN)","Strain(8800 (0,1):Axial Strain):Maximum (%)","Strain(8800 (0,1):Axial Strain):Minimum (%)","Strain(8800 (0,1):Axial Strain):Amplitude (%)",
1,1,2,3.204,3,32.2403190515108,30.0124426270132,0.686972169205546,-1.60135254263878,0.518534154545841,-1.20680259608916,0.8626683753175,
2,2,2,3.538,3,33.0942874973535,30.023754843986,1.53710171580315,-1.58364214003086,1.21509304351652,-1.20846062969528,1.2117768366059,
3,3,2,3.871,3,33.10456482864,30.0309901030931,1.5400804579258,-1.57454237341881,1.21576545842615,-1.20654191889635,1.21115368866125,
4,4,2,4.205,3,33.1175154283516,30.0309118719937,1.54946641996503,-1.57970022410154,1.22328765784942,-1.21005877925889,1.21667321855415,
5,5,2,4.538,3,33.1230228977492,30.0277401597067,1.55738582834601,-1.57868936657906,1.22520059444828,-1.21492149389553,1.22006104417191,
6,6,2,4.871,3,33.1309488257052,30.0266404539666,1.56145030632615,-1.57932247966528,1.23019415990876,-1.21722502718844,1.2237095935486,
7,7,2,5.205,3,33.1359466753695,30.0237034349779,1.56375095248222,-1.58655978739262,1.23370468727768,-1.21955845593648,1.22663157160708,
8,8,2,5.538,3,33.1416955435881,30.022272923446,1.56540293246508,-1.58805884420872,1.23639742028075,-1.22246753517709,1.22943247772892,
9,9,2,5.871,3,33.145857438076,30.0204624322886,1.57234314829111,-1.58527325838804,1.23845843717135,-1.22620502586108,1.23233173151621,
10,10,2,6.205,3,33.14942030586,30.0187659350188,1.57257076352835,-1.59253757447004,1.24051423865545,-1.22736275297211,1.23393849581378,
11,11,2,6.538,3,33.1537811308578,30.0171342578028,1.5741253271699,-1.59180667251348,1.24327719338177,-1.22899722411671,1.23613720874924,
12,12,2,6.871,3,33.1573372931189,30.0143313492701,1.57812256366014,-1.59178785979748,1.24444926286067,-1.23252200072125,1.23848563179096,
13,13,2,7.205,3,33.158828154356,30.0138373757568,1.57914720475674,-1.59708112478256,1.24675121290518,-1.23359358049275,1.24017239669897,
14,14,2,7.538,3,33.1611773225122,30.0121118212215,1.5821386128664,-1.59633737057447,1.24768514319795,-1.2353300314609,1.24150758732943,
15,15,2,7.871,3,33.1635354313654,30.0105963730675,1.58218219876289,-1.59474983811378,1.24879602478272,-1.23672729474196,1.24276165976234,
16,16,2,8.205,3,33.1665864442419,30.0101716899565,1.5829699113965,-1.60076394677162,1.25086011503787,-1.23848972961036,1.24467492232411,
17,17,2,8.538,3,33.1681711827983,30.0092128001953,1.58593114465475,-1.6029566526413,1.25116381933431,-1.23983530448769,1.245499561911,
18,18,2,8.871,3,33.1705985820538,30.0100129925834,1.58810503780842,-1.59761793911457,1.25112870847269,-1.24041738110614,1.24577304478941,
19,19,2,9.205,3,33.1715798235577,30.0093178533859,1.58593505620956,-1.60356108099222,1.25228671498049,-1.24123135704938,1.24675903601493,
20,20,2,9.538,3,33.1731667972883,30.0087165915077,1.5891445800662,-1.60384401679039,1.2541033528236,-1.24312520153516,1.24861427717938,
21,21,2,9.871,3,33.1752320983124,30.0085489534375,1.59193482249975,-1.6004391014576,1.25379666829488,-1.24415142589655,1.24897404709571,
22,22,2,10.205,3,33.1763340392268,30.0081667386376,1.59132741391659,-1.60321723669767,1.25554680970509,-1.24406788626027,1.24980734798268,
23,23,2,10.538,3,33.1777064362276,30.0076414726845,1.59204881638288,-1.60571355372667,1.25590089855363,-1.24476712326048,1.25033401090705,
24,24,2,10.871,3,33.1780439475422,30.0078247569745,1.59295666962862,-1.6019893810153,1.25488314922781,-1.24584289398363,1.25036302160572,
25,25,2,11.205,3,33.1799594918903,30.0077375851781,1.59359071403742,-1.60418841987848,1.25592967642165,-1.24639656526309,1.25116312084237,
26,26,2,11.538,3,33.1803595880843,30.0080326281815,1.59174669533968,-1.60586591809988,1.25598676649638,-1.2464673457799,1.25122705613814,
27,27,2,11.871,3,33.1812156598291,30.0070133887151,1.59432850778103,-1.60135552287102,1.25481218244648,-1.24672476334364,1.25076847289506,
28,28,2,12.205,3,33.1818593900185,30.0069508038356,1.59267392009497,-1.6052108258009,1.25615514962057,-1.24747550248305,1.25181532605181,
29,29,2,12.538,3,33.1827601652487,30.0062936626006,1.59297604113817,-1.60553231835365,1.25620367152748,-1.24842051551463,1.25231209352106,
30,30,2,12.871,3,33.1843806665933,30.0074157200834,1.59612465649843,-1.60300377756357,1.25571034995181,-1.24812025711177,1.25191530353179,
31,31,2,13.205,3,33.1847159427336,30.0072726689302,1.59389860928059,-1.60601530224085,1.25676609723929,-1.24896794693275,1.25286702208602,
32,32,2,13.538,3,33.187308744885,30.0076168857676,1.59690361469984,-1.60592794418335,1.25795642064095,-1.25027608264198,1.25411625164147,
33,33,2,13.871,3,33.1875032050464,30.0076079450705,1.597910374403,-1.60024296492338,1.25637391729684,-1.24964846434891,1.25301119082288,
34,34,2,14.205,3,33.1893695755606,30.0088462316152,1.59786231815815,-1.60416290163994,1.25771874711611,-1.24891579286774,1.25331726999192,
35,35,2,14.538,3,33.189964131916,30.0089892827684,1.59529261291027,-1.60550884902477,1.25801108927696,-1.24969381975902,1.25385245451799,
36,36,2,14.871,3,33.1917075678454,30.0088685833579,1.59971117973328,-1.59904025495052,1.25733280703501,-1.24985093387987,1.25359187045744,
37,37,2,15.205,3,33.1918617948699,30.0090541028222,1.59813035279512,-1.6027731820941,1.25842562096155,-1.25001577797821,1.25422069946988,
38,38,2,15.538,3,33.1935515866169,30.0089892827684,1.59716531634331,-1.60172060132027,1.2589484654633,-1.25004651162367,1.25449748854349,
39,39,2,15.871,3,33.1942199037232,30.0102029823962,1.5989325940609,-1.59901399165392,1.2584053181291,-1.24996064368092,1.25418298090501,
40,40,2,16.205,3,33.1945395336436,30.0110568189668,1.5984769910574,-1.60137247294188,1.2578138351525,-1.24969503047839,1.25375443281544,
41,41,2,16.538,3,33.1952279673183,30.0110411727469,1.59904677420855,-1.59896947443485,1.25910278561639,-1.25061117250969,1.25485697906304,
42,42,2,16.871,3,33.1955453620644,30.0116357291023,1.59944668412209,-1.59859843552113,1.25947224128765,-1.24954611199632,1.25450917664198,
43,43,2,17.205,3,33.1971546875377,30.0117027843304,1.60007514059544,-1.59922018647194,1.25870278256419,-1.2501571527473,1.25442996765575,
44,44,2,17.538,3,33.1961555646397,30.0115507924801,1.59814897924662,-1.59855596721172,1.25814044998464,-1.25132745271329,1.25473395134897,
45,45,2,17.871,3,33.196432726249,30.0113406860989,1.60086918622255,-1.59869343042374,1.25836033524802,-1.24912645803749,1.25374339664275,
46,46,2,18.205,3,33.1974609064125,30.0121207619186,1.59832593053579,-1.60117652267218,1.25793993623112,-1.25047389556,1.25420691589556,
47,47,2,18.538,3,33.1978453563867,30.0129678929663,1.59783158451319,-1.59696992486715,1.25893421622768,-1.25088535388005,1.25490978505387,
48,48,2,18.871,3,33.1981225179959,30.0135132754878,1.60192679613829,-1.59737821668386,1.25878064113267,-1.25114640360189,1.25496352236728,
49,49,2,19.205,3,33.1987617778367,30.0143179382245,1.60004384815693,-1.59794501960278,1.25795269535059,-1.25009056318215,1.25402162926637,
50,50,2,19.538,3,33.2001185286177,30.0144811059461,1.59806460142136,-1.59557014703751,1.25915633666528,-1.2501716813797,1.25466400902249,
51,51,2,19.871,3,33.1999933588587,30.0160949017679,1.60157978534698,-1.59426406025887,1.2596012294663,-1.24820593879001,1.25390358412815,
52,52,2,20.205,3,33.1997117269008,30.0166425194637,1.60308554768562,-1.59448124468327,1.25853570329163,-1.24974094468205,1.25413832398684,
53,53,2,20.538,3,33.2002839315136,30.0159116174779,1.59955490380526,-1.59385595470667,1.25930367189895,-1.25018537182177,1.25474452186036,
54,54,2,20.871,3,33.20130317098,30.0175969388764,1.6019195318222,-1.59211792051792,1.25936495292534,-1.2492566569355,1.25431080493042,
55,55,2,21.205,3,33.2015244532326,30.0189805117486,1.60224549472332,-1.59177966415882,1.25888578745303,-1.24962052467122,1.25425315606213,
56,56,2,21.538,3,33.2011824715695,30.0185692396831,1.5985144302249,-1.59299932420254,1.25792065785351,-1.24942317741451,1.25367191763401,
57,57,2,21.871,3,33.2014037538221,30.0181177344809,1.60081963986158,-1.59242283552885,1.25831693561535,-1.24794395774558,1.25313044668046,
58,58,2,22.205,3,33.2017457354852,30.0192532030093,1.60305891185999,-1.59107353538275,1.25783590749787,-1.25002248350086,1.25392919549936,
59,59,2,22.538,3,33.2024296988113,30.0192084995239,1.60099696367979,-1.59588754177094,1.257795674362,-1.25066612054247,1.25423089745224,
60,60,2,22.871,3,33.2040680815501,30.0190498021509,1.60080064088106,-1.59200225025415,1.25889863970477,-1.24972716110772,1.25431290040624,
61,61,2,23.205,3,33.2051119079335,30.019941636684,1.60185284912586,-1.59082431346178,1.25877384247777,-1.25031929601014,1.25454656924395,
62,62,2,23.538,3,33.2041954864834,30.020791002906,1.60043891519308,-1.59128904342651,1.25768391565126,-1.25035040218463,1.25401715891794,
63,63,2,23.871,3,33.2049375643406,30.0216090766883,1.60316172987223,-1.59252192825079,1.25935340452523,-1.24999752405546,1.25467546429034,
64,64,2,24.205,3,33.2064999511542,30.0223668007653,1.60402953624725,-1.5896936878562,1.25986088220425,-1.24932157011999,1.25459122616212,
65,65,2,24.538,3,33.2064485421461,30.0224271504706,1.60079523921013,-1.59060265868902,1.25806445406134,-1.24997507918105,1.25401976662119,
66,66,2,24.871,3,33.2062853744245,30.0231602876306,1.6044532880187,-1.58756971359253,1.25959480334043,-1.24914471196024,1.25436975765033,
67,67,2,25.205,3,33.2064217200548,30.0236587314925,1.60206854343414,-1.58781614154577,1.2590306081157,-1.24904999645289,1.25404030228429,
68,68,2,25.538,3,33.2069983950161,30.0230954675768,1.60100497305393,-1.59036479890347,1.2581296466426,-1.24984627726692,1.25398796195476,
69,69,2,25.871,3,33.207313554588,30.0241929381427,1.60381551831961,-1.58538650721312,1.259645001628,-1.25061275575809,1.25512887869305,
70,70,2,26.205,3,33.2081495097644,30.0239157765334,1.60528272390366,-1.58839989453554,1.25968076441544,-1.24848608062493,1.25408342252019,
71,71,2,26.538,3,33.2080086937855,30.0247897296723,1.60149484872818,-1.58686507493258,1.25788014532087,-1.24895630540038,1.25341822536063,
72,72,2,26.871,3,33.2088178268707,30.0251518279038,1.60332843661308,-1.58521663397551,1.25865128042499,-1.24857800216452,1.25361464129475,
73,73,2,27.205,3,33.2079617551258,30.0258447319271,1.60412676632404,-1.58912632614374,1.25820797087238,-1.24892287091942,1.2535654208959,
74,74,2,27.538,3,33.2099421195277,30.0258134394873,1.60322617739439,-1.5860415995121,1.25795884207968,-1.24839015439821,1.25317449823895,
75,75,2,27.871,3,33.2096157840845,30.0253328770196,1.60301029682159,-1.58524196594954,1.25835605116411,-1.24961782383571,1.25398693749991,
76,76,2,28.205,3,33.2105098537919,30.0259140223294,1.60358194261789,-1.59039776772261,1.25908816385173,-1.24984692919274,1.25446754652223,
77,77,2,28.538,3,33.2107490174386,30.0256078034546,1.60419121384621,-1.58868450671434,1.25883717241386,-1.24915877493134,1.2539979736726,
78,78,2,28.871,3,33.2123359911692,30.0257821470475,1.60287171602249,-1.58446002751589,1.25903573038994,-1.24831816316204,1.25367694677599,
79,79,2,29.205,3,33.2116162650548,30.0270874888203,1.60380303859711,-1.58874709159136,1.25911601039716,-1.2490402175657,1.25407811398143,
80,80,2,29.538,3,33.2119738929377,30.0271746606168,1.60253588110209,-1.58745106309652,1.25936681557052,-1.24931980060707,1.25434330808879,
81,81,2,29.871,3,33.2132814698848,30.0274495870518,1.60449147224426,-1.58313047140837,1.25913649949413,-1.24831834942656,1.25372742446034,
82,82,2,30.205,3,33.2131183021632,30.0280307323616,1.60245485603809,-1.58591121435165,1.2592772223374,-1.2491656667185,1.25422144452795,
83,83,2,30.538,3,33.2147119814166,30.0274652332717,1.60550624132156,-1.58704053610563,1.26007732157406,-1.24952227013803,1.25479979585604,
84,84,2,30.871,3,33.2138424986262,30.0284129471616,1.60414408892393,-1.58483982086182,1.25910958427129,-1.24848244846683,1.25379601636906,
85,85,2,31.205,3,33.2141531878495,30.0273870021723,1.60465333610773,-1.58577486872673,1.26021813754959,-1.2486824034268,1.2544502704882,
86,86,2,31.538,3,33.2143811756249,30.0283950657674,1.60377696156502,-1.58543456345797,1.26106396472539,-1.24883299828953,1.25494848150746,
87,87,2,31.871,3,33.2144169384132,30.0283905954189,1.60444043576717,-1.58314630389214,1.25927712920514,-1.24913986908277,1.25420849914396,
88,88,2,32.205,3,33.2141062491899,30.0287795157416,1.60607378929853,-1.58643964678049,1.25979624841654,-1.2489086216838,1.25435243505017,
89,89,2,32.538,3,33.2147119814166,30.0296512337063,1.60421375185251,-1.58361755311489,1.26058004950788,-1.24893572317115,1.25475788633952,
90,90,2,32.871,3,33.2153914743943,30.0294679494163,1.60419419407845,-1.58473197370768,1.25970637578665,-1.2485814480581,1.25414391192238,
91,91,2,33.205,3,33.21557252351,30.0295506508642,1.60603579133749,-1.58672649413347,1.26044398327755,-1.24916417660236,1.25480407993996,
92,92,2,33.538,3,33.2159480327871,30.0298971028758,1.60487461835146,-1.58395934849977,1.26020211880105,-1.24847471848934,1.2543384186452,
93,93,2,33.871,3,33.2159949714467,30.0290231497369,1.60328708589077,-1.58334225416183,1.25947820175222,-1.24843131885667,1.25395476030445,
94,94,2,34.205,3,33.215297597075,30.0302636714559,1.60505305975676,-1.58640816807747,1.25941487181613,-1.24904440851735,1.25422964016674,
95,95,2,34.538,3,33.2149533802376,30.0303866060406,1.60542782396078,-1.58428587019444,1.25906516018377,-1.24829776719733,1.25368146369055,
96,96,2,34.871,3,33.2164196545578,30.0306548269528,1.60356815904379,-1.58092360943556,1.2592511453049,-1.24854549900614,1.25389832215552,
97,97,2,35.205,3,33.216088848766,30.0308694036826,1.60535294562578,-1.5861077234149,1.25902688282534,-1.24915328012806,1.2540900814767,
98,98,2,35.538,3,33.2165090615285,30.0307688208405,1.60604510456324,-1.58348865807056,1.25936681557052,-1.24871127442708,1.2540390449988,
99,99,2,35.871,3,33.2169695074278,30.0312627943539,1.60520784556866,-1.58115215599537,1.25880392419741,-1.24745575844415,1.25312984132078,
100,100,2,36.205,3,33.2177361722019,30.0310996266323,1.60373356193304,-1.58417690545321,1.25911088812292,-1.24927295508082,1.25419192160187,
101,101,2,36.538,3,33.2183754320427,30.0305967124219,1.6049113124609,-1.58371403813362,1.26005077888026,-1.2493601268752,1.25470545287773,
102,102,2,36.871,3,33.21983500084,30.0312404426112,1.60548109561205,-1.58304460346699,1.2596740588928,-1.24809883669221,1.2538864477925,
103,103,2,37.205,3,33.2189118738671,30.0315176042205,1.60529594868422,-1.58228985965252,1.25943713042602,-1.24875923754044,1.25409818398323,
104,104,2,37.538,3,33.2192873831442,30.0316539498509,1.60457510501146,-1.58060789108276,1.25992300142097,-1.24960245701299,1.25476272921698,
105,105,2,37.871,3,33.2199288781593,30.0317344161245,1.603963971138,-1.58152971416712,1.25926790911151,-1.24874889985969,1.2540084044856,
106,106,2,38.205,3,33.2206307228796,30.0323870870109,1.60697512328625,-1.58422440290451,1.25946292806175,-1.24844240159549,1.25395266482862,
107,107,2,38.538,3,33.2210665818619,30.0322686227747,1.60588901489973,-1.57923568040133,1.26008020867409,-1.24862792105532,1.2543540648647,
108,108,2,38.871,3,33.2211381074385,30.0316517146766,1.6047079116106,-1.58185791224241,1.26070344975099,-1.24940017374654,1.25505181174877,
109,109,2,39.205,3,33.2224278029914,30.0326083692635,1.60668753087521,-1.58418361097574,1.26051830282019,-1.24927491085825,1.25489660683922,
110,110,2,39.538,3,33.222257929747,30.0330196413289,1.60692669451237,-1.57977417111397,1.26086652433641,-1.24866200746209,1.25476426589925,
111,111,2,39.871,3,33.2223965105517,30.0328363570389,1.60546321421862,-1.58089995384216,1.26029972140843,-1.24899467589107,1.25464719864975,
112,112,2,40.205,3,33.2227966067458,30.0330218765032,1.60554368048906,-1.58221423625946,1.26061432217917,-1.25012669849863,1.2553705103389,
113,113,2,40.538,3,33.2223071035809,30.0331448110879,1.60687826573849,-1.58168096095324,1.26143314099988,-1.2491479715893,1.25529055629459,
114,114,2,40.871,3,33.2232838747363,30.0330062302833,1.6065863892436,-1.58053748309612,1.26081139003911,-1.24905372174324,1.25493255589118,
115,115,2,41.205,3,33.2228815433679,30.0338846537708,1.60634592175484,-1.58176049590111,1.26036714916392,-1.24887732924479,1.25462223920435,
116,116,2,41.538,3,33.2230692980065,30.0334130320002,1.60474181175232,-1.57979726791382,1.26086233338476,-1.24970546129139,1.25528389733807,
117,117,2,41.871,3,33.2232056436369,30.034452388035,1.60724297165871,-1.58187113702297,1.26139979965117,-1.24896422164239,1.25518201064678,
118,118,2,42.205,3,33.2244506357044,30.0338645372024,1.60626526921988,-1.58244278281927,1.25990055654657,-1.24886168302529,1.25438111978593,
119,119,2,42.538,3,33.2242628810659,30.0344926211718,1.60623751580715,-1.57687719911337,1.26075877031281,-1.24883802743151,1.25479839887216,
120,120,2,42.871,3,33.224305349377,30.0348144862665,1.60612035542727,-1.58217940479517,1.26080701282294,-1.24934317680407,1.2550750948135,
121,121,2,43.205,3,33.2249021409067,30.0342556926994,1.60617139190435,-1.58215705305338,1.26024635662405,-1.2497492334531,1.25499779503857,
122,122,2,43.538,3,33.2257559774772,30.03436074589,1.60701777786016,-1.57909505069256,1.26134829751197,-1.248913371429,1.25513083447049,
123,123,2,43.871,3,33.2255637524901,30.0351072940957,1.60575434565544,-1.57799422740936,1.26050470551039,-1.24882461638622,1.2546646609483,
124,124,2,44.205,3,33.2252530632668,30.034427801118,1.60662848502398,-1.58152040094137,1.25985417668161,-1.25020306695097,1.25502862181629,
125,125,2,44.538,3,33.2264377056291,30.034901658063,1.60678047686815,-1.57779306173325,1.2611592390263,-1.24928021939701,1.25521972921166,
126,126,2,44.871,3,33.2255190490048,30.0356549117914,1.6071118414402,-1.5797546133399,1.26098722374402,-1.24905726076908,1.25502224225655,
127,127,2,45.205,3,33.2258900879333,30.0350312981705,1.60641968250275,-1.58004555851221,1.26037525167044,-1.24958364429668,1.25497944798356,
128,128,2,45.538,3,33.2259593783357,30.035876194044,1.60678401589394,-1.57654695212841,1.26041744058375,-1.24944534289214,1.25493139173794,
129,129,2,45.871,3,33.2262164233765,30.0352928135599,1.60805433988571,-1.58082693815231,1.2608767688849,-1.24871937693361,1.25479807290925,
130,130,2,46.205,3,33.2264801739402,30.0356124434803,1.60827990621328,-1.58167295157909,1.26015825350709,-1.25012604657281,1.25514215003995,
131,131,2,46.538,3,33.2269205032711,30.03602595072,1.60721316933632,-1.57877206802368,1.26072347318666,-1.24949721756037,1.25511034537352,
132,132,2,46.871,3,33.2266902803214,30.0352391693775,1.60664059221745,-1.57837253063917,1.26060081800162,-1.25017866629912,1.25538974215037,
133,133,2,47.205,3,33.2269987343705,30.0355140958125,1.60588547587395,-1.58222485333681,1.26070186650259,-1.2506190887517,1.25566047762715,
134,134,2,47.538,3,33.2275530575891,30.0364193413913,1.606510207057,-1.57853774726391,1.26070605745424,-1.24994872275177,1.255327390103,
135,135,2,47.871,3,33.2280045627913,30.036200294313,1.6079019755125,-1.57980360090733,1.26142438656753,-1.24956669422555,1.25549554039654,
136,136,2,48.205,3,33.2279598593059,30.0373536442355,1.60653050988913,-1.57944653183222,1.26109656101602,-1.24945186215026,1.25527421158314,
137,137,2,48.538,3,33.2271820186605,30.0376464520647,1.6065564006567,-1.57632324844599,1.26122852942696,-1.24940054627558,1.25531453785127,
138,138,2,48.871,3,33.2285745322298,30.0373737608039,1.60673130303621,-1.5814745798707,1.26281559625175,-1.24969056012996,1.25625307819085,
139,139,2,49.205,3,33.2299692809733,30.0372485910449,1.60772930830717,-1.57833080738783,1.26154685548806,-1.24934550511054,1.2554461802993,
140,140,2,49.538,3,33.22742788783,30.0377000962471,1.60725358873606,-1.57493818551302,1.26082582553925,-1.24856934086444,1.25469758320184,
141,141,2,49.871,3,33.2283756017199,30.0371882413396,1.60534027963877,-1.57845169305801,1.26087909719137,-1.24985288965731,1.25536599342434,
142,142,2,50.205,3,33.2285812377526,30.0381873642376,1.60765778273344,-1.58166587352753,1.26101246258619,-1.25031128663587,1.25566187461103,
143,143,2,50.538,3,33.2276648163025,30.0377224479898,1.60567946732044,-1.5782356262207,1.26120366311382,-1.25022662941248,1.25571514626315,
144,144,2,50.871,3,33.2280738531936,30.0378498529231,1.6065401956439,-1.5770947560668,1.2618448787167,-1.24937316539145,1.25560902205407,
145,145,2,51.205,3,33.228751110997,30.0378051494377,1.60535555332899,-1.57827753573656,1.25975014794836,-1.24948231639894,1.25461623217365,
146,146,2,51.538,3,33.2291668534109,30.0388780330866,1.60721465945244,-1.57598797231913,1.26112738779374,-1.24964762615858,1.25538750697616,
147,147,2,51.871,3,33.2298932850482,30.0384421741042,1.6064902767539,-1.58016569912434,1.26093367269512,-1.24972203883348,1.2553278557643,
148,148,2,52.205,3,33.2308097064983,30.0381784235406,1.60717703402042,-1.5785476192832,1.26080133175515,-1.24969056012996,1.25524594594255,
149,149,2,52.538,3,33.2299648106248,30.0387282764106,1.60710550844669,-1.57565083354712,1.26123923963674,-1.24922322245454,1.25523123104564,
150,150,2,52.871,3,33.229967045799,30.0391619002187,1.60597208887339,-1.57560836523771,1.26116063601018,-1.24946173416971,1.25531118508995,
151,151,2,53.205,3,33.2298262298201,30.03843993893,1.60796940326691,-1.58076584339142,1.26060789605331,-1.25037079814934,1.25548934710132,
152,152,2,53.538,3,33.2304453730925,30.0403890108921,1.6061982139945,-1.57551374286413,1.26137027672508,-1.24975165489183,1.25556096580846,
153,153,2,53.871,3,33.2306152463369,30.0399911498723,1.60705335438251,-1.57574377954006,1.26113763234222,-1.24883197383468,1.25498480308845,
154,154,2,54.205,3,33.2311382771157,30.0398279821507,1.60552803426981,-1.57683324068785,1.26056607966904,-1.24928785624225,1.25492696795564,
155,155,2,54.538,3,33.2309751093941,30.0402124321249,1.60815920680761,-1.57452374696732,1.26095714202437,-1.24977791818885,1.25536753010661,
156,156,2,54.871,3,33.2309304059088,30.0401453768968,1.60697847604752,-1.57939065247774,1.26191007129797,-1.24935295569126,1.25563151349461,
157,157,2,55.205,3,33.2309125245146,30.0407108759868,1.60785466432571,-1.57669708132744,1.26127453676288,-1.24934606390409,1.25531030033349,
158,158,2,55.538,3,33.2308521748094,30.040438184726,1.60763692110777,-1.57332476228476,1.26129223189208,-1.24887677045124,1.25508450117166,
159,159,2,55.871,3,33.231589782318,30.0403018390956,1.60674192011356,-1.57693102955818,1.26192273728518,-1.24948334085379,1.25570303906949,
160,160,2,56.205,3,33.2312165082151,30.0408181643516,1.60773247480392,-1.58011242747307,1.26196976907596,-1.250260622687,1.25611519588148,
161,161,2,56.538,3,33.2317328334711,30.0404404199003,1.60743165761232,-1.57329216599464,1.26206401892201,-1.24874573336289,1.25540487614245,
162,162,2,56.871,3,33.2317887128279,30.0409567451563,1.60707347095013,-1.57478824257851,1.26095043650173,-1.24939309569486,1.2551717660983,
163,163,2,57.205,3,33.2310332239251,30.0418932831748,1.60568282008171,-1.57636199146509,1.26058954899829,-1.24919304760264,1.25489129830046,
164,164,2,57.538,3,33.231531667787,30.0408181643516,1.60731952637434,-1.57465375959873,1.26065595229892,-1.24972054871734,1.25518825050813,
165,165,2,57.871,3,33.2316166044092,30.0412003791516,1.60685423761606,-1.57860312610865,1.26040887241593,-1.24996371704546,1.25518629473069,
166,166,2,58.205,3,33.2318043590477,30.0416049456941,1.60627737641335,-1.57521478831768,1.26079583695187,-1.24985503169926,1.25532543432557,
167,167,2,58.538,3,33.2321552814079,30.0419961011911,1.60787999629974,-1.57209206372499,1.26136925227024,-1.2494715130569,1.25542038266357,
168,168,2,58.871,3,33.2327788950288,30.0404873585599,1.6080841422081,-1.57773122191429,1.26163803196957,-1.2504026493819,1.25602034067573,
169,169,2,59.205,3,33.2330001772814,30.040954509982,1.60759501159191,-1.5789307653904,1.26196865148885,-1.25062896077115,1.25629880613,
170,170,2,59.538,3,33.2327878357259,30.041137794272,1.60584449768066,-1.57251190394163,1.26206476398009,-1.24916752936368,1.25561614667188,
171,171,2,59.871,3,33.2330024124556,30.0410550928241,1.60708148032427,-1.57636906951666,1.26175323657389,-1.25042155523047,1.25608739590218,
172,172,2,60.205,3,33.2327565432861,30.0418351686438,1.60572435706854,-1.57757177948952,1.26142187199654,-1.25077704106289,1.25609945652971,
173,173,2,60.538,3,33.2332393409281,30.0418217575982,1.6075586900115,-1.57458148896694,1.26205032847995,-1.25014607000849,1.25609819924422,
174,174,2,60.871,3,33.2329062999621,30.0409612155048,1.60640366375446,-1.57453250139952,1.26155095330745,-1.2498746826059,1.25571281795668,
175,175,2,61.205,3,33.2322759808184,30.0422442055349,1.60550177097321,-1.57472137361765,1.26118065944586,-1.25064553831325,1.25591309887955,
176,176,2,61.538,3,33.2329442979247,30.0418888128262,1.60757172852755,-1.57350581139326,1.2608123213617,-1.25046858702124,1.25564045419147,
177,177,2,61.871,3,33.2331544043059,30.0422598517548,1.6070244833827,-1.57572012394667,1.26137260503156,-1.24959984930974,1.25548622717065,
178,178,2,62.205,3,33.2331678153515,30.0427918232307,1.60656124353409,-1.576317101717,1.26019625146874,-1.2495318627607,1.25486405711472,
179,179,2,62.538,3,33.232839244734,30.0420765674648,1.6079131513834,-1.57194603234529,1.26015182738122,-1.24953037264456,1.25484110001289,
180,180,2,62.871,3,33.2333622755129,30.0432343877359,1.60757694393396,-1.57613307237625,1.26112561828082,-1.24994043398072,1.25553302613077,
181,181,2,63.205,3,33.2337288440929,30.043276856047,1.60624515265226,-1.57603099942207,1.26061525350176,-1.24963067608745,1.25512296479461,
182,182,2,63.538,3,33.2334338010895,30.0424990154015,1.60500630736351,-1.57202631235123,1.26068547522501,-1.24927807735506,1.25498177629004,
183,183,2,63.871,3,33.233254987148,30.0431516862879,1.60596240311861,-1.57453808933496,1.26040356387717,-1.24914610894412,1.25477483641064,
184,184,2,64.205,3,33.2333488644673,30.0433573223206,1.60710271447897,-1.57506838440895,1.26094214773068,-1.25015212360532,1.255547135668,
185,185,2,64.538,3,33.2342831673115,30.0429281688611,1.60921830683947,-1.57367773354053,1.26106228834473,-1.24958736958704,1.25532482896588,
186,186,2,64.871,3,33.234162467901,30.0425839520237,1.60662308335304,-1.57472938299179,1.26066247155705,-1.25009168076926,1.25537707616316,
187,187,2,65.205,3,33.2338674248975,30.043093571757,1.60721056163311,-1.57373175024986,1.26083634948451,-1.24997377532943,1.25540506240697,
188,188,2,65.538,3,33.2342585803945,30.0425079560986,1.60698238760233,-1.57337859272957,1.26055574198829,-1.25015379998598,1.25535477098714,
189,189,2,65.871,3,33.2342831673115,30.0438132978714,1.60866435617208,-1.57458409667015,1.26064850171821,-1.24896906451986,1.25480878311903,
190,190,2,66.205,3,33.2343301059711,30.043768594386,1.60713996738195,-1.5743950381875,1.26139411858338,-1.24940203639172,1.25539807748755,
191,191,2,66.538,3,33.2354186358399,30.0433886147604,1.60826686769724,-1.56960804015398,1.26145521334525,-1.24878391758906,1.25511956546715,
192,192,2,66.871,3,33.2347726704763,30.0445397295087,1.60691179335117,-1.57534442842007,1.26120887852032,-1.24949358540227,1.2553512319613,
193,193,2,67.205,3,33.2352062942844,30.0444659687578,1.60693768411875,-1.57604217529297,1.26054931586242,-1.24990858274816,1.25522894930529,
194,194,2,67.538,3,33.2350230099944,30.0441753961029,1.60793401300907,-1.5705268830061,1.26071537068014,-1.24913875149567,1.2549270610879,
195,195,2,67.871,3,33.2348352553558,30.044101635352,1.6065925359726,-1.57224647700787,1.26156734458503,-1.24925088273544,1.25540911366024,
196,196,2,68.205,3,33.2348576070985,30.0447163082759,1.60679873079062,-1.57368425279856,1.26086605867512,-1.2496791048621,1.25527258176861,
197,197,2,68.538,3,33.2354476931054,30.0444503225379,1.60631090402603,-1.5715416520834,1.26076771100967,-1.24976376208549,1.25526573654758,
198,198,2,68.871,3,33.2339143635572,30.0443653859157,1.60800535231829,-1.5737185254693,1.26096598958897,-1.24906173111751,1.25501386035324,
199,199,2,69.205,3,33.235045361737,30.0442916251649,1.60654317587614,-1.57440584152937,1.26052044486215,-1.24946359681489,1.25499202083852,
200,200,2,69.538,3,33.2360288384152,30.043643424627,1.60781089216471,-1.56978461891413,1.26153763539442,-1.24995757031637,1.25574760285539,
201,201,2,69.871,3,33.2356265070468,30.0446492530478,1.60759631544352,-1.57551486045122,1.26174830056417,-1.24952636795742,1.2556373342608,
202,202,2,70.205,3,33.2357159140176,30.0452438094032,1.60640794783831,-1.57460570335388,1.26099402239892,-1.24955700847062,1.25527551543477,
203,203,2,70.538,3,33.2361495378257,30.0446939565332,1.60851571708918,-1.57105419784784,1.26076528957093,-1.2496046921872,1.25518499087907,
204,204,2,70.871,3,33.2358477892994,30.0448928870431,1.60676036030054,-1.57185513526201,1.26101441836363,-1.24948706614415,1.25525074225389,
205,205,2,71.205,3,33.2364915194888,30.0449934698852,1.60711649805307,-1.57435350120068,1.26094009882099,-1.25051263857972,1.25572636870035,
206,206,2,71.538,3,33.2365049305344,30.0454226233447,1.60868149250746,-1.57140418887138,1.26088049417526,-1.24978006023081,1.25533027720303,
207,207,2,71.871,3,33.2366636279074,30.0461267032393,1.60955414175987,-1.57451406121254,1.26136804155087,-1.24934755402024,1.25535779778555,
208,208,2,72.205,3,33.2366189244221,30.0452616907974,1.60769894719124,-1.57257542014122,1.26136869347668,-1.24934047596856,1.25535458472262,
209,209,2,72.538,3,33.2359371962702,30.0453399218968,1.60665269941092,-1.56938284635544,1.26113176500991,-1.24931849675544,1.25522513088268,
210,210,2,72.871,3,33.2367664459238,30.0459680058662,1.60844624042511,-1.57520398497581,1.26098405724721,-1.24971375006243,1.25534890365482,
211,211,2,73.205,3,33.2364512863519,30.0456774332113,1.60718243569136,-1.57363768666983,1.26109721294184,-1.24948566916026,1.25529144105105,
212,212,2,73.538,3,33.2361718895684,30.044642547525,1.60815306007862,-1.57104749232531,1.26046968778102,-1.24940715866597,1.25493842322349,
213,213,2,73.871,3,33.2368670287659,30.0456863739084,1.60683672875166,-1.57311372458935,1.26077879374848,-1.24933600562013,1.2550573996843,
214,214,2,74.205,3,33.2370279613132,30.0454203881704,1.6091225668788,-1.57270580530167,1.2613600321766,-1.2500931708854,1.255726601531,
215,215,2,74.538,3,33.2383020106462,30.0469157197561,1.60941369831562,-1.57247465103865,1.26042805766127,-1.24972054871734,1.2550743031893,
216,216,2,74.871,3,33.2378460350955,30.0459098913352,1.60966962575912,-1.57377030700445,1.2614823148326,-1.25029405716796,1.25588818600028,
217,217,2,75.205,3,33.2383400086088,30.0456193186803,1.60897672176361,-1.57171506434679,1.26164343364059,-1.25048097361168,1.25606220362613,
218,218,2,75.538,3,33.2382640126837,30.0466966726778,1.6088305041194,-1.57061405479908,1.26158503971423,-1.24931113930699,1.25544808951061,
219,219,2,75.871,3,33.2382841292521,30.0468866624906,1.60833187401295,-1.57264117151499,1.26187700934604,-1.24924175577407,1.25555938256005,
220,220,2,76.205,3,33.2385054115047,30.0464731552509,1.60869620740414,-1.5732254832983,1.26193139858527,-1.25000441584262,1.25596790721394,
221,221,2,76.538,3,33.2385903481269,30.0465267994334,1.60978604108095,-1.57032180577517,1.26210816361276,-1.24935202436867,1.25573009399071,
222,222,2,76.871,3,33.2388563338648,30.046540210479,1.60685312002897,-1.57151333987713,1.2618063219615,-1.24962369116803,1.25571500656476,
223,223,2,77.205,3,33.2381723705386,30.0470274784695,1.60898398607969,-1.57320909202099,1.26230420701785,-1.25029731679703,1.25630076190744,
224,224,2,77.538,3,33.2389524463583,30.046274224741,1.60867888480425,-1.57141592353582,1.26151938147167,-1.24958690392574,1.2555531426987,
225,225,2,77.871,3,33.2387892786368,30.0464664497281,1.61026641726494,-1.5742052346468,1.26197246991146,-1.25031706083592,1.25614476537369,
226,226,2,78.205,3,33.2380114379913,30.0464619793796,1.60819478332996,-1.57112944871187,1.26229964353716,-1.25011915478565,1.25620939916141,
227,227,2,78.538,3,33.238058376651,30.0473135807759,1.60827878862619,-1.56923141330481,1.26125758669175,-1.24922946231589,1.25524352450382,
228,228,2,78.871,3,33.238874215259,30.0470967688718,1.60874165594578,-1.57386194914579,1.26217782654245,-1.24963142114552,1.25590462384399,
229,229,2,79.205,3,33.2387870434625,30.0472219386308,1.60777624696493,-1.57418008893728,1.26153828732023,-1.25035338241691,1.25594583486857,
230,230,2,79.538,3,33.2384852949362,30.0470118322496,1.61002557724714,-1.5682976692915,1.2608980961722,-1.24883551286052,1.25486680451636,
231,231,2,79.871,3,33.2391513768682,30.0472040572367,1.60769615322351,-1.57177187502384,1.26139663315437,-1.24957852202244,1.2554875775884,
232,232,2,80.205,3,33.2396364096845,30.0474543967548,1.60944368690252,-1.57220494002104,1.26155216402682,-1.25024059925132,1.25589638163907,
233,233,2,80.538,3,33.2388585690391,30.0481942394376,1.61118302494287,-1.5702199190855,1.26013143141651,-1.24898350001999,1.25455746571825,
234,234,2,80.871,3,33.2395961765477,30.047548274074,1.61027144640684,-1.57135855406523,1.26203328527656,-1.249654611078,1.25584394817728,
235,235,2,81.205,3,33.2390396181548,30.0489474931661,1.60883609205484,-1.5686234459281,1.26119211471371,-1.24930536510693,1.25524873991032,
236,236,2,81.538,3,33.2401750866832,30.0484848120925,1.61008052527905,-1.57010965049267,1.2614271805353,-1.24883635105085,1.25513176579308,
237,237,2,81.871,3,33.2394799474857,30.0490346649626,1.60962752997875,-1.57271884381771,1.2612529300788,-1.24903015928173,1.25514154468027,
238,238,2,82.205,3,33.2393368963325,30.0484714010469,1.6086271032691,-1.57076772302389,1.26159127957558,-1.2493877871561,1.25548953336584,
239,239,2,82.538,3,33.2400163893101,30.0492224196011,1.61130260676146,-1.5696344897151,1.26127043894349,-1.2488695992673,1.25507001910539,
240,240,2,82.871,3,33.2402913157452,30.0488223234071,1.60782113671303,-1.57213751226664,1.26252157771024,-1.24936133759456,1.2559414576524,
241,241,2,83.205,3,33.2403024916165,30.0478947260857,1.60912238061428,-1.57126896083355,1.26181237555833,-1.2498465566637,1.25582946611101,
242,242,2,83.538,3,33.2404835407323,30.0485764542375,1.60881821066141,-1.57009959220886,1.26197889603733,-1.24978145721469,1.25588017662601,
243,243,2,83.871,3,33.2399023954225,30.0486502149884,1.60720944404602,-1.57083291560411,1.26271380269272,-1.24984590473789,1.2562798537153,
244,244,2,84.205,3,33.2404276613755,30.0495621660899,1.60931125283241,-1.56841147691011,1.26238858484446,-1.24894792349707,1.25566825417077,
245,245,2,84.538,3,33.2404902462551,30.0492894748292,1.61044355481863,-1.57017763704062,1.26200897775697,-1.25001317027496,1.25601107401597,
246,246,2,84.871,3,33.2395425323652,30.0487195053907,1.60811189562082,-1.57348215579987,1.26198839552775,-1.24965684625221,1.25582262088998,
247,247,2,85.205,3,33.2401460294177,30.0487575033533,1.60840842872858,-1.56907215714455,1.26281401300335,-1.24998886275538,1.25640143787936,
248,248,2,85.538,3,33.2402600233054,30.0486658612083,1.60871893167496,-1.56927835196257,1.26237526693143,-1.24946387621167,1.25591957157155,
249,249,2,85.871,3,33.2406198863626,30.0491106608877,1.60631202161312,-1.57274138182402,1.26277322107393,-1.24955561148673,1.25616441628033,
250,250,2,86.205,3,33.2409328107602,30.0497745076455,1.60710345953703,-1.57270915806293,1.26328302705943,-1.24961502986795,1.25644902846369,
251,251,2,86.538,3,33.2390217367607,30.0495934585297,1.60638187080622,-1.5675151720643,1.2622662090562,-1.24912543358264,1.25569582131942,
252,252,2,86.871,3,33.2403404895791,30.0494347611566,1.60690415650606,-1.5716889873147,1.26255938940738,-1.24979449573095,1.25617694256916,
253,253,2,87.205,3,33.2391737286109,30.0495621660899,1.60609167069197,-1.57078448683023,1.26086158832669,-1.25030588496485,1.25558373664577,
254,254,2,87.538,3,33.2394330088261,30.0494548777251,1.60809718072414,-1.56905744224787,1.26049781372322,-1.24975836041447,1.25512808706885,
255,255,2,87.871,3,33.2396811131699,30.0497253338116,1.60650871694088,-1.57193895429373,1.2604232147838,-1.2497882558696,1.2551057353267,
256,256,2,88.205,3,33.239631939336,30.0496806303262,1.60597693175077,-1.5686733648181,1.26086233338476,-1.24957628684822,1.25521931011649,
257,257,2,88.538,3,33.2399850968704,30.0496761599776,1.60931814461946,-1.56993828713894,1.26052547400413,-1.24898806350068,1.25475676875241,
258,258,2,88.871,3,33.2400655631441,30.0500494340805,1.60664431750774,-1.57137848436832,1.26139532930274,-1.24909209223393,1.25524371076834,
259,259,2,89.205,3,33.2394665364401,30.0497610965998,1.6073863953352,-1.57253183424473,1.26128869286624,-1.24970946597852,1.25549907942238,
260,260,2,89.538,3,33.2398889843768,30.0508406857715,1.60638429224491,-1.56740751117468,1.26018069838149,-1.2490132092106,1.25459695379605,
261,261,2,89.871,3,33.240447777944,30.049837092525,1.60667300224304,-1.57000999897718,1.26159323535301,-1.24969093265899,1.255642084006,
262,262,2,90.205,3,33.2391178492542,30.0503757695237,1.605817489326,-1.57028324902058,1.26064859485047,-1.24992832678706,1.25528846081876,
263,263,2,90.538,3,33.2407025878106,30.0509747962276,1.60724595189095,-1.56839061528444,1.26018824209447,-1.24943863736949,1.25481343973198,
264,264,2,90.871,3,33.2402667288282,30.0504674116687,1.60807315260172,-1.57076939940453,1.26124426877872,-1.24956092002549,1.25540259440211,
265,265,2,91.205,3,33.2396632317757,30.0513681868989,1.60646494477987,-1.5669658780098,1.26132818094404,-1.24937288599467,1.25535053346935,
266,266,2,91.538,3,33.23966546695,30.0514508883468,1.60834155976772,-1.567761041224,1.2602587432145,-1.248915886,1.25458731460725,
267,267,2,91.871,3,33.2400722686669,30.0515157084006,1.60687025636435,-1.57006457448006,1.26084873607495,-1.24946303802134,1.25515588704815,
268,268,2,92.205,3,33.2401169721522,30.0518621604122,1.60771105438471,-1.56877171248198,1.26111267289682,-1.24921428175768,1.25516347732725,
269,269,2,92.538,3,33.2406198863626,30.0509055058253,1.6069320961833,-1.56660042703152,1.2605834022692,-1.24863909692639,1.2546112495978,
270,270,2,92.871,3,33.2405416552632,30.0518554548894,1.60620119422674,-1.57028492540121,1.26113101995184,-1.24963607775847,1.25538354885515,
271,271,2,93.205,3,33.239998507916,30.0515559415374,1.60741228610277,-1.56981404870749,1.26020221193331,-1.25002546373315,1.25511383783323,
272,272,2,93.538,3,33.241239029635,30.0514419476497,1.60803887993097,-1.56594477593899,1.26041650926116,-1.24903509529145,1.25472580227631,
273,273,2,93.871,3,33.2401527349405,30.051386068293,1.60621777176857,-1.56887695193291,1.26085898062344,-1.24921642379963,1.25503770221154,
274,274,2,94.205,3,33.2410333936023,30.0516431133339,1.6060521826148,-1.56780146062374,1.26146024248723,-1.2501612505667,1.25581074652696,
275,275,2,94.538,3,33.2412658517262,30.0518621604122,1.60853639245033,-1.56890675425529,1.26047639330367,-1.2494574500858,1.25496692169473,
276,276,2,94.871,3,33.2428058867972,30.0529775123722,1.60657204687595,-1.56789757311344,1.26147132522605,-1.24913381548594,1.25530257035599,
277,277,2,95.205,3,33.2409842197684,30.0517459313503,1.60749331116676,-1.56719125807285,1.26084203055231,-1.24910159172435,1.25497181113833,
278,278,2,95.538,3,33.2397749904892,30.0522354345151,1.60728693008423,-1.56853143125772,1.26028649662766,-1.24949051203773,1.25488850433269,
279,279,2,95.871,3,33.2408858721006,30.0522533159092,1.607003249228,-1.57047342509031,1.26102540797019,-1.24945474925029,1.25524007861024,
280,280,2,96.205,3,33.2413284366058,30.0525237719957,1.60678159445524,-1.56761109828949,1.26179505295816,-1.24981209772789,1.25580357534302,
281,281,2,96.538,3,33.2419587557495,30.052284608349,1.60717610269785,-1.56618971377611,1.26110587424192,-1.24887202070603,1.25498894747397,
282,282,2,96.871,3,33.2412144427181,30.0526936452401,1.60636324435472,-1.56938452273607,1.26144766963227,-1.2497045299688,1.25557609980054,
283,283,2,97.205,3,33.2409752790713,30.0518912176777,1.60744041204453,-1.56773217022419,1.26197572954053,-1.24974653261759,1.25586113107906,
284,284,2,97.538,3,33.2414424304934,30.0519225101175,1.60894375294447,-1.56623963266611,1.26031220113113,-1.24937847393021,1.25484533753067,
285,285,2,97.871,3,33.2413418476514,30.0532434981101,1.60564761608839,-1.56706031411886,1.2617772646967,-1.249194258322,1.25548576150935,
286,286,2,98.205,3,33.2415072505472,30.0540727477638,1.6068659722805,-1.56602077186108,1.26136655143473,-1.24923840301275,1.25530247722374,
287,287,2,98.538,3,33.2415899519952,30.0528970460985,1.6084648668766,-1.5663854777813,1.26095723515663,-1.248936747626,1.25494699139132,
288,288,2,98.871,3,33.2426829522124,30.0529372792354,1.60705056041479,-1.5678633004427,1.26214569591311,-1.24955672907384,1.25585121249348,
289,289,2,99.205,3,33.2413530235227,30.0530244510318,1.60575862973928,-1.56604368239641,1.26191621802706,-1.24900473417504,1.25546047610105,
290,290,2,99.538,3,33.242238152533,30.0534983079767,1.60720758140087,-1.56668294221163,1.26064635967625,-1.248411295421,1.25452882754862,
291,291,2,99.871,3,33.2411764447555,30.054282854145,1.60594247281551,-1.57011561095715,1.26044677724532,-1.24884743378967,1.25464710551749,
292,292,2,100.205,3,33.2413977270081,30.054041455324,1.60666797310114,-1.56567487865686,1.26152888096208,-1.24936096506553,1.2554449230138,
293,293,2,100.538,3,33.2414290194478,30.0547500055671,1.60724725574255,-1.56608745455742,1.26002749581552,-1.2482157176772,1.25412160674636,
294,294,2,100.871,3,33.2407964651298,30.0538984041708,1.60607248544693,-1.56795065850019,1.26010460932593,-1.2494329563017,1.25476878281381,
295,295,2,101.205,3,33.243170220203,30.0546918910361,1.60704925656319,-1.56775545328856,1.26173861480924,-1.24877004088248,1.25525432784586,
296,296,2,101.538,3,33.24114738749,30.053858171034,1.60756204277277,-1.56585648655891,1.25965058956354,-1.24904953079159,1.25435006017757,
297,297,2,101.871,3,33.2405595366574,30.0537061791837,1.60594899207354,-1.56737603247166,1.25974856469996,-1.24963235246811,1.25469045858403,
298,298,2,102.205,3,33.2416503017004,30.053017745509,1.6065701842308,-1.56723707914352,1.25982875157492,-1.24982634696351,1.25482754926921,
299,299,2,102.538,3,33.2428483551083,30.0540615718924,1.60797536373138,-1.56560689210892,1.25952374342685,-1.24948259579572,1.25450316961128,
300,300,2,102.871,3,33.2430964594521,30.0535944204703,1.607003249228,-1.56741999089718,1.26039806907389,-1.25003785032359,1.25521795969874,
301,301,2,103.205,3,33.2428550606311,30.0538626413825,1.6075111925602,-1.56524498015642,1.26093721172096,-1.24886494265435,1.25490107718765,
302,302,2,103.538,3,33.2429847007387,30.0542649727508,1.60835012793541,-1.56702920794487,1.26007275809337,-1.24941237407247,1.25474256608292,
303,303,2,103.871,3,33.2426047211131,30.053592185296,1.60614103078842,-1.56822018325329,1.26064365884074,-1.24966941910717,1.25515653897396,
304,304,2,104.205,3,33.2421867435248,30.0539811056187,1.60708911716938,-1.56744141131639,1.26127453676288,-1.25066127766501,1.25596790721394,
305,305,2,104.538,3,33.2428260033656,30.0535497169849,1.60668659955263,-1.56628489494324,1.25994442184053,-1.24988893184152,1.25491667684103,
306,306,2,104.871,3,33.2426963632581,30.0547030669075,1.6061183065176,-1.56728755682707,1.26126494414021,-1.24940781059178,1.25533637736599,
307,307,2,105.205,3,33.2433780914099,30.0542873244935,1.60783175379038,-1.56762711703777,1.26195570610485,-1.24997861820689,1.25596716215587,
308,308,2,105.538,3,33.2435166722146,30.0545376640116,1.60786584019661,-1.56333278864622,1.26081613978432,-1.2494168444209,1.25511649210261,
309,309,2,105.871,3,33.2433490341445,30.0554831427272,1.60602517426014,-1.56708620488644,1.26140454939638,-1.24922555076101,1.25531505007869,
310,310,2,106.205,3,33.2420861606828,30.0556954842827,1.60567332059145,-1.56490970402956,1.26037441348011,-1.24931169810054,1.25484305579033,
311,311,2,106.538,3,33.2431992774685,30.055065165139,1.60833112895489,-1.56558193266392,1.25964379090864,-1.24929819392299,1.25447099241581,
312,312,2,106.871,3,33.2431925719457,30.0552663308231,1.60417556762695,-1.56630389392376,1.26138629547362,-1.24960208448395,1.25549418997879,
313,313,2,107.205,3,33.2434652632064,30.0540794532866,1.60756297409534,-1.56381465494633,1.26158513284649,-1.24988837304797,1.25573675294723,
314,314,2,107.538,3,33.2432797437421,30.0558541816557,1.60762388259172,-1.565782725811,1.25985296596224,-1.2490538148755,1.25445339041887,
315,315,2,107.871,3,33.2433333879246,30.0559748810662,1.60582475364208,-1.56784243881702,1.26045944323254,-1.24948753180544,1.25497348751899,
316,316,2,108.205,3,33.2440553492133,30.055465261333,1.60592719912529,-1.56541801989079,1.26103202036057,-1.24980818617301,1.25542010326679,
317,317,2,108.538,3,33.2438273614379,30.0563883883059,1.60718876868486,-1.5647154301405,1.25978674892613,-1.24880664186025,1.25429669539319,
318,318,2,108.871,3,33.2444353288389,30.056131343265,1.60631984472275,-1.5683401376009,1.26095360299853,-1.24917423488633,1.25506391894243,
319,319,2,109.205,3,33.2429198806849,30.0558385354359,1.60651225596666,-1.56589578837156,1.26033688117976,-1.24932008000385,1.2548284805918,
320,320,2,109.538,3,33.2441671079267,30.0562900406381,1.60820744931698,-1.56564600765705,1.25961641002451,-1.24916082384104,1.25438861693277,
321,321,2,109.871,3,33.2437826579525,30.0557200711996,1.60432830452919,-1.56597290188074,1.26073520785129,-1.24960431965817,1.25516976375473,
322,322,2,110.205,3,33.2447236663196,30.0559659403692,1.60688813775778,-1.56474579125643,1.26096133297603,-1.24928990515195,1.25512561906399,
323,323,2,110.538,3,33.2444397991875,30.0557088953283,1.60754211246967,-1.56546831130981,1.25939494151272,-1.24923002110944,1.25431248131108,
324,324,2,110.871,3,33.2444800323243,30.0563660365632,1.60695239901543,-1.56652498990297,1.26004053433177,-1.24958224731279,1.25481139082228,
325,325,2,111.205,3,33.2438050096952,30.0563459199948,1.60702969878912,-1.56391188502312,1.26027215425978,-1.24881167100223,1.25454191263101,
326,326,2,111.538,3,33.245284695061,30.0560553473399,1.60892568528652,-1.56376268714666,1.25981571305866,-1.24915355952484,1.25448463629175,
327,327,2,111.871,3,33.2449807113604,30.0568264824625,1.606809720397,-1.56797040253878,1.25970991481249,-1.24967361005883,1.25469176243566,
328,328,2,112.205,3,33.2451416439078,30.0566655499152,1.6072828322649,-1.56454052776098,1.26084631463622,-1.24925404923225,1.25505018193424,
329,329,2,112.538,3,33.2446879035313,30.0562922758124,1.60782355815172,-1.56395770609379,1.25936420786726,-1.24839145824984,1.25387783305855,
330,330,2,112.871,3,33.2448398953815,30.0577183169957,1.60515066236258,-1.56508684158325,1.25984179009117,-1.24949740382489,1.25466959695803,
331,331,2,113.205,3,33.2458300775825,30.0578300757091,1.60844698548317,-1.56481899321079,1.26036994313168,-1.24922666834812,1.2547983057399,
332,332,2,113.538,3,33.2466146237507,30.0574679774776,1.60849597305059,-1.56322065740824,1.26016635601362,-1.24918243052511,1.25467439326937,
333,333,2,113.871,3,33.2459999508269,30.0580982966213,1.60710401833057,-1.56414676457644,1.26036780108973,-1.24894755096804,1.25465767602888,
334,334,2,114.205,3,33.2460312432666,30.0579485399453,1.60843450576067,-1.56326722353697,1.26040207376102,-1.24939132618194,1.25489669997148,
335,335,2,114.538,3,33.2471555359237,30.0585632128691,1.60877294838428,-1.56394019722939,1.26094224086294,-1.24893637509696,1.25493930797995,
336,336,2,114.871,3,33.2463464028385,30.0577607853068,1.60759091377258,-1.56515128910542,1.26133926368285,-1.24954788150924,1.25544357259605,
337,337,2,115.205,3,33.2472918815541,30.0579686565137,1.60910002887249,-1.56054180115461,1.26134839064423,-1.24878885359879,1.25506862212151,
338,338,2,115.538,3,33.2467934376922,30.0571639937771,1.6103882342577,-1.5658013522625,1.25993659873078,-1.24907421084021,1.2545054047855,
339,339,2,115.871,3,33.2470281309904,30.0584760410727,1.60733349621296,-1.56588610261679,1.26059197043702,-1.25027524445165,1.25543360744434,
340,340,2,116.205,3,33.2469342536711,30.0587062640223,1.60979516804218,-1.56169375404716,1.26056086426253,-1.24980148065037,1.25518117245645,
341,341,2,116.538,3,33.2474036402675,30.0585565073463,1.60965211689472,-1.56450271606445,1.26011224617116,-1.24828137591976,1.25419681104546,
342,342,2,116.871,3,33.2473477609108,30.0592315299754,1.60855781286955,-1.56595632433891,1.25959852863079,-1.24872952834983,1.25416402849031,
343,343,2,117.205,3,33.247591394906,30.0580915910985,1.60905290395021,-1.56284309923649,1.26008235071604,-1.24977549675012,1.25492892373308,
344,344,2,117.538,3,33.2475265748523,30.0583598120107,1.60959120839834,-1.56177366152406,1.25950353372666,-1.24863919005865,1.25407136189265,
345,345,2,117.871,3,33.2469342536711,30.0588940186609,1.60731766372919,-1.56541354954243,1.26009715874521,-1.24901730702999,1.2545572328876,
346,346,2,118.205,3,33.2474483437529,30.0584738058984,1.60906352102757,-1.56114110723138,1.25962963480528,-1.24880459295055,1.25421711387791,
347,347,2,118.538,3,33.2475109286324,30.0579977137792,1.61076616495848,-1.56291853636503,1.25940481353217,-1.24961279469373,1.25450880411295,
348,348,2,118.871,3,33.247799266113,30.0593812866514,1.60712487995625,-1.56254284083843,1.26092184489823,-1.24907625974991,1.25499905232407,
349,349,2,119.205,3,33.2477299757107,30.0598529084221,1.60855893045664,-1.56139433383942,1.26125255754977,-1.24866927177829,1.25496091466403,
350,350,2,119.538,3,33.247765738499,30.0595355136759,1.60903967916965,-1.56458541750908,1.26051327367821,-1.2496010600291,1.25505716685366,
351,351,2,119.871,3,33.2472740001599,30.0593455238631,1.60813368856907,-1.56294330954552,1.26239799120262,-1.25003133106546,1.25621466113404,
352,352,2,120.205,3,33.2475779838604,30.0595422191987,1.60848014056683,-1.56065421178937,1.26144338554836,-1.2494844584409,1.25546392199463,
353,353,2,120.538,3,33.2483647652029,30.059785853194,1.60969123244286,-1.56404580920935,1.26053329711388,-1.24905577065294,1.25479453388341,
354,354,2,120.871,3,33.2472963519026,30.0599221988244,1.60743836313486,-1.56524069607258,1.25965841267329,-1.24993587050003,1.25479714158666,
355,355,2,121.205,3,33.247857380644,30.0600630148033,1.60746965557337,-1.55975231900811,1.26180371425824,-1.24973489108522,1.25576930267173,
356,356,2,121.538,3,33.2470013088992,30.0605145200055,1.60806179046631,-1.56232500448823,1.26037683491885,-1.24855155260298,1.25446419376091,
357,357,2,121.871,3,33.2462324089508,30.0605413420967,1.60640440881252,-1.56477633863688,1.26022773017226,-1.24916007878297,1.25469390447762,
358,358,2,122.205,3,33.2474483437529,30.0594371660081,1.60800814628601,-1.56261641532183,1.26182802177783,-1.24978266793406,1.25580534485594,
359,359,2,122.538,3,33.2475511617692,30.059843967725,1.60811245441437,-1.56122175976634,1.26051159729755,-1.24928506227448,1.25489832978601,
360,360,2,122.871,3,33.2478506751212,30.0601166589857,1.60753410309553,-1.56289339065552,1.26130089319216,-1.24929241972294,1.25529665645755,
361,361,2,123.205,3,33.2468716687916,30.0598305566794,1.60632524639368,-1.56202549114823,1.26016961564268,-1.2498054853375,1.25498755049009,
362,362,2,123.538,3,33.247099656567,30.0594595177508,1.60819180309772,-1.56107665970922,1.26014493559406,-1.2495978935323,1.25487141456318,
363,363,2,123.871,3,33.2474952824125,30.0598506732478,1.60463117063046,-1.56249459832907,1.26001669247348,-1.25009531292736,1.25505600270042,
364,364,2,124.205,3,33.2464156932408,30.0600540741062,1.60718820989132,-1.56043777242303,1.25919861871085,-1.24948948758288,1.25434405314686,
365,365,2,124.538,3,33.2478707916896,30.0600496037577,1.60909164696932,-1.56589094549417,1.25944635051966,-1.24982504311188,1.25463569681577,
366,366,2,124.871,3,33.2475601024663,30.0598014994139,1.60650499165058,-1.56446360051632,1.25980453718759,-1.25074789066583,1.25527621392671,
367,367,2,125.205,3,33.2473522312593,30.0600898368945,1.60779990255833,-1.55996903777122,1.25985743631067,-1.250463464747,1.25516045052883,
368,368,2,125.538,3,33.2476629204826,30.0608743830628,1.60854440182447,-1.5619064681232,1.2592386655822,-1.24897828461349,1.25410847509785,
369,369,2,125.871,3,33.2484407611281,30.0602820618816,1.60869993269444,-1.56374517828226,1.25919805991729,-1.24990550938362,1.25455178465046,
370,370,2,126.205,3,33.2479803152288,30.0601300700313,1.60723682492971,-1.56098334118724,1.26036016424449,-1.24970210853007,1.25503113638728,
371,371,2,126.538,3,33.247832793727,30.0603178246699,1.6084685921669,-1.55979236587882,1.26018395801056,-1.2489424286938,1.25456319335218,
372,372,2,126.871,3,33.2476450390885,30.0611828371118,1.60548947751522,-1.56346186995506,1.2592121228884,-1.24972595038836,1.25446903663838,
373,373,2,127.205,3,33.2482328899211,30.0608967348054,1.60708073526621,-1.56011367216706,1.26012491215838,-1.2493201731361,1.25472254264724,
374,374,2,127.538,3,33.2482105381784,30.0607290967353,1.60897895693779,-1.56314559280872,1.25938367250939,-1.24970583382042,1.2545447531649,
375,375,2,127.871,3,33.2475511617692,30.0607067449926,1.60548873245716,-1.56138399615884,1.26034423862821,-1.25052083421851,1.25543253642336,
376,376,2,128.205,3,33.248856503542,30.060577104885,1.60844754427671,-1.55932893976569,1.25964611921511,-1.24924920635478,1.25444766278495,
377,377,2,128.538,3,33.2474058754418,30.0605324013997,1.60700231790543,-1.56340468674898,1.25813048483293,-1.24922331558679,1.25367690020986,
378,378,2,128.871,3,33.2488721497619,30.0614354118041,1.6077795997262,-1.56299658119678,1.25915987569112,-1.25042649124019,1.25479318346566,
379,379,2,129.205,3,33.2487358041315,30.0607782705692,1.60845275968313,-1.55926737934351,1.25999275748293,-1.25031454626493,1.25515365187393,
380,380,2,129.538,3,33.2498288043488,30.0600674851518,1.60959959030151,-1.56175037845969,1.2591179661746,-1.24979496139224,1.25445646378342,
381,381,2,129.871,3,33.2499629148049,30.0606620415072,1.60739943385124,-1.56521592289209,1.25903815182867,-1.25030718881647,1.25467267032257,
382,382,2,130.205,3,33.2497393973781,30.0609526141621,1.60833988338709,-1.55852679163218,1.26158019683676,-1.25026323039025,1.2559217136135,
383,383,2,130.538,3,33.2499919720704,30.0609168513739,1.61031652241945,-1.56095698475838,1.25918995741077,-1.24963393571651,1.25441194656364,
384,384,2,130.871,3,33.2495404668682,30.0604966386114,1.60642992705107,-1.56211527064443,1.2590539843127,-1.25027356807099,1.25466377619184,
385,385,2,131.205,3,33.2496186979676,30.0614130600615,1.60839147865772,-1.56044168397784,1.25977464173246,-1.24971691655924,1.25474577914585,
386,386,2,131.538,3,33.2490487285291,30.0618511542181,1.60836558789015,-1.56281478703022,1.25976132381943,-1.25035226482981,1.25505679432462,
387,387,2,131.871,3,33.249406356412,30.0605659290137,1.60696841776371,-1.56106352806091,1.25966148603784,-1.25099422549076,1.2553278557643,
388,388,2,132.205,3,33.2492342479934,30.0611873074603,1.60868596285582,-1.55992023646832,1.25973273221594,-1.24955654280932,1.25464463751263,
389,389,2,132.538,3,33.2509307452632,30.0622713669806,1.60919055342674,-1.56348533928394,1.25990884531761,-1.24954573946729,1.25472729239245,
390,390,2,132.871,3,33.2508391031182,30.0617952748614,1.60777177661657,-1.56310386955738,1.26027187486301,-1.25013768810518,1.25520478148409,
391,391,2,133.205,3,33.2507429906246,30.0620903178648,1.60754900425673,-1.55691336840391,1.26036910494135,-1.25002546373315,1.25519728433725,
392,392,2,133.538,3,33.2503563054762,30.0609168513739,1.61024704575539,-1.56305227428675,1.25910194742606,-1.24929083647453,1.2541963919503,
393,393,2,133.871,3,33.2507943996328,30.0617393955046,1.60807054489851,-1.56340170651674,1.25956146199172,-1.24952105941866,1.25454126070519,
394,394,2,134.205,3,33.251004506014,30.061866800438,1.609724201262,-1.55970863997936,1.26045916383576,-1.24975063043698,1.25510489713637,
395,395,2,134.538,3,33.2509396859602,30.0609481438136,1.60973034799099,-1.56097626313567,1.25965869207007,-1.24946760150202,1.25456314678605,
396,396,2,134.871,3,33.250763107193,30.0613415344849,1.60845164209604,-1.5599018894136,1.26021646116893,-1.24981144580207,1.2550139534855,
397,397,2,135.205,3,33.2514157780794,30.0621640786157,1.6081765294075,-1.56002156436443,1.26082778131669,-1.24930555137145,1.25506666634407,
398,398,2,135.538,3,33.2509106286947,30.0624188884823,1.61108057945967,-1.56216528266668,1.25954330120123,-1.24986564877678,1.25470447498901,
399,399,2,135.871,3,33.2507564016702,30.0627407535769,1.61000844091177,-1.56163964420557,1.2594072349709,-1.24996911871648,1.25468817684369,
400,400,2,136.205,3,33.2505865284258,30.0626513466062,1.60743314772844,-1.5584833920002,1.25941580313872,-1.24956259640616,1.25448919977244,
401,401,2,136.538,3,33.2506826409194,30.0621841951841,1.61152128130198,-1.56361777335405,1.25946208987142,-1.24913092838591,1.25429650912867,
402,402,2,136.871,3,33.250579822903,30.0626982852658,1.6077084466815,-1.56233087182045,1.26001035947987,-1.25028567526466,1.25514801737226,
403,403,2,137.205,3,33.2507318147533,30.062300424246,1.60905420780182,-1.55941611155868,1.26043234174518,-1.25007808345945,1.25525521260232,
404,404,2,137.538,3,33.2515431830127,30.0620165571139,1.60894989967346,-1.56118106096983,1.25926045853079,-1.24994173783235,1.25460109818157,
405,405,2,137.871,3,33.2507385202761,30.0622624262835,1.60845313221216,-1.56255103647709,1.26028081555987,-1.24988827991571,1.25508454773779,
406,406,2,138.205,3,33.2523165533096,30.0624390050507,1.60934720188379,-1.56001076102257,1.26055900161736,-1.249160451312,1.25485972646468,
407,407,2,138.538,3,33.2511810847812,30.0624479457478,1.61076225340366,-1.56000014394522,1.26058871080796,-1.24970117720748,1.25514494400772,
408,408,2,138.871,3,33.251062620545,30.0632839009242,1.6082251444459,-1.56017625704408,1.2604522720486,-1.25012669849863,1.25528948527361,
409,409,2,139.205,3,33.2498645671371,30.0634448334715,1.60719528794289,-1.5576608479023,1.26018535499444,-1.24906871603693,1.25462703551569,
410,410,2,139.538,3,33.2508972176491,30.0624479457478,1.61055214703083,-1.56248370185494,1.25955578092393,-1.2500291890235,1.25479248497372,
411,411,2,139.871,3,33.2515230664443,30.0638628110597,1.60704459995031,-1.55877908691764,1.26033501853458,-1.249475145215,1.25490508187479,
412,412,2,140.205,3,33.2514448353449,30.0634336576002,1.60828735679388,-1.55644239857793,1.26015974362323,-1.24954192104467,1.25485083233395,
413,413,2,140.538,3,33.2518471667132,30.0635364756165,1.61030180752277,-1.56128220260143,1.25970041532208,-1.2486651739589,1.25418279464049,
414,414,2,140.871,3,33.2517555245682,30.0634716555627,1.60849243402481,-1.5603263862431,1.25968383777999,-1.24953372540588,1.25460878159293,
415,415,2,141.205,3,33.2508167513755,30.063540945965,1.60809513181448,-1.55795300379395,1.26123821518189,-1.24971151488822,1.25547486503505,
416,416,2,141.538,3,33.250463593841,30.063690702641,1.60926152020693,-1.55853750184178,1.25921975973363,-1.24924250083214,1.25423113028289,
417,417,2,141.871,3,33.2512861379718,30.0635811791019,1.60659346729517,-1.55993038788438,1.25927340391479,-1.24952515723806,1.25439928057642,
418,418,2,142.205,3,33.2517734059624,30.0638002261802,1.60751864314079,-1.55741889029741,1.25958120603062,-1.24923057990299,1.25440589296681,
419,419,2,142.538,3,33.2514023670338,30.063782344786,1.60966161638498,-1.56098445877433,1.25919312390757,-1.24943528460817,1.25431420425787,
420,420,2,142.871,3,33.2517398783483,30.0637398764749,1.60624850541353,-1.55976787209511,1.26019615833648,-1.24991854789987,1.25505735311817,
421,421,2,143.205,3,33.2521086821026,30.064347843876,1.60820353776217,-1.55577892437577,1.26168031401513,-1.24970443683654,1.25569237542584,
422,422,2,143.538,3,33.2518091687507,30.0638717517568,1.60839892923832,-1.55978314578533,1.25855023192403,-1.24857688457741,1.25356355825072,
423,423,2,143.871,3,33.2511900254783,30.0654497847903,1.60693414509296,-1.55976871028543,1.25922506827239,-1.24899020554264,1.25410763690751,
424,424,2,144.205,3,33.2509396859602,30.0644372508467,1.60893686115742,-1.55723374336958,1.26027867351791,-1.24939886989492,1.25483877170641,
425,425,2,144.538,3,33.2514604815648,30.0642874941707,1.60843878984451,-1.55750056728721,1.25980891440376,-1.24895434962294,1.25438163201335,
426,426,2,144.871,3,33.2513733097683,30.0650742755132,1.60705391317606,-1.56014487147331,1.25869104789956,-1.24912524731812,1.25390814760884,
427,427,2,145.205,3,33.2518181094477,30.0652016804465,1.60836521536112,-1.55731262639165,1.25951694477195,-1.24847155199254,1.25399424838224,
428,428,2,145.538,3,33.2511676737356,30.0641377374947,1.61025542765856,-1.56097412109375,1.25938050601258,-1.2501446730246,1.25476258951859,
429,429,2,145.871,3,33.2516415306805,30.0645937130455,1.60592794418335,-1.55768571421504,1.26013571550042,-1.24954192104467,1.25483881827254,
430,430,2,146.205,3,33.2517689356138,30.0651793287038,1.60837341099977,-1.55704384669662,1.25976495597753,-1.24916473539591,1.25446484568672,
431,431,2,146.538,3,33.2524886617283,30.0645914778712,1.61081496626139,-1.56038906425238,1.25928318280198,-1.24866573275245,1.25397445777721,
432,432,2,146.871,3,33.2524573692885,30.0648105249496,1.60887334495783,-1.56046627089381,1.26052249377185,-1.25013461474064,1.25532855425624,
433,433,2,147.205,3,33.2523970195833,30.0643098459134,1.60760879516602,-1.55644398182631,1.26068556835727,-1.24969978022359,1.25519267429043,
434,434,2,147.538,3,33.2517845818337,30.0640393898269,1.60812009125948,-1.5591086819768,1.25951126370415,-1.24971840667538,1.25461483518977,
435,435,2,147.871,3,33.2522427925588,30.0648932263975,1.60627625882626,-1.55929708853364,1.2593187593249,-1.24878773601168,1.25405324766829,
436,436,2,148.205,3,33.2512526103578,30.0649356947086,1.60706676542759,-1.55627196654677,1.25894390198262,-1.24840933964356,1.25367662081309,
437,437,2,148.538,3,33.2521153876255,30.0653179095085,1.61026977002621,-1.56038654968143,1.2596012294663,-1.24947011607302,1.25453567276966,
438,438,2,148.871,3,33.2515610644069,30.0650988624302,1.60628296434879,-1.55652593821287,1.25903284328991,-1.24941628562734,1.25422456445863,
439,439,2,149.205,3,33.2515007147016,30.0652486191062,1.60828363150358,-1.55725795775652,1.25907140004512,-1.24931840362318,1.25419490183415,
440,440,2,149.538,3,33.251820344622,30.0647613511156,1.60825736820698,-1.56108140945435,1.25894967618267,-1.24951370197021,1.25423168907644,
441,441,2,149.871,3,33.2528842875738,30.065322379857,1.60785894840956,-1.55928116291761,1.2600667976288,-1.25010574374036,1.25508627068458,
442,442,2,150.205,3,33.2517555245682,30.0656755373914,1.6079368069768,-1.55549766495824,1.25965971652492,-1.24909944968239,1.25437958310365,
443,443,2,150.538,3,33.2523389050523,30.0649021670946,1.60942915827036,-1.55817372724414,1.25863349216353,-1.24898107858126,1.2538072853724,
444,444,2,150.871,3,33.2523411402266,30.0650027499366,1.60749852657318,-1.55896134674549,1.25863516854419,-1.24944767119861,1.2540414198714,
445,445,2,151.205,3,33.2526250073587,30.0649625167998,1.60692241042852,-1.55665371567011,1.26016356204585,-1.24935221063318,1.25475788633952,
446,446,2,151.538,3,33.2521556207623,30.065230737712,1.609867811203,-1.55834052711725,1.25907372835159,-1.24929167466487,1.25418270150823,
447,447,2,151.871,3,33.2524886617283,30.0654363737447,1.60536821931601,-1.55690303072333,1.25942204300007,-1.25006001580122,1.25474102940064,
448,448,2,152.205,3,33.2512771972748,30.0661985681703,1.60685237497091,-1.5570311807096,1.25895610230854,-1.24906620146594,1.25401115188724,
449,449,2,152.538,3,33.2524305471973,30.0660733984112,1.60870645195246,-1.56005742028356,1.25919312390757,-1.24903407083661,1.25411359737209,
450,450,2,152.871,3,33.2517644652653,30.0656889484371,1.60624608397484,-1.55805321410298,1.25873593764838,-1.24973982709494,1.25423788237166,
451,451,2,153.205,3,33.2520550379202,30.0662365661328,1.606928370893,-1.55455134809017,1.25910120236799,-1.24922545762875,1.25416332999837,
452,452,2,153.538,3,33.2526339480557,30.0662611530498,1.60895138978958,-1.55657734721899,1.25792168230836,-1.24871090189804,1.2533162921032,
453,453,2,153.871,3,33.2514247187765,30.0660868094569,1.60653609782457,-1.56071474775672,1.25799246282517,-1.24941880019833,1.25370563151175,
454,454,2,154.205,3,33.2513643690712,30.0664064393772,1.60682797431946,-1.55592206865549,1.25922059792396,-1.24932315336839,1.25427187564618,
455,455,2,154.538,3,33.2515185960958,30.0657358870967,1.61016881465912,-1.55831836163998,1.25869700836413,-1.24926373498718,1.25398037167566,
456,456,2,154.871,3,33.2534453163152,30.0664310262942,1.60640645772219,-1.55635150149465,1.25937016833184,-1.24921465428671,1.25429241130927,
457,457,2,155.205,3,33.2524372527201,30.0665830181445,1.60785466432571,-1.55537109822035,1.25989841450461,-1.24892538549041,1.25441189999751,
458,458,2,155.538,3,33.252028215829,30.0663058565352,1.60815510898829,-1.5592054463923,1.25853439944001,-1.24941628562734,1.25397534253367,
459,459,2,155.871,3,33.252911109665,30.0666076050614,1.60732977092266,-1.55683783814311,1.25727320238928,-1.25016544151835,1.25371932195382,
460,460,2,156.205,3,33.2530072221586,30.0669875846871,1.6078919172287,-1.55406771227717,1.25944728184225,-1.24903164939787,1.25423946562006,
461,461,2,156.538,3,33.2529513428019,30.0667461858661,1.60936191678047,-1.55820222571492,1.25915168005234,-1.24899951876853,1.25407559941044,
462,462,2,156.871,3,33.2537068317046,30.0661851571247,1.60802006721497,-1.557856798172,1.25938525575779,-1.24916240708944,1.25427383142361,
463,463,2,157.205,3,33.252327729181,30.0668355928368,1.60533171147108,-1.55346244573593,1.25923242572085,-1.24905549125616,1.25414395848851,
464,464,2,157.538,3,33.2531636843574,30.0670166419525,1.60893779247999,-1.55596565455198,1.25920774567223,-1.24929232659068,1.25425003613145,
465,465,2,157.871,3,33.2533693203901,30.0667327748204,1.60661544650793,-1.55553417280316,1.25921659323683,-1.2496561943264,1.25443639378161,
466,466,2,158.205,3,33.2528038213001,30.0668311224883,1.60769391804934,-1.55636155977845,1.25915326330074,-1.24894131110669,1.25404728720371,
467,467,2,158.538,3,33.2531078050007,30.0665606664018,1.60854663699865,-1.55837098136544,1.25878650846499,-1.24899262698137,1.25388956772318,
468,468,2,158.871,3,33.2531033346521,30.0675933169138,1.6083549708128,-1.55608765780926,1.25908956083562,-1.24975845354673,1.25442400719117,
469,469,2,159.205,3,33.2535235474146,30.0672021614168,1.60690173506737,-1.5543301589787,1.25981487486833,-1.24873446435956,1.25427466961394,
470,470,2,159.538,3,33.2541337499899,30.0673228608273,1.60943605005741,-1.55657865107059,1.25922478887561,-1.2483525289656,1.25378865892061,
471,471,2,159.871,3,33.2535280177631,30.0673675643127,1.60731505602598,-1.55821330845356,1.25863498227967,-1.24892827259044,1.25378162743505,
472,472,2,160.205,3,33.2538007090239,30.0679375337512,1.60611849278212,-1.55311599373817,1.25954814407869,-1.24884743378967,1.25419778893418,
473,473,2,160.538,3,33.2536822447877,30.0690037118772,1.61054451018572,-1.55583433806896,1.25913389179088,-1.24833529949769,1.25373459564428,
474,474,2,160.871,3,33.2530675718638,30.0678458916062,1.60642173141241,-1.55357727780938,1.2585103713172,-1.24901134656542,1.25376085894131,
475,475,2,161.205,3,33.2540309319735,30.0682012843148,1.60811766982079,-1.55477793887258,1.26020454023979,-1.24822801113538,1.25421627568758,
476,476,2,161.538,3,33.2541784534753,30.0682728098914,1.60955470055342,-1.55832702293992,1.2592953831279,-1.24888971583523,1.25409254948156,
477,477,2,161.871,3,33.2546768973371,30.069001476703,1.60939879715443,-1.55511815100908,1.25925934094369,-1.2489206357452,1.25408998834444,
478,478,2,162.205,3,33.2533872017842,30.068035881419,1.60718578845263,-1.55478734523058,1.25898664968947,-1.24949535491519,1.25424100230233,
479,479,2,162.538,3,33.2539325843057,30.0686483191685,1.60945933312178,-1.55393248423934,1.25944839942936,-1.2481585344702,1.25380346694978,
480,480,2,162.871,3,33.2537671814099,30.06809399595,1.60643048584461,-1.5566049143672,1.25869179295763,-1.24865204231039,1.25367191763401,
481,481,2,163.205,3,33.2536286006052,30.0683398651195,1.60647910088301,-1.5533871948719,1.25912131893592,-1.24883867935732,1.25397999914662,
482,482,2,163.538,3,33.2539661119198,30.0681364642611,1.60923637449741,-1.55581356957555,1.25878185185204,-1.24925498055484,1.25401841620344,
483,483,2,163.871,3,33.2539124677373,30.0684963273183,1.60640515387058,-1.55491204932332,1.25835139455117,-1.24955421450285,1.25395280452701,
484,484,2,164.205,3,33.2534944901491,30.0679487096225,1.60686727613211,-1.55272660776973,1.2593167104152,-1.24886168302529,1.25408919672024,
485,485,2,164.538,3,33.2538208255923,30.0676022576109,1.6082800924778,-1.55815677717328,1.25846082495543,-1.24935165183963,1.25390623839753,
486,486,2,164.871,3,33.2542611549232,30.0682593988458,1.60906706005335,-1.55742056667805,1.25817341880431,-1.25035878408793,1.25426610144612,
487,487,2,165.205,3,33.2532553265024,30.0688696014211,1.60643588751554,-1.55380042269826,1.25903358834799,-1.24970555442365,1.25436957138582,
488,488,2,165.538,3,33.2536442468251,30.0682169305347,1.60843469202518,-1.55440904200077,1.25951340574611,-1.24880654872799,1.25415997723705,
489,489,2,165.871,3,33.2544354985161,30.0679800020623,1.60834975540638,-1.55637636780739,1.25945082086809,-1.24939840423362,1.25442461255086,
490,490,2,166.205,3,33.2534050831784,30.0687153743966,1.60537287592888,-1.55330635607243,1.25976011310007,-1.24827867508425,1.25401939409216,
491,491,2,166.538,3,33.2541069278987,30.0689612435661,1.60965658724308,-1.55680887401104,1.25816745833974,-1.24966876718136,1.25391811276055,
492,492,2,166.871,3,33.2540979872016,30.0684560941814,1.60597171634436,-1.55367637053132,1.25861235114075,-1.24942233922417,1.25401734518246,
493,493,2,167.205,3,33.2528909930966,30.0680805849043,1.60677805542946,-1.55264474451542,1.25884536805264,-1.24872515113366,1.25378525959315,
494,494,2,167.538,3,33.2550814638797,30.0689031290351,1.6086058691144,-1.55767574906349,1.25888215529493,-1.24923337387076,1.25405776458285,
495,495,2,167.871,3,33.2546232531547,30.0679911779336,1.60855781286955,-1.55543424189091,1.25805402324833,-1.24978276106632,1.25391839215732,
496,496,2,168.205,3,33.2540734002846,30.0685700880691,1.60626191645861,-1.55323296785355,1.25895973446664,-1.24965032699409,1.25430503073036,
497,497,2,168.538,3,33.2547059546026,30.0677229570214,1.60783659666777,-1.55432876199484,1.25937948155773,-1.24943966182434,1.25440957169104,
498,498,2,168.871,3,33.2551149914938,30.0686237322516,1.6074113547802,-1.55663639307022,1.2585405461691,-1.24929977717139,1.25392016167025,
499,499,2,169.205,3,33.253726948273,30.0695446240502,1.60459615290165,-1.55271831899881,1.25967340696698,-1.24855248392557,1.25411294544627,
500,500,2,169.538,3,33.2547707746564,30.0686237322516,1.60911288112402,-1.55527265742421,1.25865416752502,-1.24958140912246,1.25411778832374,
501,501,2,169.871,3,33.2541113982472,30.0682951616341,1.60706993192434,-1.55373923480511,1.25856913777259,-1.25003421816549,1.25430167796904,
502,502,2,170.205,3,33.2542656252717,30.068760077882,1.6063641756773,-1.55430668964982,1.25904578867391,-1.24885274232843,1.25394926550117,
503,503,2,170.538,3,33.254775245005,30.0691400575076,1.60737670958042,-1.55752114951611,1.25935983065109,-1.24914759906027,1.25425371485568,
504,504,2,170.871,3,33.2539370546543,30.0692093479099,1.60900596529245,-1.55569687485695,1.25934977236713,-1.24999435755866,1.25467206496289,
505,505,2,171.205,3,33.2541583369068,30.069401572897,1.60569250583649,-1.55318370088935,1.25919209945272,-1.24974476310467,1.25446843127869,
506,506,2,171.538,3,33.2557363699404,30.0695423888759,1.60872098058462,-1.5542970970273,1.25895768555694,-1.24884510548319,1.25390139552007,
507,507,2,171.871,3,33.2544779668272,30.0696988510747,1.60804651677608,-1.555485278368,1.25796200857649,-1.24931840362318,1.25364020609984,
508,508,2,172.205,3,33.2546321938518,30.0696385013695,1.60548817366362,-1.55364777892828,1.25908928143884,-1.24897968159738,1.25403448151811,
509,509,2,172.538,3,33.2559643577158,30.0705571579938,1.60940047353506,-1.55446035787463,1.25918036478809,-1.24919518964459,1.25418777721634,
510,510,2,172.871,3,33.2546567807687,30.0702643501646,1.60741601139307,-1.5523636713624,1.25883819686871,-1.2491021505179,1.2539701736933,
511,511,2,173.205,3,33.2554077993229,30.0702218818535,1.60544235259295,-1.55376242473722,1.25946609455856,-1.24858005107422,1.25402307281639,
512,512,2,173.538,3,33.2554256807171,30.0689925360059,1.60936117172241,-1.55730899423361,1.25896802323768,-1.24910755218892,1.2540377877133,
513,513,2,173.871,3,33.2553899179288,30.0701548266255,1.60904563963413,-1.5551446005702,1.25827437417301,-1.25027803841942,1.25427620629622,
514,514,2,174.205,3,33.2558905969649,30.0701436507542,1.60683020949364,-1.55272949486971,1.25957328978861,-1.24952245640255,1.25454787309558,
515,515,2,174.538,3,33.2561968158397,30.0689679490889,1.60877481102943,-1.55501263216138,1.25910045730991,-1.24915346639258,1.25412696185125,
516,516,2,174.871,3,33.255383212406,30.0694485115567,1.60763133317232,-1.55535023659468,1.25883484410738,-1.24911015989217,1.25397250199978,
517,517,2,175.205,3,33.2553027461323,30.0699737775097,1.60625148564577,-1.55271627008915,1.25959955308564,-1.2490501827174,1.25432486790152,
518,518,2,175.538,3,33.2549652348178,30.0694686281251,1.60964969545603,-1.55475195497274,1.25927657041159,-1.24964762615858,1.25446209828508,
519,519,2,175.871,3,33.2560358832924,30.0705638635166,1.60741023719311,-1.5524129383266,1.25824410618885,-1.2495162165412,1.25388016136503,
520,520,2,176.205,3,33.2558280120854,30.0705705690394,1.60795021802187,-1.55379762873054,1.25928020256969,-1.24893656136148,1.25410838196559,
521,521,2,176.538,3,33.2563845704783,30.0702777612103,1.6092961654067,-1.55553091317415,1.25929920155052,-1.24958112972569,1.2544401656381,
522,522,2,176.871,3,33.2565633844197,30.0704297530605,1.61042176187038,-1.55382286757231,1.25876806827771,-1.25076428194341,1.25476617511056,
523,523,2,177.205,3,33.2561521123543,30.0709125507025,1.60756222903728,-1.55227826908231,1.26015201364574,-1.2496353327004,1.25489367317307,
524,524,2,177.538,3,33.2564851533203,30.0701995301109,1.60973817110062,-1.55539382249117,1.25951536152354,-1.24904757501415,1.25428146826885,
525,525,2,177.871,3,33.2569098364313,30.0707225608897,1.60940792411566,-1.55489007011056,1.25936942327377,-1.24923868240952,1.25430405284164,
526,526,2,178.205,3,33.2561476420058,30.0700251865179,1.60504747182131,-1.5538246370852,1.259444674139,-1.24950261923139,1.25447364668519,
527,527,2,178.538,3,33.2564091573952,30.0699313091986,1.61048099398613,-1.5541517175734,1.25956164825624,-1.24985996770899,1.25471080798262,
528,528,2,178.871,3,33.2563130449017,30.0705146896827,1.60664524883032,-1.55120547860861,1.25871554168367,-1.24958215418054,1.2541488479321,
529,529,2,179.205,3,33.2564918588431,30.0703045833015,1.60730239003897,-1.55410813167691,1.25959452394365,-1.24907169626922,1.25433311010644,
530,530,2,179.538,3,33.256690789353,30.0706532704874,1.60892568528652,-1.55570507049561,1.25950856286864,-1.24970862778819,1.25460859532842,
531,531,2,179.871,3,33.2562973986818,30.0710600722042,1.61104947328568,-1.55220478773117,1.25861263053752,-1.24962881344227,1.2541207219899,
532,532,2,180.205,3,33.2560537646865,30.0704945731143,1.60776674747467,-1.55256064608693,1.25979829732624,-1.24899970503305,1.25439900117965,
533,533,2,180.538,3,33.256049294338,30.070516924857,1.60958562046289,-1.55469896271825,1.25970330242211,-1.24943556400495,1.25456943321353,
534,534,2,180.871,3,33.2566840838302,30.0713640559047,1.60816758871078,-1.55402654781938,1.25845560954893,-1.24919556217363,1.25382558586128,
535,535,2,181.205,3,33.2562549303707,30.0713864076474,1.60679630935192,-1.55191598460078,1.25980463031985,-1.24952646108968,1.25466554570476,
536,536,2,181.538,3,33.2561208199146,30.0710019576733,1.60983838140965,-1.55254025012255,1.25911247137132,-1.24912478165682,1.25411862651407,
537,537,2,181.871,3,33.2556447277954,30.0717462707047,1.60817094147205,-1.55084831640124,1.25919824618181,-1.24941703068541,1.25430763843361,
538,538,2,182.205,3,33.2559509466702,30.0718088555842,1.60701125860214,-1.55398333445191,1.25955168310453,-1.24902559580104,1.25428863945279,
539,539,2,182.538,3,33.2578754317153,30.0712031233574,1.60942040383816,-1.55721614137292,1.25996118564714,-1.24987747657367,1.25491933111041,
540,540,2,182.871,3,33.2570506524103,30.071757446576,1.60961728543043,-1.55299594625831,1.25950530323958,-1.2501310757148,1.25481818947719,
541,541,2,183.205,3,33.2565119754116,30.0712679434112,1.60667188465595,-1.55258122831583,1.26067057406358,-1.24952944132197,1.25510000769277,
542,542,2,183.538,3,33.2564851533203,30.0708566713458,1.60962361842394,-1.55425211414695,1.25885049032689,-1.2496348670391,1.25424267868299,
543,543,2,183.871,3,33.2574462782558,30.0717261541362,1.60976499319077,-1.55449286103249,1.25961920399227,-1.24959277125806,1.25460598762517,
544,544,2,184.205,3,33.2568025480665,30.0717127430906,1.60635076463223,-1.55120799317956,1.25934269431545,-1.24924371155151,1.25429320293348,
545,545,2,184.538,3,33.2566393803449,30.0727185715114,1.60984825342894,-1.55258821323514,1.25946525636823,-1.24941926585963,1.25444226111393,
546,546,2,184.871,3,33.2570931207214,30.0730337310833,1.60770025104284,-1.54962381348014,1.25877682271006,-1.24902680652041,1.25390181461523,
547,547,2,185.205,3,33.2569545399167,30.072182129687,1.60617846995592,-1.55406817793846,1.25952579233655,-1.24829357624568,1.25390968429111,
548,548,2,185.538,3,33.2558436583053,30.0720457840566,1.60962976515293,-1.55538311228156,1.25986255858492,-1.24900296466212,1.25443276162352,
549,549,2,185.871,3,33.2566885541788,30.0718446183725,1.60987209528685,-1.55140068382025,1.25988360647544,-1.24953651937365,1.25471006292454,
550,550,2,186.205,3,33.2571780573436,30.0722514200893,1.60725396126509,-1.5515779145062,1.26056580027226,-1.24828472868108,1.25442526447667,
551,551,2,186.538,3,33.256657261739,30.0724078822881,1.60933937877417,-1.55365131795406,1.25919256511402,-1.24818898871888,1.25369077691645,
552,552,2,186.871,3,33.2570774745015,30.0726828087232,1.60808954387903,-1.55411250889301,1.2596901707736,-1.24903947250762,1.25436482164061,
553,553,2,187.205,3,33.2564873884946,30.0737020481896,1.60615593194962,-1.55040379613638,1.2593021817828,-1.24849837408312,1.25390027793296,
554,554,2,187.538,3,33.2573836933763,30.0722268331724,1.6096830368042,-1.55185665935278,1.25965152088613,-1.24915989251845,1.25440570670229,
555,555,2,187.871,3,33.2572942864055,30.0725375223957,1.60818435251713,-1.54901128262281,1.25847339781039,-1.24912738936007,1.25380039358523,
556,556,2,188.205,3,33.2576675605084,30.0728280950506,1.60784013569355,-1.55394831672311,1.26004286263825,-1.24878643216005,1.25441464739915,
557,557,2,188.538,3,33.2568248998091,30.0724592912963,1.60967968404293,-1.55503554269671,1.25812489689739,-1.25011915478565,1.25412202584152,
558,558,2,188.871,3,33.2567690204524,30.0739188600936,1.60823594778776,-1.54894040897489,1.25850133748808,-1.25001615050725,1.25425874399766,
559,559,2,189.205,3,33.2570327710161,30.0727118659886,1.60799156874418,-1.55190443620086,1.25979615528428,-1.24867057562992,1.2542333654571,
560,560,2,189.538,3,33.2567578445811,30.0733064223441,1.60926450043917,-1.5540293417871,1.25883419218157,-1.24886037917366,1.25384728567762,
561,561,2,189.871,3,33.25801401252,30.0733086575183,1.6107901930809,-1.55277969315648,1.25800354556398,-1.24932240831032,1.25366297693715,
562,562,2,190.205,3,33.2582531761667,30.0745558847601,1.60740185528994,-1.55154056847095,1.25977100957437,-1.24842135370496,1.25409618163966,
563,563,2,190.538,3,33.2574015747704,30.0724682319934,1.61033719778061,-1.55174126848578,1.25885198044303,-1.24862074987138,1.2537363651572,
564,564,2,190.871,3,33.2583917569714,30.0736126412188,1.61007177084684,-1.54993515461683,1.25885086285592,-1.24887192757377,1.25386139521485,
565,565,2,191.205,3,33.2577949654417,30.0729756165523,1.60805806517601,-1.55364330857992,1.25955121744324,-1.24847546354741,1.25401334049533,
566,566,2,191.538,3,33.2580341290884,30.0732125450248,1.61106623709202,-1.55258299782872,1.25969929773497,-1.24978657948893,1.25474293861195,
567,567,2,191.871,3,33.2576630901598,30.0729934979465,1.61085017025471,-1.54843237251043,1.25852527247863,-1.24975351753701,1.25413939500782,
568,568,2,192.205,3,33.2575759183634,30.0732796002528,1.60747338086367,-1.5546147711575,1.25935629162525,-1.24845273927623,1.25390451545074,
569,569,2,192.538,3,33.2579760145574,30.0738160420773,1.6116064041853,-1.55236991122365,1.25880764948777,-1.24878037856322,1.2537940140255,
570,570,2,192.871,3,33.2580095421714,30.0728348005734,1.61127857863903,-1.55083816498518,1.25793788732142,-1.25018537182177,1.25406162957159,
571,571,2,193.205,3,33.2583403479632,30.072781156391,1.60770788788795,-1.55142555013299,1.25906217995148,-1.24882973866047,1.25394595930597,
572,572,2,193.538,3,33.2592455935419,30.0735545266879,1.6124352812767,-1.5511529520154,1.25927964377614,-1.24888375537066,1.2540816995734,
573,573,2,193.871,3,33.2580676567024,30.0746095289426,1.60945095121861,-1.54959112405777,1.2588615730657,-1.24943062799522,1.25414610053046,
574,574,2,194.205,3,33.2577346157364,30.0736864019697,1.60770583897829,-1.55210494995117,1.25884853454945,-1.24915281446677,1.25400067450811,
575,575,2,194.538,3,33.2590667796004,30.0726403404121,1.61066818982363,-1.55260004103184,1.26007341001918,-1.24994499746141,1.2550092037403,
576,576,2,194.871,3,33.2589036118788,30.0733824182692,1.61106549203396,-1.54873076826334,1.25849351437833,-1.24896394224561,1.25372872831197,
577,577,2,195.205,3,33.257922370375,30.0740820278152,1.60837490111589,-1.55370319262147,1.25977417607117,-1.24860976026482,1.254191968168,
578,578,2,195.538,3,33.2589751374554,30.0740574408983,1.61019675433636,-1.55421877279878,1.25970134664467,-1.24933181466847,1.25451658065657,
579,579,2,195.871,3,33.258829851128,30.0735768784305,1.61046646535397,-1.55154746025801,1.25818217323665,-1.24934056910082,1.25376137116873,
580,580,2,196.205,3,33.2591673624425,30.0737579275463,1.60728376358747,-1.54998898506165,1.26013543610364,-1.24883234636372,1.25448389123368,
581,581,2,196.538,3,33.2600971949382,30.0750476230992,1.61243230104446,-1.55360493808985,1.25930246117958,-1.24842517212758,1.25386381665358,
582,582,2,196.871,3,33.2595182848027,30.0751035024559,1.61087345331907,-1.55121264979243,1.2586185910021,-1.24905660884327,1.25383759992268,
583,583,2,197.205,3,33.2595026385828,30.0754030158079,1.60872265696526,-1.55044198036194,1.25932062197008,-1.24861739711006,1.25396900954007,
584,584,2,197.538,3,33.2592120659279,30.074837516718,1.61195620894432,-1.55108431354165,1.25957254473054,-1.24911761047288,1.25434507760171,
585,585,2,197.871,3,33.259462405446,30.075204085298,1.61178205162287,-1.54889337718487,1.25926101732435,-1.24897148595859,1.25411625164147,
586,586,2,198.205,3,33.2592321824963,30.0738763917825,1.60804465413094,-1.55425611883402,1.26031480883438,-1.24913204597302,1.2547234274037,
587,587,2,198.538,3,33.2591941845337,30.0746587027765,1.61115545779467,-1.55148776248097,1.259488911962,-1.25008460271758,1.25478675733979,
588,588,2,198.871,3,33.2580341290884,30.0745089461005,1.60969402641058,-1.54827339574695,1.25796675832169,-1.24946545946007,1.25371610889088,
589,589,2,199.205,3,33.2586420964894,30.0748241056724,1.60884317010641,-1.55259277671576,1.25931074995063,-1.24843979389223,1.25387527192143,
590,590,2,199.538,3,33.2598088574576,30.0743368376818,1.61252003163099,-1.55409760773182,1.2595258854688,-1.24903351204305,1.25427969875593,
591,591,2,199.871,3,33.2593819391723,30.0750699748419,1.61062497645617,-1.54923619702458,1.25833602772844,-1.24961987274541,1.25397795023692,
592,592,2,200.205,3,33.2598401498973,30.0745111812748,1.60788483917713,-1.5495041385293,1.26028239880827,-1.24904394285605,1.25466317083216,
593,593,2,200.538,3,33.2595831048565,30.0743189562877,1.60917043685913,-1.55161917209625,1.25954358059801,-1.24955095487379,1.2545472677359,
594,594,2,200.871,3,33.2594847571886,30.0753091384886,1.60985682159662,-1.5490367077291,1.25915987569112,-1.24937242033338,1.25426614801225,
595,595,2,201.205,3,33.2602849495768,30.0746363510338,1.60882584750652,-1.55212031677365,1.26044044425171,-1.24944524975988,1.25494284700579,
596,596,2,201.538,3,33.259462405446,30.0736416984843,1.61044113337994,-1.54994567856193,1.25956313837239,-1.24921213971572,1.25438763904405,
597,597,2,201.871,3,33.2589505505385,30.0748531629378,1.61065254360437,-1.54895465821028,1.2594176657839,-1.24956064062872,1.25448915320631,
598,598,2,202.205,3,33.2603542399791,30.0746095289426,1.60849317908287,-1.55158657580614,1.26040775482882,-1.24913726137952,1.25477250810417,
599,599,2,202.538,3,33.2597820353664,30.0746587027765,1.61212608218193,-1.5524840913713,1.25937808457385,-1.24998988721023,1.25468398589204,
600,600,2,202.871,3,33.2595004034085,30.0749917437425,1.61037370562553,-1.54657959938049,1.25904336723518,-1.24930946292633,1.25417641508075,
601,601,2,203.205,3,33.2590600740776,30.0749939789168,1.60922557115555,-1.55178233981133,1.2589042276403,-1.24847397343127,1.25368910053579,
602,602,2,203.538,3,33.2601329577265,30.0752420832606,1.61223560571671,-1.55334416776896,1.25983499143627,-1.2490876218855,1.25446130666088,
603,603,2,203.871,3,33.2598736775114,30.0757584085166,1.61239430308342,-1.54874436557293,1.25804471002244,-1.24918121980575,1.25361296491409,
604,604,2,204.205,3,33.260278244054,30.0761741509305,1.60863138735294,-1.54973510652781,1.25963196311175,-1.24840663880805,1.2540193009599,
605,605,2,204.538,3,33.2603520048048,30.0760936846569,1.61130651831627,-1.54949687421322,1.25993548114367,-1.24909153344038,1.25451350729203,
606,606,2,204.871,3,33.2599742603534,30.0761897971504,1.61146596074104,-1.5499722212553,1.26000877623147,-1.24891393022256,1.25446135322701,
607,607,2,205.205,3,33.2601843667347,30.0763887276603,1.60647910088301,-1.55151132494211,1.26082405602633,-1.24912422286327,1.2549741394448,
608,608,2,205.538,3,33.2595965159021,30.0754074861564,1.6112495213747,-1.54988775029778,1.25963959995698,-1.24961493673569,1.25462726834634,
609,609,2,205.871,3,33.259804387109,30.0756913532885,1.60873979330063,-1.54786519706249,1.25944448787448,-1.24934364246536,1.25439406516992,
610,610,2,206.205,3,33.2595048737571,30.0769721081444,1.60780902951956,-1.55057217925787,1.26029580985356,-1.24864561618452,1.25447071301904,
611,611,2,206.538,3,33.2592522990647,30.0762121488931,1.61130167543888,-1.55301876366138,1.25877766090039,-1.25021787498014,1.25449776794026,
612,612,2,206.871,3,33.2598468554201,30.0757047643341,1.61066353321075,-1.54683832079172,1.26001985897028,-1.24963952365205,1.25482969131117,
613,613,2,207.205,3,33.2593841743466,30.0761093308767,1.60899870097637,-1.55212003737688,1.25999061544097,-1.24844631315036,1.25421846429567,
614,614,2,207.538,3,33.2606470478083,30.0774012616039,1.61168910562992,-1.55161209404469,1.25982120786194,-1.24890377880633,1.25436249333414,
615,615,2,207.871,3,33.2605039966551,30.0758522858359,1.61098781973124,-1.54809886589646,1.25918846729462,-1.24930070849398,1.2542445878943,
616,616,2,208.205,3,33.2589058470531,30.0769944598871,1.60742215812206,-1.54882185161114,1.26000141878301,-1.24849166856047,1.25424654367174,
617,617,2,208.538,3,33.2604481172984,30.0762210895902,1.61257050931454,-1.55132440850139,1.25992719237263,-1.24893032150013,1.25442875693638,
618,618,2,208.871,3,33.2602178943487,30.0766413023526,1.61102171987295,-1.54942804947495,1.25959703851464,-1.2493440149944,1.25447052675452,
619,619,2,209.205,3,33.2599250865195,30.0759931018148,1.60754341632128,-1.5508845448494,1.25976029936459,-1.24901916967517,1.25438973451988,
620,620,2,209.538,3,33.2598222685032,30.0747011710876,1.6102397814393,-1.55057106167078,1.25961184654382,-1.25001987579761,1.25481586117071,
621,621,2,209.871,3,33.2591561865712,30.0755125393471,1.60910617560148,-1.54671110212803,1.25876955839386,-1.24884585054126,1.25380770446756,
622,622,2,210.205,3,33.2604280007299,30.0774057319525,1.60783473402262,-1.55342323705554,1.25971699286417,-1.24858740852267,1.25415220069342,
623,623,2,210.538,3,33.2593506467325,30.0767016520579,1.61148030310869,-1.55114084482193,1.25973068330624,-1.25003514948808,1.25488291639716,
624,624,2,210.871,3,33.2599675548306,30.0773610284671,1.60879660397768,-1.5469522215426,1.25956369716594,-1.24948734554092,1.25452552135343,
625,625,2,211.205,3,33.2612907779976,30.0777790060553,1.60866174846888,-1.55050549656153,1.25976029936459,-1.24828221411009,1.25402125673734,
626,626,2,211.538,3,33.2608884466293,30.0774280836951,1.61128044128418,-1.55246509239078,1.25972239453519,-1.24872012199168,1.25422125826344,
627,627,2,211.871,3,33.2602491867885,30.0774504354378,1.60972028970718,-1.54576161876321,1.25963876176665,-1.24902559580104,1.25433217878385,
628,628,2,212.205,3,33.2599295568681,30.0775890162425,1.60828344523907,-1.54851274564862,1.26038586874796,-1.24872049452071,1.25455318163434,
629,629,2,212.538,3,33.2593394708612,30.0766323616556,1.61068700253963,-1.55120994895697,1.25876154901959,-1.24964278328111,1.25420216615035,
630,630,2,212.871,3,33.2605352890948,30.0772090366168,1.61099061369896,-1.54862329363823,1.25977957774219,-1.24914145233118,1.25446051503668,
631,631,2,213.205,3,33.26079456931,30.0769251694847,1.60803757607937,-1.55023774132133,1.25998325799252,-1.24879807369242,1.25439066584247,
632,632,2,213.538,3,33.2598490905944,30.0774325540437,1.61138214170933,-1.54831521213055,1.25877207296485,-1.24908352406611,1.25392779851548,
633,633,2,213.871,3,33.2606403422854,30.0770056357584,1.6106816008687,-1.54832946136594,1.25850236194293,-1.24902736531396,1.25376486362844,
634,634,2,214.205,3,33.2604235303814,30.077144216563,1.6062231734395,-1.54959047213197,1.25944597799062,-1.24835765123984,1.25390181461523,
635,635,2,214.538,3,33.2612416041637,30.0768737604766,1.61245875060558,-1.55229782685637,1.25921612757553,-1.24969530987516,1.25445571872535,
636,636,2,214.871,3,33.2591338348285,30.0776225438565,1.60878598690033,-1.54587002471089,1.25770133138368,-1.24956092002549,1.25363112570459,
637,637,2,215.205,3,33.260369886199,30.0779175868599,1.60971470177174,-1.5504339709878,1.2590113297381,-1.2477512671018,1.25338129841995,
638,638,2,215.538,3,33.2613734794455,30.0780740490587,1.61237027496099,-1.55151300132275,1.25829244183125,-1.24901088090413,1.25365166136769,
639,639,2,215.871,3,33.2611723137614,30.0778326502377,1.61304343491793,-1.54726654291153,1.25748749971713,-1.24959156053869,1.25353953012791,
640,640,2,216.205,3,33.2613824201426,30.0777208915243,1.60909779369831,-1.5494966879487,1.25892117771143,-1.24854475394807,1.25373296582975,
641,641,2,216.538,3,33.2612751317777,30.0780248752248,1.61268468946218,-1.54938222840428,1.25828704016023,-1.24891365082578,1.25360034549301,
642,642,2,216.871,3,33.2608012748328,30.0770995130777,1.61038339138031,-1.54878720641136,1.25815553741059,-1.24932287397161,1.2537392056911,
643,643,2,217.205,3,33.2607431603018,30.0772068014426,1.60865858197212,-1.54916113242507,1.25834515468982,-1.24899150939426,1.25366833204204,
644,644,2,217.538,3,33.2611052585333,30.0782550981745,1.61256175488234,-1.54959438368678,1.25925962034046,-1.24953363227362,1.25439662630704,
645,645,2,217.871,3,33.2614695919391,30.0764334311457,1.61122959107161,-1.54658621177077,1.25853048788513,-1.25038597870755,1.25445823329634,
646,646,2,218.205,3,33.2606559885053,30.0771330406917,1.60887464880943,-1.55122233554721,1.25925021398231,-1.24908799441454,1.25416910419842,
647,647,2,218.538,3,33.2607297492562,30.0774459650893,1.61163434386253,-1.55120966956019,1.25892136397595,-1.24931691350704,1.2541191387415,
648,648,2,218.871,3,33.2617534590712,30.0755505373096,1.60973928868771,-1.54669741168618,1.25912355411013,-1.25104982544935,1.25508668977974,
649,649,2,219.205,3,33.2611387861473,30.0763820221375,1.60852205008268,-1.5516011044383,1.25924481231129,-1.2493435493331,1.2542941808222,
650,650,2,219.538,3,33.2614003015367,30.0759573390265,1.61235239356756,-1.55247114598751,1.259814036678,-1.25030942399069,1.25506173033435,
651,651,2,219.871,3,33.261885334353,30.0769631674473,1.61161087453365,-1.54929142445326,1.25897305237967,-1.24995077166147,1.25446191202057,
652,652,2,220.205,3,33.2617042852373,30.0783243885768,1.60782337188721,-1.54639836400747,1.26018796269769,-1.24844240159549,1.25431518214659,
653,653,2,220.538,3,33.262251902933,30.077526431363,1.61224361509085,-1.54925147071481,1.25948397595228,-1.24824999034849,1.25386698315038,
654,654,2,220.871,3,33.2614450050221,30.0766793003152,1.61120612174273,-1.54778547585011,1.25810273141976,-1.24966411056841,1.25388342099409,
655,655,2,221.205,3,33.2624642444885,30.0780047586564,1.60923842340708,-1.54987098649144,1.26003429447042,-1.24921074273184,1.25462251860113,
656,656,2,221.538,3,33.2623904837377,30.0781522801581,1.61245670169592,-1.54919270426035,1.25968663174776,-1.24955719473514,1.25462191324145,
657,657,2,221.871,3,33.262493301754,30.076719533452,1.61103364080191,-1.54691534116864,1.2586483001927,-1.24965656685544,1.25415243352407,
658,658,2,222.205,3,33.2624150706546,30.0783534458423,1.60927157849073,-1.55112780630589,1.25945892337462,-1.24862158806171,1.25404025571816,
659,659,2,222.538,3,33.2630252732299,30.0781791022494,1.61302294582129,-1.55121479183435,1.25975014794836,-1.24956492471263,1.2546575363305,
660,660,2,222.871,3,33.2623837782149,30.0782550981745,1.61145813763142,-1.54665661975741,1.25937566313512,-1.2499531931002,1.25466442811766,
661,661,2,223.205,3,33.2620842648629,30.0783713272364,1.60864517092705,-1.54782943427563,1.26067411308942,-1.2480555301918,1.25436482164061,
662,662,2,223.538,3,33.2622004939249,30.0771084537747,1.61344390362501,-1.54999801889062,1.25958083350159,-1.24910596894052,1.25434340122105,
663,663,2,223.871,3,33.2625223590195,30.0783065071827,1.61111354827881,-1.54750496149063,1.2588032722716,-1.24898992614586,1.25389659920873,
664,664,2,224.205,3,33.2620306206804,30.077926527557,1.60813443362713,-1.54887493699789,1.25969818014787,-1.24873856217895,1.25421837116341,
665,665,2,224.538,3,33.2622831953728,30.07828415544,1.61155164241791,-1.54754817485809,1.25975303504839,-1.24858833984526,1.25417068744683,
666,666,2,224.871,3,33.2628755165539,30.0794933847192,1.6126187518239,-1.54582085087895,1.26008626227092,-1.24857669831289,1.25433148029191,
667,667,2,225.205,3,33.2628308130686,30.0794017425742,1.6088429838419,-1.55025012791157,1.26057185386909,-1.24858098239681,1.25457641813295,
668,668,2,225.538,3,33.2622966064184,30.0776337197278,1.61230843514204,-1.54930958524346,1.26016160626841,-1.25003077227191,1.25509618927016,
669,669,2,225.871,3,33.2632778479223,30.0781880429464,1.61165576428175,-1.54481520876288,1.2599576466213,-1.24935332822029,1.2546554874208,
670,670,2,226.205,3,33.2630252732299,30.0781165173698,1.60751678049564,-1.54803013429046,1.26000328142819,-1.24834591657521,1.2541745990017,
671,671,2,226.538,3,33.2634387804696,30.0783132127055,1.61259807646275,-1.55099853873253,1.25958884287586,-1.24950792777015,1.254548385323,
672,672,2,226.871,3,33.2626519991271,30.0779578199968,1.61134041845798,-1.54696358367801,1.25910008478088,-1.24966438996519,1.25438223737303,
673,673,2,227.205,3,33.2620283855062,30.0771509220858,1.60864349454641,-1.5482934191823,1.25993967209533,-1.24918485196385,1.25456226202959,
674,674,2,227.538,3,33.2625245941938,30.078167926378,1.61192435771227,-1.54868243262172,1.26003224556073,-1.24880831824091,1.25442028190082,
675,675,2,227.871,3,33.2617981625565,30.0774169078238,1.61179602146149,-1.54607770964503,1.2592032753238,-1.24910475822115,1.25415401677247,
676,676,2,228.205,3,33.2615388823414,30.0776895990846,1.60936415195465,-1.55198564752936,1.25912215712625,-1.24989433351254,1.2545082453194,
677,677,2,228.538,3,33.2622876657213,30.0774258485209,1.61195881664753,-1.54952919110656,1.25957328978861,-1.24994285541946,1.25475807260403,
678,678,2,228.871,3,33.2620842648629,30.0785076728668,1.60977728664875,-1.54570899903774,1.25922311249495,-1.24913986908277,1.25418149078886,
679,679,2,229.205,3,33.2628911627738,30.078867535924,1.60881336778402,-1.54886776581407,1.26018842835899,-1.24840216845962,1.2542952984093,
680,680,2,229.538,3,33.2631884409515,30.0776605418191,1.6139118000865,-1.55082130804658,1.25891242327909,-1.249350347988,1.25413138563355,
681,681,2,229.871,3,33.2618249846477,30.0778840592459,1.60966739058495,-1.54700959101319,1.25878529774562,-1.25016348574091,1.25447439174327,
682,682,2,230.205,3,33.2617333425027,30.078534494958,1.61021165549755,-1.54816173017025,1.25947894681029,-1.24881697954099,1.25414796317564,
683,683,2,230.538,3,33.2630319787527,30.0771419813888,1.6110647469759,-1.54974218457937,1.2600881249161,-1.24993642929359,1.25501227710484,
684,684,2,230.871,3,33.2633985473328,30.0787982455217,1.6109649091959,-1.54617289081216,1.25877449440358,-1.24943919616304,1.25410684528331,
685,685,2,231.205,3,33.2627659930148,30.0779779365652,1.60871464759111,-1.55104864388704,1.25925347361137,-1.24933563309109,1.25429455335123,
686,686,2,231.538,3,33.2639506353771,30.0783579161908,1.61157045513391,-1.54745383188128,1.2601657040878,-1.24972604352062,1.25494587380421,
687,687,2,231.871,3,33.2634544266895,30.077834885412,1.61318499594927,-1.54691403731704,1.25729741677661,-1.25035487253306,1.25382614465483,
688,688,2,232.205,3,33.2629582180019,30.0777253618729,1.60841345787048,-1.55205680057406,1.26039667209,-1.2494606165826,1.2549286443363,
689,689,2,232.538,3,33.2640936865303,30.0775286665372,1.61373391747475,-1.55328568071127,1.26039667209,-1.25023091349639,1.2553137927932,
690,690,2,232.871,3,33.2645653083009,30.0775957217653,1.61180961877108,-1.54617242515087,1.25780759529115,-1.25030700255196,1.25405729892155,
691,691,2,233.205,3,33.2642635597747,30.0777477136155,1.6094483435154,-1.54830534011126,1.26242891111259,-1.24965628745866,1.25604259928562,
692,692,2,233.538,3,33.265215744013,30.0776583066448,1.61281023174524,-1.54960677027702,1.25965319726679,-1.25092502822236,1.25528911274458,
693,693,2,233.871,3,33.2646144821348,30.0774169078238,1.61227732896805,-1.54751166701317,1.2598498925977,-1.25032702598763,1.25508845929266,
694,694,2,234.205,3,33.2648178829932,30.0782550981745,1.61088183522224,-1.55175905674696,1.26012481902612,-1.24998755890375,1.25505618896494,
695,695,2,234.538,3,33.2652671530212,30.0774347892179,1.61357019096613,-1.55070424079895,1.25989804197558,-1.2506814873652,1.25528976467039,
696,696,2,234.871,3,33.2642345025092,30.0781053414985,1.61288436502218,-1.54493283480406,1.25930702466027,-1.24972324955285,1.25451513710656,
697,697,2,235.205,3,33.2651308073908,30.0776605418191,1.60946827381849,-1.54991950839758,1.26129139370175,-1.24941600623057,1.25535369996616,
698,698,2,235.538,3,33.2648961140927,30.0780159345278,1.61442309617996,-1.55255366116762,1.26007015039012,-1.25030979651972,1.25518997345492,
699,699,2,235.871,3,33.2652805640668,30.0777231266986,1.61339957267046,-1.54739953577518,1.25935880619625,-1.25029815498736,1.2548284805918,
700,700,2,236.205,3,33.264940817578,30.0775152554916,1.60961337387562,-1.55034577473998,1.26111705011299,-1.24994089964202,1.25552897487751,
701,701,2,236.538,3,33.2641875638495,30.0777320673957,1.61211509257555,-1.54906855896115,1.26033520479909,-1.25055426869947,1.25544473674928,
702,702,2,236.871,3,33.2648268236903,30.0764870753281,1.61307584494352,-1.54701787978411,1.25866338761865,-1.25004083055587,1.25435210908726,
703,703,2,237.205,3,33.2644356681933,30.0783377996224,1.60943828523159,-1.55147975310683,1.26058470612083,-1.24974457684015,1.25516464148049,
704,704,2,237.538,3,33.2651352777394,30.0780025234821,1.61277987062931,-1.55095513910055,1.2604273126032,-1.25098956887781,1.25570844074051,
705,705,2,237.871,3,33.264183093501,30.0796476117437,1.61259490996599,-1.54783213511109,1.26017511044596,-1.25000860679428,1.25509185862012,
706,706,2,238.205,3,33.2651509239593,30.0788138917416,1.60862170159817,-1.54780689626932,1.26028379579215,-1.24889949472242,1.25459164525729,
707,707,2,238.538,3,33.265365500689,30.0777387729185,1.61455608904362,-1.54900085180998,1.26061488097273,-1.24927528338729,1.25494508218001,
708,708,2,238.871,3,33.2653476192949,30.0783109775312,1.61185953766108,-1.54711622744799,1.26003718157045,-1.25040609527548,1.25522163842297,
709,709,2,239.205,3,33.2649475231008,30.0784584990329,1.60992126911879,-1.54974879696965,1.2590201773027,-1.25016050550863,1.25459034140566,
710,710,2,239.538,3,33.2648178829932,30.0767463555433,1.6129694879055,-1.55066717416048,1.26075159912887,-1.25086048756691,1.25580604334789,
711,711,2,239.871,3,33.2643172039571,30.0774169078238,1.61233618855476,-1.54591649770737,1.25846790300711,-1.25076614458859,1.25461702379785,
712,712,2,240.205,3,33.2650525762914,30.0770548095923,1.60974022001028,-1.55104277655482,1.26066312348286,-1.24993335592904,1.25529823970595,
713,713,2,240.538,3,33.2649966969347,30.078684251634,1.612757332623,-1.55096277594566,1.2602816537502,-1.25103064020401,1.2556561469771,
714,714,2,240.871,3,33.265273858544,30.0785546115265,1.61311309784651,-1.5488245524466,1.25981003199087,-1.25063082341633,1.2552204277036,
715,715,2,241.205,3,33.2643552019197,30.0776426604249,1.60965695977211,-1.54749620705843,1.25918613898815,-1.25034034390066,1.25476324144441,
716,716,2,241.538,3,33.26560689951,30.0788653007498,1.61340422928333,-1.5491041354835,1.26030493681494,-1.25058267403845,1.25544380542669,
717,717,2,241.871,3,33.2653275027265,30.0785300246095,1.61193236708641,-1.54729597270489,1.25935666415429,-1.24993857133554,1.25464761774492,
718,718,2,242.205,3,33.2658930018164,30.0778035929722,1.61056127399206,-1.55188282951713,1.26113884306159,-1.25060856480644,1.25587370393402,
719,719,2,242.538,3,33.2661500468573,30.0773476174215,1.61291025578976,-1.5503067523241,1.26110103136445,-1.25083850835379,1.25596976985912,
720,720,2,242.871,3,33.2664741471262,30.077984642088,1.61393191665411,-1.545933727175,1.25948602486197,-1.25083934654412,1.25516268570305,
721,721,2,243.205,3,33.2655331387592,30.0776873639103,1.60888843238354,-1.54949482530355,1.26145539960977,-1.25051645700234,1.25598592830605,
722,722,2,243.538,3,33.2665657892712,30.07828415544,1.61296371370554,-1.5489081852138,1.26055620764959,-1.25048311565363,1.25551966165161,
723,723,2,243.871,3,33.2657767727544,30.0781366339383,1.61294806748629,-1.54856080189347,1.26088421946561,-1.25011710587595,1.25550066267078,
724,724,2,244.205,3,33.2656739547381,30.078342269971,1.60987973213196,-1.54983000829816,1.25890972244358,-1.25090863694478,1.25490917969418,
725,725,2,244.538,3,33.2665210857858,30.0782349816061,1.61193385720253,-1.55006283894181,1.26212436862582,-1.25063939158415,1.25638188010498,
726,726,2,244.871,3,33.2661835744713,30.0786015501861,1.61195956170559,-1.54468109831214,1.25881565886204,-1.25074835632713,1.25478200759458,
727,727,2,245.205,3,33.2651755108762,30.0777655950097,1.60956308245659,-1.55033450573683,1.26024672915309,-1.25045554850498,1.25535113882904,
728,728,2,245.538,3,33.2660740509321,30.0786551943685,1.61270257085562,-1.55227417126298,1.26098638555368,-1.25058910016432,1.255787742859,
729,729,2,245.871,3,33.2650458707686,30.077801357798,1.61325391381979,-1.54928890988231,1.26199556671168,-1.25084092979253,1.25641824825211,
730,730,2,246.205,3,33.2651308073908,30.0784629693815,1.6072990372777,-1.54862236231565,1.26265773707283,-1.2499942644264,1.25632600074961,
731,731,2,246.538,3,33.2651196315195,30.0786618998913,1.60833913832903,-1.54446829110384,1.26194872118543,-1.24940604107886,1.25567738113215,
732,732,2,246.871,3,33.2648804678728,30.0795962027356,1.6091663390398,-1.54498303309083,1.26159686751111,-1.24924846129671,1.25542266440391,
733,733,2,247.205,3,33.264974345192,30.0795492640759,1.61006506532431,-1.54438512399793,1.25861747341499,-1.24904915826256,1.25383331583877,
734,734,2,247.538,3,33.2663869753297,30.0803360454184,1.61219257861376,-1.5459218993783,1.25828741268927,-1.24996474150031,1.25412607709479,
735,735,2,247.871,3,33.265814770717,30.0789994112059,1.61230769008398,-1.54306646436453,1.25744028166184,-1.2494558668374,1.25344807424962,
736,736,2,248.205,3,33.265115161171,30.0795313826818,1.61066632717848,-1.54458209872246,1.25695357247656,-1.24939318882712,1.25317338065184,
737,737,2,248.538,3,33.2664316788151,30.0794687978023,1.61289032548666,-1.54831353574991,1.25842487590348,-1.24989312279318,1.25415899934833,
738,738,2,248.871,3,33.266963650291,30.0796207896525,1.61519814282656,-1.54483243823051,1.25797253252175,-1.25000916558783,1.25399084905479,
739,739,2,249.205,3,33.266872008146,30.0793458632175,1.61086581647396,-1.54323447495699,1.25902269187369,-1.2493612444623,1.254191968168,
740,740,2,249.538,3,33.2669100061085,30.0788451841814,1.60987377166748,-1.54407843947411,1.26027532075659,-1.2502086548865,1.25524198782155,
741,741,2,249.871,3,33.2666998997273,30.0792318693298,1.61058381199837,-1.54426041990519,1.25882189872339,-1.25001102823301,1.2544164634782,
742,742,2,250.205,3,33.2667915418723,30.0786350778001,1.61129869520664,-1.5457546338439,1.25803381354814,-1.24955197932864,1.25379289643839,
743,743,2,250.538,3,33.2687920228426,30.0788943580153,1.61654148250818,-1.54619738459587,1.25927889871806,-1.25003403190097,1.25465646530952,
744,744,2,250.871,3,33.2676654950113,30.0794129184456,1.61335151642561,-1.54338991269469,1.25833183677679,-1.25072553892369,1.25452868785024,
745,745,2,251.205,3,33.267996300803,30.0790217629486,1.61076877266169,-1.54878245666623,1.26177596084508,-1.25125415762549,1.25651505923529,
746,746,2,251.538,3,33.2667580142583,30.0791044643965,1.61161534488201,-1.54811441898346,1.26188418052998,-1.25041885439496,1.25615151746247,
747,747,2,251.871,3,33.2673928037505,30.0797213724946,1.61343179643154,-1.5470964834094,1.26034135152819,-1.25062123079366,1.25548129116092,
748,748,2,252.205,3,33.2662014558654,30.0788563600527,1.60962752997875,-1.54980765655637,1.26054605623336,-1.25028269503237,1.25541437563287,
749,749,2,252.538,3,33.2667848363495,30.0791491678819,1.61263346672058,-1.5481548383832,1.26080729221972,-1.25136722018786,1.25608725620379,
750,750,2,252.871,3,33.2665322616572,30.0798532477764,1.61245055496693,-1.54481530189514,1.2600944579097,-1.25096311931627,1.25552878861299,
751,751,2,253.205,3,33.2663355663216,30.0787289551194,1.6090115532279,-1.54843078926206,1.26063974728587,-1.250382905343,1.25551132631443,
752,752,2,253.538,3,33.2676252618745,30.0787982455217,1.61577593535185,-1.54982740059495,1.26122024065591,-1.25066621367473,1.25594322716532,
753,753,2,253.871,3,33.2669412985483,30.0795783213414,1.61359235644341,-1.54644204303622,1.2601947613526,-1.25074602802065,1.25547039468663,
754,754,2,254.205,3,33.2671022310956,30.0791581085789,1.61114409565926,-1.54714500531554,1.26075625574182,-1.25070141766862,1.25572883670522,
755,755,2,254.538,3,33.2667267218185,30.0794598571052,1.61228310316801,-1.54601652175188,1.25983918238792,-1.25094616924514,1.25539267581653,
756,756,2,254.871,3,33.2667513087355,30.080074530029,1.61342117935419,-1.54533460736275,1.2594249301001,-1.25057038058027,1.25499765534019,
757,757,2,255.205,3,33.2668854191916,30.0805707387166,1.61016415804625,-1.54928583651781,1.26088887607856,-1.24995133045502,1.25542010326679,
758,758,2,255.538,3,33.2669792965109,30.0791022292222,1.61274783313274,-1.54950181022286,1.26063099285353,-1.25181630394053,1.25622364839703,
759,759,2,255.871,3,33.2665479078771,30.0790955236994,1.61309838294983,-1.54420267790556,1.25979615528428,-1.25177942356598,1.25578778942513,
760,760,2,256.205,3,33.2668630674489,30.0791491678819,1.60875245928764,-1.5472587198019,1.25924239087256,-1.25013694304711,1.25468966695983,
761,761,2,256.538,3,33.2672430470746,30.0791849306702,1.61292906850576,-1.54816200956702,1.25976374525817,-1.25077592347578,1.25526983436697,
762,762,2,256.871,3,33.2675023272897,30.0794643274537,1.61309968680143,-1.54477190226316,1.26026330669518,-1.25082817067305,1.25554573868412,
763,763,2,257.205,3,33.2672586932944,30.0806288532476,1.61159187555313,-1.54676772654057,1.25967284817343,-1.25034341726521,1.25500813271932,
764,764,2,257.538,3,33.266630609325,30.0797370187145,1.61279030144215,-1.54510829597712,1.26023089666907,-1.25030299786482,1.25526694726695,
765,765,2,257.871,3,33.2672810450371,30.0801013521202,1.61368642002344,-1.54405171051621,1.25861784594403,-1.25016357887317,1.2543907124086,
766,766,2,258.205,3,33.2668653026232,30.0805103890114,1.60979274660349,-1.54989520087838,1.26065315833116,-1.24952841686712,1.25509078759914,
767,767,2,258.538,3,33.2679247752264,30.0804746262231,1.61403920501471,-1.54704703018069,1.25970507193503,-1.25034202028132,1.25502354610817,
768,768,2,258.871,3,33.2673346892196,30.0805036834886,1.61494538187981,-1.54380016028881,1.25912485796176,-1.25071818147523,1.25492151971849,
769,769,2,259.205,3,33.2668049529179,30.0802801660617,1.60980764776468,-1.54650807380676,1.26083113407801,-1.24974345925304,1.25528729666553,
770,770,2,259.538,3,33.2671357587097,30.0809551886908,1.61378439515829,-1.54712302610278,1.2599311039275,-1.2499438798743,1.2549374919009,
771,771,2,259.871,3,33.2671379938839,30.080465685526,1.61230191588402,-1.54472645372152,1.25959471020817,-1.25072386254302,1.2551592863756,
772,772,2,260.205,3,33.2667244866443,30.0811965875118,1.6112057492137,-1.54755879193544,1.25997664560213,-1.24993829193877,1.25495746877045,
773,773,2,260.538,3,33.2675336197295,30.0801080576431,1.6127984970808,-1.54584916308522,1.26053497349455,-1.25037582729132,1.25545540039293,
774,774,2,260.871,3,33.2671625808009,30.0796967855777,1.6135161742568,-1.54433371499181,1.25830175505714,-1.25046942521157,1.25438559013436,
775,775,2,261.205,3,33.266780366001,30.0804187468664,1.60952247679234,-1.54821360483766,1.2598514758461,-1.24919118495746,1.25452133040178,
776,776,2,261.538,3,33.2676431432686,30.080465685526,1.61392223089933,-1.54808014631271,1.26043019970323,-1.25070896138159,1.25556958054241,
777,777,2,261.871,3,33.2666529610677,30.079799603594,1.61261428147554,-1.54417855665088,1.25891121255972,-1.2511647506569,1.25503798160831,
778,778,2,262.205,3,33.2667714253039,30.0806892029529,1.61037147045135,-1.54699636623263,1.26081530159399,-1.24977558988238,1.25529544573818,
779,779,2,262.538,3,33.2675179735096,30.0814469270299,1.61442216485739,-1.54592413455248,1.25932825881531,-1.25029415030022,1.25481120455777,
780,780,2,262.871,3,33.2673704520079,30.0813508145363,1.61519292742014,-1.54569316655397,1.25939168188366,-1.24972781303354,1.2545597474586,
781,781,2,263.205,3,33.2673369243938,30.0807719044008,1.61189958453178,-1.54768852517009,1.25905249419655,-1.24981628867954,1.25443439143805,
782,782,2,263.538,3,33.2680141821972,30.0812099985574,1.61327142268419,-1.54400039464235,1.25975089300643,-1.24981498482791,1.25478293891717,
783,783,2,263.871,3,33.2664674416034,30.0822493545923,1.61194745451212,-1.54359685257077,1.25838212819662,-1.24973051386905,1.25405632103283,
784,784,2,264.205,3,33.2676006749575,30.0818693749666,1.60963088274002,-1.54919745400548,1.26002963785747,-1.24961409854536,1.25482186820142,
785,785,2,264.538,3,33.2678532496498,30.0815542153948,1.61381214857101,-1.54622383415699,1.26045255144537,-1.25014690819882,1.2552997298221,
786,786,2,264.871,3,33.2678912476124,30.0816905610251,1.61348432302475,-1.54356770217419,1.25863088446028,-1.25052213807013,1.25457651126521,
787,787,2,265.205,3,33.265939940476,30.0799873582326,1.60840805619955,-1.54578173533082,1.25980230201337,-1.24987449634138,1.25483839917738,
788,788,2,265.538,3,33.2680767670767,30.0809708349107,1.614741794765,-1.5459374524653,1.26009017382579,-1.24983109670871,1.25496063526725,
789,789,2,265.871,3,33.2674330368874,30.0804880372687,1.61284431815147,-1.54522703960538,1.25983564336208,-1.25012343886956,1.25497954111582,
790,790,2,266.205,3,33.2666686072876,30.0811474136779,1.61044709384441,-1.54652446508408,1.25949273038462,-1.24990476432554,1.25469874735508,
791,791,2,266.538,3,33.2671916380664,30.0801348797343,1.61147676408291,-1.54479630291462,1.25988565538513,-1.25050583992482,1.25519574765498,
792,792,2,266.871,3,33.2676833764055,30.0805103890114,1.6122043132782,-1.54422270134091,1.2586909547673,-1.25046244029215,1.25457669752973,
793,793,2,267.205,3,33.2663936808525,30.0814044587188,1.60963740199804,-1.54955051839352,1.25962432626652,-1.24944152446952,1.25453292536802,
794,794,2,267.538,3,33.2672743395143,30.0809976570019,1.61287672817707,-1.54662625864148,1.25975806419037,-1.25093573843214,1.25534690131126,
795,795,2,267.871,3,33.2670865848758,30.0803315750699,1.61193534731865,-1.54399154707789,1.25916034135242,-1.25137029355241,1.25526531745241,
796,796,2,268.205,3,33.265872885248,30.0809708349107,1.60867217928171,-1.54591891914606,1.25896765070865,-1.24961186337114,1.25428975703989,
797,797,2,268.538,3,33.2671983435892,30.0806333235962,1.61338206380606,-1.54731906950474,1.25892415794372,-1.25021396342526,1.25456906068449,
798,798,2,268.871,3,33.2680745319024,30.0808099023634,1.61365047097206,-1.54514340683818,1.25875428470339,-1.25068614397815,1.25472021434077,
799,799,2,269.205,3,33.267479975547,30.0802935771073,1.61009840667248,-1.54559751972556,1.26044724290661,-1.25003207612353,1.25523965951507,
800,800,2,269.538,3,33.2669860020337,30.0808680168943,1.61230824887753,-1.54469832777977,1.25938506949327,-1.25073922936575,1.25506214942951,
801,801,2,269.871,3,33.2672095194605,30.0812099985574,1.61206442862749,-1.54340034350753,1.25845579581345,-1.25055026401234,1.25450302991289,
802,802,2,270.205,3,33.2668988302372,30.0811697654206,1.60941574722528,-1.54922576621175,1.26037199204138,-1.25024274129328,1.25530736666733,
803,803,2,270.538,3,33.2681214705621,30.0805081538371,1.61304883658886,-1.54606299474835,1.25977175463244,-1.25154463714117,1.2556581958868,
804,804,2,270.871,3,33.2668630674489,30.081373166279,1.61218699067831,-1.54303507879376,1.259174218059,-1.2507012314041,1.25493772473155,
805,805,2,271.205,3,33.267330218871,30.0812457613457,1.60849150270224,-1.54531244188547,1.25956406969498,-1.2498372434378,1.25470065656639,
806,806,2,271.538,3,33.2680298284171,30.0815855078345,1.61382518708706,-1.54639445245266,1.25978991542293,-1.2500421344075,1.25491602491522,
807,807,2,271.871,3,33.267354805788,30.0814916305152,1.61285549402237,-1.5453239902854,1.25816755147199,-1.25081569095035,1.25449162121117,
808,808,2,272.205,3,33.2675336197295,30.081489395341,1.6095906496048,-1.54494419693947,1.25906869920961,-1.25008413705629,1.25457641813295,
809,809,2,272.538,3,33.2666909590302,30.081306111051,1.6107065603137,-1.54487062245607,1.25912103953914,-1.25067887966195,1.25489995960055,
810,810,2,272.871,3,33.2673324540453,30.0812122337317,1.61263719201088,-1.5453333966434,1.25810785369401,-1.25015203047306,1.25412994208353,
811,811,2,273.205,3,33.2669211819799,30.0810624770557,1.61032415926456,-1.5475070104003,1.25974083472247,-1.25047277797289,1.25510680634768,
812,812,2,273.538,3,33.2668898895401,30.0815251581293,1.61247123032808,-1.5455768443644,1.25867698492846,-1.25122565915426,1.25495132204136,
813,813,2,273.871,3,33.2666261389765,30.0810155383961,1.61295365542173,-1.54170133173466,1.25826766865037,-1.25027272988066,1.25427019926551,
814,814,2,274.205,3,33.2665568485741,30.0811474136779,1.60880032926798,-1.54636194929481,1.25799162463484,-1.24981405350533,1.25390283907008,
815,815,2,274.538,3,33.2663176849274,30.0812859944825,1.61422044038773,-1.54598169028759,1.25788787529836,-1.2502283989254,1.25405813711188,
816,816,2,274.871,3,33.2676498487914,30.081306111051,1.61245781928301,-1.54350018128753,1.25834012554783,-1.25099143152299,1.25466577853541,
817,817,2,275.205,3,33.2668809488431,30.0807964913177,1.60882454365492,-1.54483206570148,1.25933841023154,-1.25020371887678,1.25477106455416,
818,818,2,275.538,3,33.2673324540453,30.0815028063866,1.61179415881634,-1.54499635100365,1.25903600978672,-1.25127231841599,1.25515416410135,
819,819,2,275.871,3,33.2672922209085,30.0814335159843,1.61372106522322,-1.54422419145703,1.25818543286571,-1.25036390636218,1.25427466961394,
820,820,2,276.205,3,33.2671782270208,30.0811474136779,1.60873178392649,-1.54869593679905,1.25898078235716,-1.25091720511261,1.25494899373488,
821,821,2,276.538,3,33.2676386729201,30.0820839516964,1.61287095397711,-1.54323615133762,1.25940164703536,-1.25100251426181,1.25520208064859,
822,822,2,276.871,3,33.2668496564033,30.0823320560402,1.61136537790298,-1.5436539426446,1.25759739578269,-1.25036707285898,1.25398223432084,
823,823,2,277.205,3,33.2665568485741,30.0816905610251,1.6082750633359,-1.54808042570949,1.25820964725304,-1.25021834064143,1.25421399394724,
824,824,2,277.538,3,33.2670485869132,30.0819006674064,1.61284320056438,-1.54688786715269,1.25847581924912,-1.25119604309591,1.25483593117252,
825,825,2,277.871,3,33.2673995092733,30.0812569372171,1.61106549203396,-1.54265528544784,1.2569977171673,-1.25114891817288,1.25407331767009,
826,826,2,278.205,3,33.2664875581718,30.0824795775419,1.60910133272409,-1.54574252665043,1.25773644224531,-1.25018639627661,1.25396141926096,
827,827,2,278.538,3,33.2671290531869,30.0812278799516,1.61186959594488,-1.54597768560052,1.25725336521813,-1.25056488577699,1.25390912549756,
828,828,2,278.871,3,33.2676207915259,30.0824259333595,1.61384660750628,-1.54320541769266,1.25721266642096,-1.25032348696179,1.25376807669138,
829,829,2,279.205,3,33.2683896914743,30.0825376920729,1.61041133105755,-1.54568580910563,1.25799358041227,-1.25009624424995,1.25404491233111,
830,830,2,279.538,3,33.2678912476124,30.0812167040802,1.61106213927269,-1.54258469119668,1.25832336174122,-1.25099133839073,1.25465735006598,
831,831,2,279.871,3,33.2672184601576,30.0823007636004,1.61223374307156,-1.54688209295273,1.25653727127905,-1.25057531659,1.25355629393452,
832,832,2,280.205,3,33.2671424642325,30.08198113368,1.6084061935544,-1.5471818856895,1.25838315265147,-1.25089699541242,1.25464007403194,
833,833,2,280.538,3,33.2679426566206,30.0818760804894,1.6133438795805,-1.54436472803354,1.25769322887715,-1.25133518269078,1.25451420578397,
834,834,2,280.871,3,33.2682064071843,30.0817710272988,1.60988178104162,-1.54222147539258,1.25798864440255,-1.25082062696007,1.25440463568131,
835,835,2,281.205,3,33.2679560676662,30.0828617923418,1.60965714603662,-1.54550801962614,1.2578601218852,-1.24973973396268,1.25379992792394,
836,836,2,281.538,3,33.2683472231632,30.0827835612424,1.61333288997412,-1.54633056372404,1.25933943468638,-1.25037806246554,1.25485874857596,
837,837,2,281.871,3,33.2674933865926,30.0814603380755,1.61335971206427,-1.54207181185484,1.2572037257241,-1.2509837015455,1.2540937136348,
838,838,2,282.205,3,33.2673570409622,30.0813306979679,1.60857941955328,-1.54505204409361,1.25762049258291,-1.25029126320019,1.25395587789155,
839,839,2,282.538,3,33.2680342987656,30.0825175755045,1.61389019340277,-1.54468538239598,1.2583231754767,-1.25041531536912,1.25436924542291,
840,840,2,282.871,3,33.2676319673973,30.0823477022601,1.61358397454023,-1.54469618573785,1.25747380927506,-1.25058071826102,1.25402726376804,
841,841,2,283.205,3,33.2683852211257,30.0823119394718,1.61083973944187,-1.54470540583134,1.25905286672559,-1.25056954238994,1.25481120455777,
842,842,2,283.538,3,33.2675336197295,30.0819029025806,1.61131899803877,-1.54453869909048,1.25854687916271,-1.25120470439599,1.25487579177935,
843,843,2,283.871,3,33.2674755051985,30.082222532501,1.61257833242416,-1.54405515640974,1.25706114023565,-1.25013340402127,1.25359727212846,
844,844,2,284.205,3,33.2677951351189,30.0824035816168,1.61068178713322,-1.54736954718828,1.2577462211325,-1.2506268187292,1.25418651993085,
845,845,2,284.538,3,33.2684567467023,30.0819297246719,1.61181036382914,-1.54392085969448,1.25896914082479,-1.25129941990335,1.25513428036407,
846,846,2,284.871,3,33.2671737566722,30.0818693749666,1.61124505102634,-1.54153080657125,1.25785797984324,-1.25040758539162,1.25413278261743,
847,847,2,285.205,3,33.2684187487398,30.0826270990436,1.60963516682386,-1.54595039784908,1.25830250011522,-1.25035645578146,1.25432947794834,
848,848,2,285.538,3,33.2682019368357,30.0826494507863,1.61340273916721,-1.54420034959912,1.25730309784441,-1.25091105838352,1.25410707811396,
849,849,2,285.871,3,33.2689596609127,30.0833803527721,1.61286741495132,-1.54144102707505,1.25855311902405,-1.25027394060003,1.25441352981204,
850,850,2,286.205,3,33.2674442127587,30.0833468251581,1.60879790782928,-1.54334846884012,1.25844424741334,-1.24925311790966,1.2538486826615,
851,851,2,286.538,3,33.2685238019304,30.0837469213521,1.61289069801569,-1.54436742886901,1.25865481945083,-1.24953493612525,1.25409487778804,
852,852,2,286.871,3,33.268812139411,30.0834787004399,1.61363296210766,-1.54310129582882,1.25769648850622,-1.24996232006158,1.2538294042839,
853,853,2,287.205,3,33.2674866810698,30.0832350664447,1.60980187356472,-1.54238659888506,1.25805188120638,-1.24990606817717,1.25397897469177,
854,854,2,287.538,3,33.268595327507,30.0821510069244,1.61245111376047,-1.54301738366485,1.25815954209772,-1.24996828052615,1.25406391131194,
855,855,2,287.871,3,33.2680700615539,30.0831948333078,1.61268450319767,-1.54404807835817,1.25705899819369,-1.25012194875342,1.25359047347356,
856,856,2,288.205,3,33.2684187487398,30.0830271952377,1.60917192697525,-1.54517199844122,1.25769984126754,-1.25053387273476,1.25411685700115,
857,857,2,288.538,3,33.2676722005341,30.0819654874602,1.61185432225466,-1.54357329010963,1.25806333647423,-1.25114156072442,1.25460244859933,
858,858,2,288.871,3,33.267721374368,30.0828819089102,1.61252319812775,-1.54382418841124,1.25717168822702,-1.25070626054608,1.25393897438655,
859,859,2,289.205,3,33.2675269142067,30.0826248638694,1.60881709307432,-1.5461009927094,1.25786394030781,-1.25033904004904,1.25410149017842,
860,860,2,289.538,3,33.2680432394627,30.0834049396891,1.61325167864561,-1.54421404004097,1.2583408706059,-1.25018825892179,1.25426456476385,
861,861,2,289.871,3,33.2680611208568,30.0832507126645,1.61252785474062,-1.53997829183936,1.25703711211284,-1.25013396281482,1.25358553746383,
862,862,2,290.205,3,33.2672899857342,30.0838877373311,1.60812940448523,-1.54394637793303,1.25756768659209,-1.24965759131029,1.25361263895119,
863,863,2,290.538,3,33.2688479021993,30.0825779252097,1.61271747201681,-1.54484529048204,1.25880895333939,-1.25074807693035,1.25477851513487,
864,864,2,290.871,3,33.2679828897574,30.0831076615114,1.6128046438098,-1.54076684266329,1.25734947770936,-1.25088255991228,1.25411601881082,
865,865,2,291.205,3,33.2676342025715,30.0823320560402,1.60927586257458,-1.54431508854032,1.25701550542876,-1.25019356746055,1.25360453644466,
866,866,2,291.538,3,33.2683628693831,30.0828506164705,1.61394514143467,-1.54334083199501,1.25736288875465,-1.25070570175253,1.25403429525359,
867,867,2,291.871,3,33.2686489716894,30.0821934752355,1.61268971860409,-1.54455834999681,1.25696474834763,-1.25058984522239,1.25377729678501,
868,868,2,292.205,3,33.2673771575307,30.0833334141125,1.60850845277309,-1.542794611305,1.25737099126118,-1.25019654769284,1.25378376947701,
869,869,2,292.538,3,33.2687272027888,30.0834518783487,1.61323025822639,-1.54302725568414,1.25731818527036,-1.25021349776397,1.25376584151716,
870,870,2,292.871,3,33.2675000921154,30.0826069824752,1.61115415394306,-1.54385874047875,1.25667855291588,-1.25059757519989,1.25363806405788,
871,871,2,293.205,3,33.2674822107213,30.0835323446224,1.60963851958513,-1.54531626030803,1.25656474529544,-1.25030448798096,1.2534346166382,
872,872,2,293.538,3,33.2688993112075,30.082971315881,1.61275397986174,-1.54352923855186,1.25753918812085,-1.25042174149498,1.25398046480792,
873,873,2,293.871,3,33.2676945522768,30.082879673736,1.61265600472689,-1.53833646327257,1.25717364400446,-1.25000152874259,1.25358758637353,
874,874,2,294.205,3,33.2682265237527,30.0828103833337,1.60910431295633,-1.5455923974514,1.25682495682695,-1.2496212697293,1.25322311327812,
875,875,2,294.538,3,33.2688993112075,30.0828372054249,1.61413066089153,-1.54506172984838,1.25775478930032,-1.25098947574555,1.25437213252294,
876,876,2,294.871,3,33.2688590780707,30.0836329274645,1.61408577114344,-1.54092852026224,1.25686956717899,-1.25015994671507,1.25351475694703,
877,877,2,295.205,3,33.2676766708826,30.0833580010294,1.60941407084465,-1.54292769730091,1.25690365358576,-1.2501857443508,1.25354469896828,
878,878,2,295.538,3,33.2680097118486,30.0827567391512,1.61412563174963,-1.54380826279521,1.25711096599419,-1.25084456195063,1.25397776397241,
879,879,2,295.871,3,33.2681639388732,30.0829422586155,1.61243546754122,-1.54296942055225,1.25649945958191,-1.25003151732998,1.25326548845594,
880,880,2,296.205,3,33.2687741414485,30.0829087310015,1.60973612219095,-1.54404612258077,1.25745220259099,-1.25094402720319,1.25419811489709,
881,881,2,296.538,3,33.2678063109902,30.0832261257476,1.61224901676178,-1.54268331825733,1.2576947189933,-1.25096507509371,1.2543298970435,
882,882,2,296.871,3,33.267330218871,30.0828372054249,1.61232464015484,-1.54180601239204,1.25599337888677,-1.25027645517102,1.25313491702889,
883,883,2,297.205,3,33.2681102946907,30.0837737434434,1.60906445235014,-1.54766133055091,1.25751106217864,-1.25090854381253,1.25420980299559,
884,884,2,297.538,3,33.2688657835935,30.0834854059627,1.61294192075729,-1.54329352080822,1.25709932446182,-1.25115040828902,1.25412486637542,
885,885,2,297.871,3,33.2675604418207,30.0832104795277,1.61255560815334,-1.54148368164897,1.25704009234513,-1.25117713724734,1.25410861479623,
886,886,2,298.205,3,33.2679448917949,30.0832261257476,1.60887949168682,-1.54379475861788,1.25756889731145,-1.25010760638554,1.2538382518485,
887,887,2,298.538,3,33.2685573295444,30.0839413815135,1.61265097558498,-1.54494950547814,1.25813709722332,-1.2506122900968,1.25437469366006,
888,888,2,298.871,3,33.269377638501,30.0836061053732,1.61288548260927,-1.54316369444132,1.25678593441045,-1.25050109017961,1.25364351229503,
889,889,2,299.205,3,33.2682019368357,30.0835345797966,1.61060933023691,-1.5433132648468,1.25829253496351,-1.25074817006261,1.25452035251306,
890,890,2,299.538,3,33.2684656873994,30.0832104795277,1.61248072981834,-1.54304038733244,1.25841984676149,-1.25126682361271,1.2548433351871,
891,891,2,299.871,3,33.2676230267002,30.0835770481077,1.613599807024,-1.54260080307722,1.25661866887337,-1.24995710465508,1.25328788676422,
892,892,2,300.205,3,33.2692927018788,30.0832909458014,1.60991903394461,-1.54606737196445,1.25736065358044,-1.25037117067837,1.25386591212941,
893,893,2,300.538,3,33.2672206953319,30.083545755668,1.61282401531935,-1.54282264411449,1.25718109458518,-1.25086076696368,1.25402093077443,
894,894,2,300.871,3,33.2678577199984,30.0835569315393,1.61164682358503,-1.54039105400443,1.25664828493172,-1.25018518555725,1.25341673524448,
895,895,2,301.205,3,33.2685282722789,30.0841179602807,1.6086719930172,-1.5459056943655,1.25704344510645,-1.24984925749921,1.25344635130283,
896,896,2,301.538,3,33.2686065033783,30.0845493489145,1.61426234990358,-1.54424887150526,1.25836825149004,-1.25040600214322,1.25438712681663,
897,897,2,301.871,3,33.2689686016098,30.0836284571159,1.61274485290051,-1.54022155329585,1.25709243267466,-1.25044344131132,1.25376793699299,
898,898,2,302.205,3,33.2689529553899,30.0850567334735,1.60984080284834,-1.54203530400991,1.25863796251196,-1.24943388762428,1.25403592506812,
899,899,2,302.538,3,33.2692904667045,30.0837089233896,1.61171406507492,-1.54241314157844,1.25750882700443,-1.25017000499904,1.25383941600173,
900,900,2,302.871,3,33.2705555753405,30.0838989132024,1.61593239754438,-1.5416887588799,1.25737760365157,-1.25042788822408,1.25390274593782,
901,901,2,303.205,3,33.2695095137828,30.0847818070385,1.60991568118334,-1.54380882158875,1.25746859386856,-1.25018062207656,1.25382460797256,
902,902,2,303.538,3,33.2690468327092,30.0846499317566,1.61250662058592,-1.54103562235832,1.25832578317995,-1.25046691064058,1.25439634691026,
903,903,2,303.871,3,33.2691764728168,30.0841224306293,1.61394253373146,-1.54112344607711,1.25717569291416,-1.24980976942141,1.25349273116779,
904,904,2,304.205,3,33.2694290475091,30.0841917210316,1.61130428314209,-1.54451252892613,1.25766500980269,-1.24983286622163,1.25374893801216,
905,905,2,304.538,3,33.2689753071326,30.0842118376,1.61376744508743,-1.54397105798125,1.25715399309782,-1.25037824873005,1.25376612091394,
906,906,2,304.871,3,33.2694759861688,30.0839972608702,1.6126835718751,-1.53903355821967,1.25687329246934,-1.25057969380617,1.25372649313775,
907,907,2,305.205,3,33.268537212976,30.0843437128818,1.61051470786333,-1.54280327260494,1.2566501475769,-1.24957377227723,1.25311195992706,
908,908,2,305.538,3,33.2691831783396,30.0839592629077,1.61233134567738,-1.54255079105496,1.25815162585571,-1.25034127522325,1.25424645053948,
909,909,2,305.871,3,33.2691429452028,30.0841313713263,1.61329954862595,-1.54132843017578,1.25668069495783,-1.25003365937193,1.25335717716488,
910,910,2,306.205,3,33.2690155402695,30.0842654817824,1.60991456359625,-1.54304541647434,1.2575912490536,-1.25020250815741,1.25389687860551,
911,911,2,306.538,3,33.2690848306718,30.0827768557196,1.61109734326601,-1.54232876375318,1.25717578604642,-1.25091049958996,1.25404314281819,
912,912,2,306.871,3,33.2676587894885,30.0836061053732,1.61325484514236,-1.5418779104948,1.25641526801982,-1.24997582423912,1.25319554612947,
913,913,2,307.205,3,33.2687942580169,30.0845627599601,1.60999689251184,-1.54449911788106,1.25715352743653,-1.25070039321377,1.25392696032515,
914,914,2,307.538,3,33.2695072786085,30.0840978437123,1.61286573857069,-1.54428733512759,1.25763865337341,-1.25115739320844,1.25439802329093,
915,915,2,307.871,3,33.2689954237011,30.0842431300397,1.61211937665939,-1.54011743143201,1.25741867497776,-1.25029107693568,1.25385487595672,
916,916,2,308.205,3,33.2686489716894,30.0841604285918,1.60982254892588,-1.54416617006063,1.25720232874022,-1.24964026871012,1.25342129872517,
917,917,2,308.538,3,33.2694312826834,30.0844241791555,1.61189623177052,-1.54430000111461,1.25820880906271,-1.25056972865446,1.25438926885858,
918,918,2,308.871,3,33.2697017387699,30.0841246658035,1.61353126168251,-1.5387874096632,1.25694230347323,-1.25072162736881,1.25383196542102,
919,919,2,309.205,3,33.2687696710999,30.0841827803345,1.61030758172274,-1.54274152591825,1.25817872734307,-1.25037377838162,1.25427625286235,
920,920,2,309.538,3,33.2690714196262,30.0851506107928,1.61357522010803,-1.53979575261474,1.2579787723831,-1.25005722183345,1.25401799710827,
921,921,2,309.871,3,33.270135362578,30.0843347721848,1.6142325475812,-1.5414466150105,1.25768512637063,-1.24958392369346,1.25363452503204,
922,922,2,310.205,3,33.2692591742647,30.0843861811929,1.61105208098888,-1.54246687889099,1.25730943083801,-1.25033587355223,1.25382265219512,
923,923,2,310.538,3,33.2691675321197,30.0837692730948,1.61198563873768,-1.5412824228406,1.25883903505904,-1.25100949918123,1.25492426712013,
924,924,2,310.871,3,33.270260532337,30.0837245696095,1.61146875470877,-1.54129946604371,1.25742258653264,-1.25079278041465,1.25410768347364,
925,925,2,311.205,3,33.2691854135139,30.0847661608186,1.60988122224808,-1.54363941401243,1.2585629910435,-1.25043198604347,1.25449748854349,
926,926,2,311.538,3,33.2696302131933,30.085544001464,1.61211080849171,-1.54261663556099,1.25755893215975,-1.25054430354777,1.25405161785376,
927,927,2,311.871,3,33.2695899800565,30.0838653855884,1.61342080682516,-1.53843751177192,1.25732787102529,-1.25101480771999,1.25417133937264,
928,928,2,312.205,3,33.2682913438065,30.0850410872536,1.61037743091583,-1.54367303475738,1.25762775689911,-1.25029638547444,1.25396207118677,
929,929,2,312.538,3,33.2705220477264,30.0849896782454,1.61241330206394,-1.54237244278193,1.25803306849007,-1.25024330008683,1.25413818428845,
930,930,2,312.871,3,33.2702426509429,30.0845918172256,1.61402188241482,-1.54193351045251,1.25737471655154,-1.25070914764611,1.25404193209882,
931,931,2,313.205,3,33.2695296303512,30.0845649951344,1.6119746491313,-1.54179083183408,1.2580057807382,-1.25013535979871,1.25407057026845,
932,932,2,313.538,3,33.2691429452028,30.0844152384584,1.61176417022943,-1.54078891500831,1.25797895864762,-1.25114984949547,1.25456440407154,
933,933,2,313.871,3,33.2703231172165,30.0850567334735,1.61219108849764,-1.54244266450405,1.25748647526228,-1.25021936509628,1.25385292017928,
934,934,2,314.205,3,33.2702046529803,30.0847482794244,1.61398258060217,-1.54277132824063,1.25858776422438,-1.25108018656577,1.25483397539508,
935,935,2,314.538,3,33.2698067919605,30.0853920096137,1.61104332655668,-1.54076926410198,1.25900574180256,-1.2507584146111,1.25488207820683,
936,936,2,314.871,3,33.2690691844519,30.0852064901495,1.61160342395306,-1.53920073062181,1.25731948912198,-1.25011412564367,1.25371680738282,
937,937,2,315.205,3,33.269236822522,30.0848309808724,1.60933714359999,-1.54470633715391,1.2579147905212,-1.25000823426524,1.25396151239322,
938,938,2,315.538,3,33.2700951294411,30.0851059073074,1.61298047751188,-1.54066188260913,1.25800708458982,-1.24995030600017,1.253978695295,
939,939,2,315.871,3,33.2701912419347,30.0847482794244,1.61434821784496,-1.53876952826977,1.25810263828751,-1.25032637406182,1.25421450617466,
940,940,2,316.205,3,33.270443816627,30.0863039607153,1.61126460880041,-1.54195772483945,1.26003084857684,-1.24958634513219,1.25480859685451,
941,941,2,316.538,3,33.270743329979,30.085485886933,1.61379389464855,-1.54180694371462,1.25895442592788,-1.24989070135444,1.25442256364116,
942,942,2,316.871,3,33.2704460518013,30.0864470118685,1.61529593169689,-1.54127944260836,1.25774296150343,-1.24969763818164,1.25372029984253,
943,943,2,317.205,3,33.2705578105147,30.0856445843061,1.61313358694315,-1.540756970644,1.2597536869742,-1.24999985236193,1.25487676966807,
944,944,2,317.538,3,33.2708774404351,30.0866772348181,1.61204617470503,-1.53817106038332,1.25959517586946,-1.24958317863538,1.25458917725242,
945,945,2,317.871,3,33.2704080538387,30.0859373921353,1.61305759102106,-1.54127804562449,1.25824429245337,-1.24988958376733,1.25406693811035,
946,946,2,318.205,3,33.2705086366808,30.0855641180324,1.61236114799976,-1.54446661472321,1.25900294783479,-1.25030346352612,1.25465320568045,
947,947,2,318.538,3,33.2706338064398,30.0852377825892,1.6118947416544,-1.54026057571173,1.25952290523652,-1.25093033676112,1.25522662099882,
948,948,2,318.871,3,33.2712574200607,30.0861363226452,1.61498263478279,-1.5399232506752,1.25873016344832,-1.25037713114295,1.25455364729563,
949,949,2,319.205,3,33.2705555753405,30.0856132918663,1.60977076739073,-1.54189337044954,1.25907503220322,-1.25004436958171,1.25455970089247,
950,950,2,319.538,3,33.2715457575414,30.0851506107928,1.6144085675478,-1.54157932847738,1.25991033543376,-1.2503688423719,1.25513958890283,
951,951,2,319.871,3,33.2706628637053,30.0855305904184,1.61394774913788,-1.54028367251158,1.25807106645172,-1.24989833819968,1.2539847023257,
952,952,2,320.205,3,33.2708550886924,30.0855372959412,1.61227323114872,-1.54085662215948,1.25957124087891,-1.24996921184874,1.25477022636383,
953,953,2,320.538,3,33.2705064015065,30.0867711121374,1.61226224154234,-1.53918173164129,1.25936150703176,-1.24996548655838,1.25466349679507,
954,954,2,320.871,3,33.2719123261214,30.0857049340113,1.61592233926058,-1.54074663296342,1.25817770288822,-1.24962005900993,1.25389888094907,
955,955,2,321.205,3,33.270767916896,30.0863285476322,1.61137096583843,-1.54307940974832,1.25949636254272,-1.25040479142386,1.25495057698329,
956,956,2,321.538,3,33.2712909476748,30.0857809299365,1.61427855491638,-1.53959505259991,1.25991266374023,-1.25043673578868,1.25517469976445,
957,957,2,321.871,3,33.2712484793637,30.0850880259132,1.61510519683361,-1.53872389346361,1.25823432730166,-1.25055221978978,1.25439327354572,
958,958,2,322.205,3,33.2712730662806,30.0854657703646,1.61182694137096,-1.54179399833083,1.25926558080504,-1.25017792124105,1.25472175102304,
959,959,2,322.538,3,33.2720553772746,30.0867711121374,1.61536186933517,-1.5415832400322,1.25966986794114,-1.25043161351443,1.25505074072779,
960,960,2,322.871,3,33.2713200049403,30.0852780157261,1.61528810858727,-1.53931630775332,1.25819754005938,-1.24995710465508,1.25407732235723,
961,961,2,323.205,3,33.2712171869239,30.0857474023224,1.61139480769634,-1.54000967741013,1.25817760975596,-1.25007519635943,1.25412640305769,
962,962,2,323.538,3,33.2718117432793,30.085485886933,1.6119496896863,-1.54050327837467,1.25843484105519,-1.25091934715456,1.25467709410488,
963,963,2,323.871,3,33.271767039794,30.0861050302054,1.61508284509182,-1.5402402728796,1.25746468231369,-1.25032348696179,1.25389408463774,
964,964,2,324.205,3,33.2705779270831,30.0852556639834,1.61127429455519,-1.54302176088095,1.25893822091482,-1.25119064142489,1.25506443116985,
965,965,2,324.538,3,33.2709310846176,30.0847125166361,1.61279607564211,-1.54146803542972,1.25904224964807,-1.25159595301585,1.25531910133196,
966,966,2,324.871,3,33.2715614037613,30.0851215535273,1.61356963217258,-1.53860254213214,1.25775944591327,-1.25038318473978,1.25407131532652,
967,967,2,325.205,3,33.2706829802738,30.0862190240931,1.61251071840525,-1.54317691922188,1.25813188181682,-1.24975742909188,1.25394465545435,
968,968,2,325.538,3,33.271226127621,30.0865475947106,1.61558948457241,-1.54191199690104,1.25834617914466,-1.25072125483977,1.25453371699222,
969,969,2,325.871,3,33.270651687834,30.0861117357282,1.61377340555191,-1.53793022036552,1.25716135054628,-1.25027757275813,1.2537194616522,
970,970,2,326.205,3,33.2709333197918,30.0859910363177,1.61239169538021,-1.54155530035496,1.25845011474565,-1.25020269442193,1.25432640458379,
971,971,2,326.538,3,33.2717737453168,30.0861407929937,1.6139006242156,-1.53985973447561,1.25875931384537,-1.25020781669617,1.25448356527077,
972,972,2,326.871,3,33.2712551848865,30.0859865659692,1.61553472280502,-1.54075417667627,1.25792531446646,-1.2502324967448,1.25407890560563,
973,973,2,327.205,3,33.2714943485332,30.0859820956206,1.61253232508898,-1.54234003275633,1.25868126901237,-1.25001335653948,1.25434731277593,
974,974,2,327.538,3,33.270834972124,30.0861698502592,1.61319430917501,-1.53746660798788,1.25906711596121,-1.25081690166972,1.25494200881546,
975,975,2,327.871,3,33.2719883220465,30.0854456537962,1.61438249051571,-1.54066830873489,1.25789262504357,-1.25025913257085,1.25407587880721,
976,976,2,328.205,3,33.2707835631158,30.0860491508487,1.61064602434635,-1.54405562207103,1.25859996455031,-1.25049671296344,1.25454833875687,
977,977,2,328.538,3,33.2717558639226,30.0856579953517,1.6161173582077,-1.54149448499084,1.2578383289366,-1.25091524933517,1.25437678913589,
978,978,2,328.871,3,33.2710316674596,30.0855238848956,1.61421541124582,-1.53850400820374,1.25761127248928,-1.25087231536379,1.25424179392653,
979,979,2,329.205,3,33.2715167002759,30.0854635351903,1.61051582545042,-1.54059091582894,1.25753164440787,-1.25048302252138,1.25400733346462,
980,980,2,329.538,3,33.2720240848348,30.0854322427506,1.61419995129108,-1.54046872630715,1.25736847669019,-1.25023333493513,1.25380090581266,
981,981,2,329.871,3,33.2706829802738,30.086876165328,1.61556974053383,-1.53936734423041,1.25725494846653,-1.25052316252498,1.25388905549576,
982,982,2,330.205,3,33.2707299189334,30.0859865659692,1.61084644496441,-1.5425693243742,1.25868322478981,-1.25115310912453,1.25491816695717,
983,983,2,330.538,3,33.2711814241356,30.0851930791039,1.61257963627577,-1.53871895745397,1.25903386774476,-1.25072162736881,1.25487774755679,
984,984,2,330.871,3,33.2711523668701,30.0860089177119,1.61372534930706,-1.54160484671593,1.25742072388746,-1.25014187905684,1.25378130147215,
985,985,2,331.205,3,33.2710160212398,30.0857675188909,1.6107315197587,-1.5426978468895,1.25816811026555,-1.2507491013852,1.25445860582537,
986,986,2,331.538,3,33.2711836593099,30.0863643104205,1.61419454962015,-1.54121527448297,1.25810552538753,-1.25136675452657,1.25473613995705,
987,987,2,331.871,3,33.2704818145896,30.0853048378173,1.61244887858629,-1.54081219807267,1.25793444142784,-1.25106211890754,1.25449828016769,
988,988,2,332.205,3,33.2705578105147,30.0858122223762,1.60999726504087,-1.54083119705319,1.25877719523909,-1.25025512788372,1.25451616156141,
989,989,2,332.538,3,33.2719950275693,30.0852869564231,1.61379929631948,-1.54052264988422,1.2585416637562,-1.25105010484613,1.25479588430117,
990,990,2,332.871,3,33.2712685959321,30.0857317561026,1.61623116582632,-1.54167776927352,1.25801853985767,-1.2505576214608,1.25428808065923,
991,991,2,333.205,3,33.2715457575414,30.0858748072557,1.61080304533243,-1.54232196509838,1.25820899532723,-1.2506392984519,1.25442414688956,
992,992,2,333.538,3,33.2712149517496,30.0854814165845,1.61134768277407,-1.53780002146959,1.2589083254597,-1.25158375268992,1.25524603907481,
993,993,2,333.871,3,33.2715457575414,30.0865408891878,1.61343645304441,-1.54197541996837,1.25800131038977,-1.25030364979063,1.2541524800902,
994,994,2,334.205,3,33.2719190316442,30.0853294247342,1.61206852644682,-1.54308909550309,1.25921463745939,-1.25142673170133,1.25532068458036,
995,995,2,334.538,3,33.2719816165237,30.0857094043599,1.61481108516455,-1.54125317931175,1.25977901894864,-1.25171283400083,1.25574592647473,
996,996,2,334.871,3,33.2720330255319,30.0867152327807,1.61419473588467,-1.53783168643713,1.25798780621222,-1.25031501192623,1.25415140906922,
997,997,2,335.205,3,33.2710629598994,30.0861027950311,1.61295086145401,-1.54147744178772,1.25855852069507,-1.25051673639912,1.25453762854709,
998,998,2,335.538,3,33.2716932790431,30.0865185374451,1.6141552478075,-1.54024539515376,1.25917459058804,-1.25094868381613,1.25506163720209,
999,999,2,335.871,3,33.2724264162032,30.0867040569094,1.61663684993982,-1.53963267803192,1.25790640861789,-1.25027021530967,1.25408831196378,
1000,1000,2,336.205,3,33.2714719967905,30.0859999770148,1.61196123808622,-1.54084675014019,1.25929370674724,-1.25076074291757,1.2550272248324,
1010,1010,2,339.538,3,33.2719704406524,30.0856892877915,1.61367636173964,-1.53927579522133,1.25835847260285,-1.25142580037874,1.25489213649079,
1020,1020,2,342.871,3,33.2721067862828,30.0864581877398,1.6146594658494,-1.53973111882806,1.25730728879606,-1.25056572396732,1.25393650638169,
1030,1030,2,346.205,3,33.2720196144863,30.0857786947622,1.61045659333467,-1.5417150221765,1.25750174895275,-1.25126756867078,1.25438465881177,
1040,1040,2,349.538,3,33.2722744243529,30.0870907420578,1.61365196108818,-1.53824090957642,1.25812582821998,-1.2512677549353,1.25469679157764,
1050,1050,2,352.871,3,33.2730053263387,30.087475192032,1.61432288587093,-1.53804896399379,1.25728763788942,-1.25038681689788,1.25383722739365,
1060,1060,2,356.205,3,33.2725024121283,30.0871823842028,1.61150451749563,-1.54129192233086,1.2573654964579,-1.25064479325517,1.25400514485654,
1070,1070,2,359.538,3,33.2722520726102,30.0864872450053,1.61181874573231,-1.53844086453319,1.25862529652474,-1.25181686273408,1.25522107962941,
1080,1080,2,362.871,3,33.2720017330922,30.0866548830754,1.61483623087406,-1.53901102021337,1.25637354476781,-1.25041820246914,1.25339587361848,
1090,1090,2,366.205,3,33.2720442014033,30.0875467176086,1.60881299525499,-1.54076600447297,1.25812471063288,-1.25053992633159,1.25433231848224,
1100,1100,2,369.538,3,33.2717558639226,30.0864067787316,1.61295384168625,-1.53967700898647,1.2565357811629,-1.25161271682246,1.25407424899268,
1110,1110,2,372.871,3,33.2732310789398,30.0871913248999,1.61320865154266,-1.53767103329301,1.25750621930118,-1.25107189779473,1.25428905854795,
1120,1120,2,376.205,3,33.2723638313237,30.0869096929421,1.61161441355944,-1.54128856956959,1.25668320952882,-1.25184983155375,1.25426652054129,
1130,1130,2,379.538,3,33.2730321484299,30.0872606153022,1.61370895802975,-1.53925223276019,1.25845011474565,-1.25269659005214,1.2555733523989,
1140,1140,2,382.871,3,33.2738256352952,30.086692881038,1.61352623254061,-1.53861027210951,1.25776792094883,-1.25141667341737,1.2545922971831,
1150,1150,2,386.205,3,33.2727706330405,30.0868404025397,1.61101911216974,-1.54103385284543,1.2566033951829,-1.25227470091909,1.25443904805099,
1160,1160,2,389.538,3,33.2731215554007,30.0876361245793,1.61358062177897,-1.5376471914351,1.25779735074266,-1.25258613519302,1.25519174296784,
1170,1170,2,392.871,3,33.2740603285934,30.0878059978237,1.61328911781311,-1.53871336951852,1.25780694336533,-1.25102291022652,1.25441492679593,
1180,1180,2,396.205,3,33.2730299132557,30.0859820956206,1.61106269806623,-1.54262073338032,1.25682868211731,-1.25389808932487,1.25536338572109,
1190,1190,2,399.538,3,33.2743553715969,30.0863039607153,1.61348339170218,-1.5348850749433,1.25742612555848,-1.25300951444222,1.25521782000035,
1200,1200,2,402.871,3,33.2743553715969,30.0866302961585,1.61436647176743,-1.54057024046779,1.25798696802189,-1.25215269765986,1.25506983284087,
1210,1210,2,406.205,3,33.2741743224811,30.0880786890845,1.61162763834,-1.54005913063884,1.25757457837925,-1.25238999865567,1.25498228851746,
1220,1220,2,409.538,3,33.2735395329889,30.0867331141748,1.61359254270792,-1.53719773516059,1.25727869719256,-1.25235125563595,1.25481497641425,
1230,1230,2,412.871,3,33.273673643445,30.0870616847923,1.61311905831099,-1.54017927125096,1.25701103508033,-1.25217225543424,1.25459164525729,
1240,1240,2,416.205,3,33.2736110585655,30.0871712083315,1.61083862185478,-1.53788859024644,1.25691054537292,-1.25296658047084,1.25493856292188,
1250,1250,2,419.538,3,33.2733651893959,30.088923584958,1.61160919815302,-1.53420623391867,1.25659389569249,-1.25129029294197,1.25394209431723,
1260,1260,2,422.871,3,33.2731975513258,30.0886553640457,1.61465518176556,-1.53721934184432,1.25666933282224,-1.25170510402334,1.25418721842279,
1270,1270,2,426.205,3,33.2729226248908,30.0886330123031,1.60844307392836,-1.53657738119364,1.25710770636512,-1.25137783726538,1.25424277181525,
1280,1280,2,429.538,3,33.2733428376533,30.0891582782561,1.61280706524849,-1.53668411076069,1.25611361263307,-1.25126151507395,1.25368756385351,
1290,1290,2,432.871,3,33.2737943428555,30.0892633314468,1.6122343018651,-1.53835276141763,1.25717224702058,-1.25139227276552,1.25428225989305,
1300,1300,2,436.205,3,33.2738122242496,30.0893437977204,1.6096256673336,-1.537742651999,1.25699957981248,-1.25131525238737,1.25415741609992,
1310,1310,2,439.538,3,33.2749007541184,30.0891716893018,1.61528903990984,-1.53842372819781,1.25690821706645,-1.25111799826291,1.25401310766468,
1320,1320,2,442.871,3,33.2742056149209,30.090646904319,1.61146484315395,-1.5355059877038,1.25705043002587,-1.25058379162556,1.25381711082572,
1330,1330,2,446.205,3,33.2744783061816,30.089473437828,1.61055270582438,-1.53684392571449,1.25650802774974,-1.25111855705646,1.2538132924031,
1340,1340,2,449.538,3,33.2739686864484,30.089473437828,1.6128396615386,-1.53479035943747,1.2571699187141,-1.25208526990438,1.25462759430924,
1350,1350,2,452.871,3,33.2744336026963,30.0898444767566,1.61403603851795,-1.53745291754603,1.2571703843754,-1.25117629905701,1.25417334171621,
1360,1360,2,456.205,3,33.2743665474682,30.0893437977204,1.61025952547789,-1.53809897601604,1.25752112046261,-1.25223074249286,1.25487593147774,
1370,1370,2,459.538,3,33.2747912305792,30.0905172642114,1.61245614290237,-1.53226125985384,1.25731073468964,-1.2511663339053,1.25423853429747,
1380,1380,2,462.871,3,33.2749387520809,30.0907363112897,1.61557607352734,-1.53818977996707,1.25718435421424,-1.25101871927487,1.25410153674455,
1390,1390,2,466.205,3,33.2742659646261,30.0901283438887,1.60927940160036,-1.53500307351351,1.25739632323562,-1.25181928417281,1.25460780370421,
1400,1400,2,469.538,3,33.2749521631266,30.0906156118792,1.61292627453804,-1.53231527656317,1.25725010558906,-1.25089019675751,1.25407015117329,
1410,1410,2,472.871,3,33.2741117376016,30.0913196917738,1.6127360984683,-1.53750842437148,1.25623123867613,-1.25051878530881,1.25337501199247,
1420,1420,2,476.205,3,33.274672766343,30.0912146385832,1.61087159067392,-1.53776444494724,1.25718472674328,-1.25116717209563,1.25417594941946,
1430,1430,2,479.538,3,33.2753924924574,30.0914470967071,1.61383580416441,-1.53434136882424,1.25740535706473,-1.25098481913261,1.25419508809867,
1440,1440,2,482.871,3,33.2751756805534,30.0918427225526,1.61544997245073,-1.53589686378837,1.25715846344625,-1.25076232616597,1.25396039480611,
1450,1450,2,486.205,3,33.2755914229673,30.0917399045362,1.61231160163879,-1.5373962931335,1.25645643247828,-1.25186761981521,1.25416202614674,
1460,1460,2,489.538,3,33.2753410834493,30.0923679885057,1.61231309175491,-1.53272384777665,1.2571969270692,-1.25138584663965,1.25429138685443,
1470,1470,2,492.871,3,33.2770018179308,30.0914515670556,1.61412544548512,-1.53474658727646,1.25767469555762,-1.25165676838094,1.25466573196928,
1480,1480,2,496.205,3,33.2751957971218,30.0924596306507,1.61097422242165,-1.53406374156475,1.25693615674414,-1.25148242479219,1.25420929076816,
1490,1490,2,499.538,3,33.276429613318,30.0921534117759,1.611621491611,-1.53119759634137,1.25793835298271,-1.25152582442486,1.25473208870379,
1500,1500,2,502.871,3,33.2763156194303,30.0912705179399,1.6107739880681,-1.53579926118255,1.25740237683245,-1.25225747145118,1.25482992414181,
1510,1510,2,506.205,3,33.2774779100499,30.0914761539726,1.61105692386627,-1.53698427602649,1.25933552313151,-1.25308290266227,1.25620921289689,
1520,1520,2,509.538,3,33.2786066730555,30.0912906345083,1.61474104970694,-1.53329530730844,1.25891558977589,-1.25304760553613,1.25598159765601,
1530,1530,2,512.871,3,33.2769302923542,30.0913889821761,1.61472074687481,-1.53542030602694,1.25825854168899,-1.25248694933724,1.25537274551311,
1540,1540,2,516.205,3,33.2770845193787,30.0899674113413,1.61079857498407,-1.53666520491242,1.25747595131702,-1.25389799619261,1.25568697375482,
1550,1550,2,519.538,3,33.2776120205061,30.0904703255517,1.61365307867527,-1.53210274875164,1.25826981069232,-1.25318013274062,1.25572497171647,
1560,1560,2,522.871,3,33.2775539059751,30.0915856775117,1.61380767822266,-1.53698846697807,1.25813560710717,-1.25197742274851,1.25505651492784,
1570,1570,2,526.205,3,33.2775986094604,30.0916035589059,1.61061957478523,-1.53642352670431,1.25916788506539,-1.25333501168725,1.25625144837632,
1580,1580,2,529.538,3,33.2768274743378,30.0919500109175,1.61273777484894,-1.53101030737162,1.25839917140001,-1.25266716025831,1.25553316582916,
1590,1590,2,532.871,3,33.277819891713,30.0921020027677,1.61194838583469,-1.53701482340693,1.2583038970991,-1.25245304919498,1.25537847314704,
1600,1600,2,536.205,3,33.2768185336407,30.0913263972966,1.61066632717848,-1.53590617701411,1.25785108805608,-1.25264536730971,1.2552482276829,
1610,1610,2,539.538,3,33.2770375807191,30.0919611867888,1.61252710968256,-1.53244799003005,1.25740302875826,-1.25249216474374,1.254947596751,
1620,1620,2,542.871,3,33.2775740225435,30.091646027217,1.61356274038553,-1.53713403269649,1.25853719340777,-1.25284196950836,1.25568958145807,
1630,1630,2,546.205,3,33.277819891713,30.0915722664661,1.60925593227148,-1.53730167075992,1.25817826168177,-1.25290772088318,1.25554299128248,
1640,1640,2,549.538,3,33.277636607423,30.0924104568168,1.61424744874239,-1.53256580233574,1.25764833912834,-1.25238599396853,1.25501716654844,
1650,1650,2,552.871,3,33.2775427301037,30.0916326161714,1.61598660051823,-1.53739452362061,1.25844564439722,-1.25289505489596,1.25567034964659,
1660,1660,2,556.205,3,33.2780545850112,30.0919142481292,1.61037184298038,-1.5337678603828,1.25806147382905,-1.25315796726298,1.25560972054602,
1670,1670,2,559.538,3,33.2777438957879,30.0934296962832,1.61200668662786,-1.53376581147313,1.25893924536967,-1.25307666280092,1.25600795408529,
1680,1680,2,562.871,3,33.2781328161106,30.0928932544588,1.61443389952183,-1.53754316270351,1.25878986122631,-1.25215856499217,1.25547421310924,
1690,1690,2,566.205,3,33.2792593439419,30.093861084917,1.61239057779312,-1.53429005295038,1.25847852008463,-1.25320201882147,1.25584026945305,
1700,1700,2,569.538,3,33.2786983152005,30.0937180337639,1.61243360489607,-1.53157562017441,1.25841630773565,-1.25332709544524,1.25587170159045,
1710,1710,2,572.871,3,33.2787653704286,30.0947462139274,1.6145933419466,-1.53301497921348,1.2589291870857,-1.25150039931816,1.25521479320193,
1720,1720,2,576.205,3,33.2774957914441,30.0935705122621,1.60883627831936,-1.53395077213645,1.25782026127836,-1.25248592488239,1.25515309308038,
1730,1730,2,579.538,3,33.2777036626511,30.0932330009476,1.61207187920809,-1.53235904872417,1.25748312250096,-1.25235190756176,1.25491751503136,
1740,1740,2,582.871,3,33.278302689355,30.0942991790737,1.61190871149302,-1.53481801971793,1.2585847839921,-1.25201188168433,1.25529833283821,
1750,1750,2,586.205,3,33.2789173622788,30.0923210498461,1.61054451018572,-1.53364297002554,1.25852629693348,-1.25325109952194,1.25588869822771,
1760,1760,2,589.538,3,33.2805177470551,30.0963980077118,1.61248538643122,-1.52771901339293,1.26047406499719,-1.25232350222278,1.25639878360998,
1770,1770,2,592.871,3,33.2815928658782,30.0967936335573,1.61544028669596,-1.530447229743,1.26077478906135,-1.25161951547736,1.25619715226935,
1780,1780,2,596.205,3,33.2811480661988,30.0969769178473,1.61633230745792,-1.52973551303148,1.26140017218021,-1.25192629313835,1.25666323265928,
1790,1790,2,599.538,3,33.2822276553705,30.0978262840693,1.61360371857882,-1.52918482199311,1.26131430423745,-1.25100605328765,1.25616017876255,
1800,1800,2,602.871,3,33.2805915078059,30.0975245355431,1.61605533212423,-1.52951683849096,1.26138983449946,-1.25077117373057,1.25608050411502,
1810,1810,2,606.205,3,33.2809089025521,30.0973099588133,1.61459613591433,-1.52762224897742,1.26071565007691,-1.25100614641991,1.25586089824841,
1820,1820,2,609.538,3,33.2806630333825,30.0974507747922,1.61212179809809,-1.52676524594426,1.26082386976181,-1.25177681586273,1.25630034281227,
1830,1830,2,612.871,3,33.2803098758481,30.0976340590822,1.61483902484179,-1.5300115570426,1.26085870122666,-1.25126673048045,1.25606271585356,
1840,1840,2,616.205,3,33.2807412644819,30.097815108198,1.61472223699093,-1.52726517990232,1.26051234235562,-1.25163311278717,1.25607272757139,
1850,1850,2,619.538,3,33.2806473871627,30.096965741976,1.61433909088373,-1.52619117870927,1.26080477764873,-1.25142486905615,1.25611482335244,
1860,1860,2,622.871,3,33.2801332970809,30.0971445559174,1.61410085856915,-1.53137063607574,1.26008430649348,-1.25094430659996,1.25551430654672,
1870,1870,2,626.205,3,33.279625912522,30.0983850776364,1.61442905664444,-1.52772823348641,1.26016849805557,-1.25073466588506,1.25545158197032,
1880,1880,2,629.538,3,33.2802294095744,30.097640764605,1.61286052316427,-1.5265922062099,1.2605974652403,-1.25167856132954,1.25613801328492,
1890,1890,2,632.871,3,33.2786916096777,30.0979760407453,1.61362905055285,-1.52799878269434,1.25956472162079,-1.25094011564831,1.25525241863455,
1900,1900,2,636.205,3,33.2796952029243,30.0987449406937,1.61558203399181,-1.52751784771681,1.25980490971662,-1.25129252811618,1.2555487189164,
1910,1910,2,639.538,3,33.2809089025521,30.0977100550074,1.61291379481554,-1.52564980089664,1.25998567943125,-1.25182617595998,1.25590592769561,
1920,1920,2,642.871,3,33.2806160947229,30.0980185090564,1.61388721317053,-1.530244294554,1.25979224372941,-1.25049689922796,1.25514457147868,
1930,1930,2,646.205,3,33.2795588572939,30.0985035418727,1.61520875990391,-1.52845187112689,1.26034805705083,-1.25083301355052,1.25559053530067,
1940,1940,2,649.538,3,33.2804685732212,30.0984498976902,1.61450263112783,-1.524743065238,1.26004574973827,-1.25066360597148,1.25535467785488,
1950,1950,2,652.871,3,33.2806697389053,30.0999407589273,1.61533206701279,-1.52744147926569,1.2608304821522,-1.25000525403295,1.25541786809258,
1960,1960,2,656.205,3,33.2807122072164,30.0982867299686,1.61344464868307,-1.52574963867664,1.26061190074044,-1.25128321489029,1.25594755781536,
1970,1970,2,659.538,3,33.2813358208373,30.0993931412315,1.6125526279211,-1.52736892923713,1.26057166760457,-1.25103771825569,1.25580469293013,
1980,1980,2,662.871,3,33.2796125014763,30.1004168510465,1.61609519273043,-1.5286018140614,1.26062624310832,-1.24991957235472,1.25527290773152,
1990,1990,2,666.205,3,33.2802763482341,30.0990042209088,1.6131205484271,-1.52741856873035,1.26086726939449,-1.25075962533046,1.25581344736247,
2000,2000,2,669.538,3,33.2816263934922,30.1001374542629,1.6156792640686,-1.52556607499719,1.26111490807104,-1.24989312279318,1.25550401543211,
2010,2010,2,672.871,3,33.2811972400327,30.1008214175891,1.61392781883478,-1.52753023430705,1.2607571870644,-1.24947710099244,1.25511714402842,
2020,2020,2,676.205,3,33.279359926784,30.1004660248804,1.61113385111094,-1.52386808767915,1.26028156061794,-1.25031352181008,1.25529754121401,
2030,2030,2,679.538,3,33.2804596325241,30.1005107283658,1.61332506686449,-1.52453379705548,1.26031043161821,-1.25112107162745,1.25571575162283,
2040,2040,2,682.871,3,33.2812710007836,30.0995250165134,1.61606930196285,-1.5262870118022,1.25974670205478,-1.24944124507274,1.25459397356376,
2050,2050,2,686.205,3,33.280633976117,30.0997485339402,1.61326676607132,-1.5234088525176,1.25961464051159,-1.25096777592922,1.2552912082204,
2060,2060,2,689.538,3,33.2818543812676,30.0997083008034,1.61277409642935,-1.52350328862667,1.26095835274374,-1.25060083482895,1.25577959378634,
2070,2070,2,692.871,3,33.2810564240538,30.1009532928709,1.6124339774251,-1.52502981945872,1.26073800181906,-1.24951016294437,1.25512408238171,
2080,2080,2,696.205,3,33.2803746959019,30.1001933336197,1.61100160330534,-1.52657926082611,1.26020640288496,-1.25025037813851,1.25522839051174,
2090,2090,2,699.538,3,33.2808910211579,30.0990288078258,1.61184519529343,-1.52388419955969,1.26013897512948,-1.2508713840412,1.25550517958534,
2100,2100,2,702.871,3,33.2807770272702,30.1017356038649,1.61367170512676,-1.52604319155216,1.26028593783411,-1.24959435450646,1.25494014617028,
2110,2110,2,706.205,3,33.2827797434148,30.0998625278279,1.61188971251249,-1.52320265769958,1.26080449825195,-1.24980632352783,1.25530541088989,
2120,2120,2,709.538,3,33.2827439806265,30.1009689390908,1.61604508757591,-1.52448238804936,1.26166671670533,-1.24966774272651,1.25566722971592,
2130,2130,2,712.871,3,33.2816062769238,30.1009309411283,1.61341819912195,-1.52679514139891,1.26066368227642,-1.24970303985265,1.25518336106454,
2140,2140,2,716.205,3,33.2828825614311,30.100445908312,1.61352641880512,-1.5249322168529,1.26090424290129,-1.25008283320466,1.25549353805297,
2150,2150,2,719.538,3,33.2817716798197,30.1021312297104,1.6149865463376,-1.5263756737113,1.26140576011574,-1.24934634330087,1.25537605170831,
2160,2160,2,722.871,3,33.2820957800886,30.1017803073503,1.61585006862879,-1.52702145278454,1.26131570122134,-1.24945521491158,1.25538545806646,
2170,2170,2,726.205,3,33.2822164794991,30.0991115092737,1.61230582743883,-1.52780674397945,1.26126000813048,-1.25101573904258,1.25613787358653,
2180,2180,2,729.538,3,33.2829876146218,30.1002335667565,1.61500722169876,-1.52543988078833,1.26075057467402,-1.25034835327493,1.25554946397448,
2190,2190,2,732.871,3,33.2822254201962,30.1007633030581,1.61261986941099,-1.52578232809901,1.26010023210976,-1.25060279060639,1.25535151135807,
2200,2200,2,736.205,3,33.2817917963881,30.1006738960874,1.61553099751472,-1.52398254722357,1.26099784082154,-1.25007538262394,1.25553661172274,
2210,2210,2,739.538,3,33.2832848927995,30.1009823501364,1.61673203110695,-1.52362128719687,1.26135211593459,-1.24993018943224,1.25564115268341,
2220,2220,2,742.871,3,33.2819348475413,30.1011432826838,1.61474552005529,-1.52797726914287,1.26109013489016,-1.24928217517445,1.2551861550323,
2230,2230,2,746.205,3,33.2824042341377,30.1013690352849,1.61425638943911,-1.52344945818186,1.26094782879848,-1.25020437080259,1.25557609980054,
2240,2240,2,749.538,3,33.2824243507061,30.1027235508916,1.61453764885664,-1.5245514921844,1.2615270183169,-1.24897036837148,1.25524869334419,
2250,2250,2,752.871,3,33.2820041379436,30.1016707838111,1.61283127963543,-1.52391772717237,1.26012230445513,-1.2493471814912,1.25473474297317,
2260,2260,2,756.205,3,33.2820309600348,30.1007253050956,1.61048676818609,-1.52439596131444,1.26118755123302,-1.25026174027411,1.25572464575356,
2270,2270,2,759.538,3,33.2824824652371,30.1021759331958,1.615578122437,-1.52296340093017,1.26128133541778,-1.24974234166593,1.25551183854186,
2280,2280,2,762.871,3,33.2825249335482,30.1023592174858,1.61530002951622,-1.52576547116041,1.26090303218192,-1.2490272721817,1.25496515218181,
2290,2290,2,766.205,3,33.2821784815366,30.1014651477784,1.60850938409567,-1.52284083887935,1.26081381147785,-1.24994862961951,1.25538122054868,
2300,2300,2,769.538,3,33.2808530231954,30.1015970230603,1.61305982619524,-1.5216370113194,1.26060137679518,-1.24931467833283,1.254958027564,
2310,2310,2,772.871,3,33.2832871279737,30.1019233585035,1.61227807402611,-1.52468243613839,1.260992252886,-1.24929875271655,1.25514550280127,
2320,2320,2,776.205,3,33.2824914059342,30.1001665115284,1.60953663289547,-1.52231063693762,1.26161810166615,-1.24970220166232,1.25566015166424,
2330,2330,2,779.538,3,33.2811279496304,30.1018719494953,1.61224454641342,-1.52228074148297,1.26013795067464,-1.24936776372043,1.25475285719753,
2340,2340,2,782.871,3,33.2821918925822,30.1026788474062,1.61524340510368,-1.52273420244455,1.26032738168934,-1.24941852080156,1.25487295124545,
2350,2350,2,786.205,3,33.283072551244,30.1023592174858,1.61342788487673,-1.52449179440737,1.26140333867701,-1.24963710221332,1.25552022044516,
2360,2360,2,789.538,3,33.2822142443249,30.1018719494953,1.61485094577074,-1.52315897867084,1.26091001710134,-1.25009214643055,1.25550108176595,
2370,2370,2,792.871,3,33.2820756635202,30.1020619393081,1.61678232252598,-1.52571024373174,1.26022046585607,-1.24962816151646,1.25492431368626,
2380,2380,2,796.205,3,33.2828803262569,30.1017646611304,1.61209776997566,-1.52408424764872,1.26092873668539,-1.25016655910546,1.25554764789543,
2390,2390,2,799.538,3,33.2835397026661,30.1017043114251,1.61709636449814,-1.52504686266184,1.26105046054784,-1.25033727053612,1.25569386554198,
2400,2400,2,802.871,3,33.2827842137633,30.1022653401665,1.6151549294591,-1.52535038068891,1.26019876603973,-1.24937325852371,1.25478601228172,
2410,2410,2,806.205,3,33.2826769253984,30.1018227756614,1.6088904812932,-1.52524691075087,1.26128748214688,-1.25093145434823,1.25610946824755,
2420,2420,2,809.538,3,33.2829384407879,30.1009510576967,1.61472912877798,-1.52366245165467,1.26116100853922,-1.25084446881837,1.25600273867879,
2430,2430,2,812.871,3,33.2820376655577,30.1020664096566,1.61113403737545,-1.5241208486259,1.26100119358286,-1.24993112075483,1.25546615716884,
2440,2440,2,816.205,3,33.2850104473347,30.1012081027375,1.6117075458169,-1.52484038844705,1.26153148866533,-1.25131478672607,1.2564231376957,
2450,2450,2,819.538,3,33.2829496166592,30.1012840986627,1.61231644451618,-1.523800753057,1.26169912673144,-1.25056618962862,1.25613265818003,
2460,2460,2,822.871,3,33.283322890762,30.1010583460616,1.61295142024755,-1.52645725756884,1.26019448195582,-1.24977959456951,1.25498703826267,
2470,2470,2,826.205,3,33.283980031997,30.1010851681528,1.61118414252996,-1.52260465547442,1.26172194413488,-1.25137252872662,1.25654723643075,
2480,2480,2,829.538,3,33.2825048169798,30.1005554318511,1.61365959793329,-1.52638405561447,1.25966223109591,-1.25087669257996,1.25526946183794,
2490,2490,2,832.871,3,33.2826791605727,30.1009801149622,1.61005016416311,-1.5261254273355,1.26049706866515,-1.25149862980524,1.2559978492352,
2500,2500,2,836.205,3,33.2820197841635,30.1005531966769,1.60913392901421,-1.5217755921185,1.2605709225465,-1.25073233757859,1.25565163006255,
2510,2510,2,839.538,3,33.2822745940301,30.1011544585551,1.61043256521225,-1.52667965739965,1.26015881230064,-1.25101629783613,1.25558755506839,
2520,2520,2,842.871,3,33.2804037531674,30.1014807939983,1.61076784133911,-1.52621297165751,1.25937892276418,-1.25029368463893,1.25483630370155,
2530,2530,2,846.205,3,33.2794538041033,30.1002782702419,1.60846598446369,-1.52719616889954,1.2595633246369,-1.25153998052822,1.25555165258256,
2540,2540,2,849.538,3,33.2820957800886,30.1000100493296,1.61197278648615,-1.52354426681995,1.26108352249977,-1.25146733736624,1.256275429933,
2550,2550,2,852.871,3,33.2826746902242,30.1013980925504,1.60725172609091,-1.52580887079239,1.26028202627923,-1.25087492306704,1.25557847467314,
2560,2560,2,856.205,3,33.281449814725,30.1021982849385,1.60799436271191,-1.52392946183681,1.26060016607581,-1.25101126869415,1.25580571738498,
2570,2570,2,859.538,3,33.2832334837913,30.1018652439725,1.61298122256994,-1.52361104264855,1.26057306458846,-1.24983957174428,1.25520631816637,
2580,2580,2,862.871,3,33.282256712636,30.1024799168963,1.61445941776037,-1.52595583349466,1.26047574137785,-1.24990318107714,1.2551894612275,
2590,2590,2,866.205,3,33.2832245430942,30.1039953650503,1.61187760531902,-1.5202353708446,1.26161428324354,-1.24915802987327,1.2553861565584,
2600,2600,2,869.538,3,33.282381882395,30.1027727247255,1.60978473722935,-1.52488304302096,1.26088589584628,-1.24957833575792,1.2552321158021,
2610,2610,2,872.871,3,33.28229024025,30.1028755427418,1.61097068339586,-1.52451228350401,1.2606328554987,-1.24985354158312,1.25524319854091,
2620,2620,2,876.205,3,33.2821002504372,30.1024352134109,1.61090511828661,-1.52248879894614,1.25985538740098,-1.24983240056034,1.25484389398066,
2630,2630,2,879.538,3,33.2825852832534,30.1020999372707,1.61114949733019,-1.52313439175487,1.26068361257983,-1.25006830457226,1.25537595857605,
2640,2640,2,882.871,3,33.2820197841635,30.1019255936777,1.61055494099855,-1.5265422873199,1.26004938189637,-1.24961130457759,1.25483034323698,
2650,2650,2,886.205,3,33.2835151157491,30.1022116959841,1.60832311958075,-1.52441821992397,1.26106890073512,-1.25032162431661,1.25569526252586,
2660,2660,2,889.538,3,33.2826523384815,30.1015567899234,1.61219593137503,-1.52498669922352,1.26062214528892,-1.25083720450217,1.25572967489555,
2670,2670,2,892.871,3,33.2827462158008,30.1020798207023,1.60962454974651,-1.52759412303567,1.26052696412028,-1.25037899378813,1.2554529789542,
2680,2680,2,896.205,3,33.282174011188,30.1014942050439,1.61184705793858,-1.52212381362915,1.26084724595881,-1.25072078917848,1.25578401756864,
2690,2690,2,899.538,3,33.2839755616484,30.1017043114251,1.61370951682329,-1.52690531685948,1.2611676209296,-1.25105597217845,1.25611179655403,
2700,2700,2,902.871,3,33.2823416492582,30.1026386142694,1.61066055297852,-1.52429258450866,1.26118978640724,-1.24955188619638,1.25537083630181,
2710,2710,2,906.205,3,33.2831172547293,30.1022675753408,1.61033384501934,-1.52459489181638,1.26220390357496,-1.25084381689255,1.25652386023376,
2720,2720,2,909.538,3,33.2812017103812,30.1029247165757,1.60925276577473,-1.52207976207137,1.25998353738929,-1.25032916802959,1.25515635270944,
2730,2730,2,912.871,3,33.2815548679157,30.102719080543,1.6123479232192,-1.52377616614103,1.26044109617752,-1.24919332699941,1.25481721158847,
2740,2740,2,916.205,3,33.2816621562805,30.1016417265456,1.60715356469154,-1.52199333533645,1.26060649906942,-1.25082183767944,1.25571416837443,
2750,2750,2,919.538,3,33.2823014161213,30.1019658268146,1.61308944225311,-1.52195766568184,1.2597818129164,-1.24997507918105,1.25487844604873,
2760,2760,2,922.871,3,33.2802897592797,30.1024083913197,1.6088156029582,-1.52533780783415,1.26037366842204,-1.24938285114638,1.25487825978421,
2770,2770,2,926.205,3,33.2812151214269,30.1035125674084,1.60905290395021,-1.52183948084712,1.25934437069611,-1.24942811342423,1.25438624206017,
2780,2780,2,929.538,3,33.2822053036278,30.1028643668705,1.61006897687912,-1.52450473979115,1.26040905868044,-1.25018406797014,1.25529656332529,
2790,2790,2,932.871,3,33.2806116243744,30.1020172358227,1.6096668317914,-1.52458352968097,1.26038717259959,-1.2496775216137,1.25503234710665,
2800,2800,2,936.205,3,33.2817113301145,30.1027079046717,1.60951688885689,-1.52280516922474,1.25988509659158,-1.24982047963119,1.25485278811139,
2810,2810,2,939.538,3,33.2816755673262,30.1021647573245,1.60851273685694,-1.52323860675097,1.26040980373851,-1.25096768279696,1.25568874326774,
2820,2820,2,942.871,3,33.2816710969776,30.1012550413972,1.61035172641277,-1.52773931622505,1.26002842713811,-1.25048507143107,1.25525674928459,
2830,2830,2,946.205,3,33.2827037474897,30.1021714628473,1.60962510854006,-1.52439223602414,1.26043196921615,-1.250213870293,1.25532291975458,
2840,2840,2,949.538,3,33.2815436920443,30.1023748637057,1.61458514630795,-1.52567774057388,1.25985436294613,-1.25039082158501,1.25512259226557,
2850,2850,2,952.871,3,33.2818119129565,30.1020842910508,1.60903036594391,-1.52540216222405,1.26038698633507,-1.24925032394189,1.25481865513848,
2860,2860,2,956.205,3,33.2821784815366,30.1019457102461,1.60899348556995,-1.5216969884932,1.26027196799527,-1.24988474088987,1.25507835444257,
2870,2870,2,959.538,3,33.2818566164419,30.1030722380775,1.61245334893465,-1.52440750971437,1.26052370449121,-1.24927863614861,1.25490117031991,
2880,2880,2,962.871,3,33.280774792096,30.1013153911024,1.60860661417246,-1.52465589344501,1.26018535499444,-1.24954536693825,1.25486536096635,
2890,2890,2,966.205,3,33.2811190089333,30.1015053809153,1.60852260887623,-1.52636747807264,1.26056654533033,-1.25143967708533,1.25600311120783,
2900,2900,2,969.538,3,33.2809469005146,30.1013645649363,1.60682816058397,-1.52246057987213,1.26048533400052,-1.2509092888706,1.25569731143556,
2910,2910,2,972.871,3,33.2797019084471,30.1020284116941,1.60634070634842,-1.52525035664439,1.25965543244101,-1.25027654830328,1.25496599037214,
2920,2920,2,976.205,3,33.279301812253,30.1025380314273,1.6041025519371,-1.52274174615741,1.26052249377185,-1.2504421374597,1.25548231561577,
2930,2930,2,979.538,3,33.2804350456071,30.102044057914,1.60830710083246,-1.5232584439218,1.2596132435277,-1.2501914254186,1.25490233447315,
2940,2940,2,982.871,3,33.2802986999768,30.1020641744824,1.6084810718894,-1.52594614773989,1.26022773017226,-1.25002220410408,1.25512496713817,
2950,2950,2,986.205,3,33.2794448634062,30.1026676715349,1.60593520849943,-1.52401681989431,1.26118140450393,-1.25062085826462,1.25590113138428,
2960,2960,2,989.538,3,33.2798136671605,30.1022116959841,1.60500817000866,-1.52399865910411,1.25975648094197,-1.25033792246193,1.25504720170195,
2970,2970,2,992.871,3,33.2799477776166,30.1026676715349,1.61157008260489,-1.52455056086183,1.26000486467659,-1.25006625566257,1.25503556016958,
2980,2980,2,996.205,3,33.2790648837806,30.1022496939467,1.60756837576628,-1.52578363195062,1.25943647850021,-1.24981619554728,1.25462633702375,
2990,2990,2,999.538,3,33.2820376655577,30.1024732113735,1.60992313176394,-1.52271622791886,1.26016495902973,-1.25066099826823,1.25541297864898,
3000,3000,2,1002.871,3,33.2815101644303,30.1027727247255,1.61006152629852,-1.52571778744459,1.26027858038565,-1.25026555869672,1.25527206954119,
3010,3010,2,1006.205,3,33.2812397083438,30.1025045038133,1.60487964749336,-1.52463745325804,1.26059876909193,-1.2509301504966,1.25576445979426,
3020,3020,2,1009.538,3,33.2816085120981,30.1019412398976,1.6096368432045,-1.52453659102321,1.26122554919467,-1.25101965059745,1.25612259989606,
3030,3030,2,1012.871,3,33.2823975286149,30.1013086855796,1.60524100065231,-1.52582824230194,1.26159044138525,-1.25102691491365,1.25630867814945,
3040,3040,2,1016.205,3,33.2827797434148,30.1011008143727,1.6094159334898,-1.52277844026685,1.26179319031298,-1.25129709159687,1.25654514095493,
3050,3050,2,1019.538,3,33.2815816900069,30.1019211233292,1.60862188786268,-1.52329038828611,1.25987941552379,-1.25089215253495,1.25538578402937,
3060,3060,2,1022.871,3,33.281291117352,30.1021044076192,1.60810835659504,-1.52435461059213,1.26005292092221,-1.2503776899365,1.25521530542936,
3070,3070,2,1026.205,3,33.2820197841635,30.1028755427418,1.60928927361965,-1.52292987331748,1.26064589401496,-1.25044344131132,1.25554466766314,
3080,3080,2,1029.538,3,33.2824221155318,30.1018607736239,1.61038096994162,-1.52444327250123,1.26079108720666,-1.25051859904429,1.25565484312548,
3090,3090,2,1032.871,3,33.2812374731695,30.1028040171652,1.6069557517767,-1.52449570596218,1.26011811350348,-1.25012083116631,1.2551194723349,
3100,3100,2,1036.205,3,33.2793755730039,30.1011656344264,1.60320848226547,-1.52248134836555,1.25982009027483,-1.2513301535488,1.25557512191182,
3110,3110,2,1039.538,3,33.2813760539742,30.1011611640779,1.60857625305653,-1.5246688388288,1.26042116587411,-1.25141406571411,1.25591761579411,
3120,3120,2,1042.871,3,33.2814386388537,30.1009689390908,1.60784590989351,-1.52640454471111,1.26023546014976,-1.25139972334624,1.255817591748,
3130,3130,2,1046.205,3,33.2817582687741,30.1014226794673,1.60496775060892,-1.52249895036221,1.26042060708055,-1.25110523914343,1.25576292311199,
3140,3140,2,1049.538,3,33.2814520498993,30.102285456735,1.60741843283176,-1.52372140437365,1.25990186039819,-1.25005610424634,1.25497898232227,
3150,3150,2,1052.871,3,33.2813402911859,30.102893424136,1.60944759845734,-1.52447801083326,1.26045758058736,-1.24986462432194,1.25516110245465,
3160,3160,2,1056.205,3,33.2811123034105,30.1030968249944,1.60589721053839,-1.52418818324804,1.26090554675291,-1.25108372559161,1.25599463617226,
3170,3170,2,1059.538,3,33.282931735265,30.1024352134109,1.61199793219566,-1.52314146980643,1.260420048287,-1.25063249979699,1.255526274042,
3180,3180,2,1062.871,3,33.2824109396605,30.1025670886928,1.60756185650826,-1.52575979009271,1.26085953941699,-1.25102887069109,1.25594420505404,
3190,3190,2,1066.205,3,33.2822008332792,30.102111113142,1.60601865500212,-1.52270356193185,1.2608184680908,-1.25080246616958,1.25581046713019,
3200,3200,2,1069.538,3,33.28117488829,30.1028755427418,1.60942375659943,-1.52410911396146,1.25993603993723,-1.25037750367198,1.25515677180461,
3210,3210,2,1072.871,3,33.2814833423391,30.1021938145899,1.60602610558271,-1.52512462809682,1.26023424943039,-1.25021694365755,1.25522559654397,
3220,3220,2,1076.205,3,33.2802696427113,30.1021625221502,1.60618871450424,-1.52074918150902,1.2595758043596,-1.25071436305261,1.25514508370611,
3230,3230,2,1079.538,3,33.2809692522573,30.1019591212918,1.60719379782677,-1.52216423302889,1.25967508334765,-1.25071473558165,1.25519490946465,
3240,3240,2,1082.871,3,33.2825338742453,30.1034857453171,1.60927027463913,-1.52281196787953,1.26074321722556,-1.24997582423912,1.25535952073234,
3250,3250,2,1086.205,3,33.2813335856631,30.1027883709454,1.6050860285759,-1.521454192698,1.26126131198211,-1.25058379162556,1.25592255180384,
3260,3260,2,1089.538,3,33.2823774120465,30.1019725323374,1.60767305642366,-1.52185661718249,1.26052454268154,-1.25073829804316,1.25563142036235,
3270,3270,2,1092.871,3,33.2810407778339,30.1028286040822,1.60614792257547,-1.52489244937897,1.26000039432816,-1.25033671174256,1.25516855303536,
3280,3280,2,1096.205,3,33.2809714874316,30.1030677677289,1.60595569759607,-1.5226474031806,1.26029515792775,-1.25055119533493,1.25542317663134,
3290,3290,2,1099.538,3,33.280725618262,30.1032823444587,1.60691700875759,-1.52195934206247,1.25996612165687,-1.25041820246914,1.25519216206301,
3300,3300,2,1102.871,3,33.2817962667367,30.1027146101945,1.60368978977203,-1.52334533631802,1.26070000385741,-1.25002350795571,1.25536175590656,
3310,3310,2,1106.205,3,33.2812218269497,30.102052998611,1.60502418875694,-1.52199901640415,1.26143751821605,-1.2510549477236,1.25624623296982,
3320,3320,2,1109.538,3,33.2810474833567,30.1012192786089,1.60471014678478,-1.52472406625748,1.26017715935565,-1.25130687048406,1.25574201491986,
3330,3330,2,1112.871,3,33.2807926734901,30.1026386142694,1.60657800734043,-1.5239030122757,1.26072682594799,-1.24914489822476,1.25493586208637,
3340,3340,2,1116.205,3,33.2810586592281,30.1027414322857,1.6055803745985,-1.52361122891307,1.26073157569319,-1.2507116622171,1.25572161895515,
3350,3350,2,1119.538,3,33.2811100682362,30.1027570785056,1.60712096840143,-1.52399176731706,1.2604450077324,-1.25090621550605,1.25567561161923,
3360,3360,2,1122.871,3,33.2810206612655,30.1031772912681,1.60977691411972,-1.52594856917858,1.25981003199087,-1.25060828540967,1.25520915870027,
3370,3370,2,1126.205,3,33.281840970222,30.1021289945362,1.60430334508419,-1.52209531515837,1.26021897573992,-1.25077843804677,1.25549870689335,
3380,3380,2,1129.538,3,33.2813089987461,30.1031638802225,1.60898379981518,-1.5233120881021,1.25939559343853,-1.250843258099,1.25511942576877,
3390,3390,2,1132.871,3,33.281233002821,30.1039528967392,1.60677637904882,-1.52358431369066,1.25950083289115,-1.24982420492155,1.25466251890635,
3400,3400,2,1136.205,3,33.2807814976188,30.1027011991489,1.60384718328714,-1.52073353528976,1.25986833278497,-1.25054160271226,1.25520496774861,
3410,3410,2,1139.538,3,33.2809290191205,30.103834432503,1.60770919173956,-1.52246737852693,1.25929389301176,-1.25017922509267,1.25473655905222,
3420,3420,2,1142.871,3,33.2795879145594,30.1045943917543,1.60646438598633,-1.52164911851287,1.26018889402028,-1.24899206818782,1.25459048110405,
3430,3430,2,1146.205,3,33.2804730435697,30.1041808845146,1.60683318972588,-1.52222076430917,1.26095257854369,-1.25000413644585,1.25547835749477,
3440,3440,2,1149.538,3,33.2803881069475,30.1028777779161,1.60716958343983,-1.52301043272018,1.26060901364041,-1.25029545415185,1.25545223389613,
3450,3450,2,1152.871,3,33.2808887859836,30.1041719438176,1.60851143300533,-1.52538558468223,1.25982269797808,-1.25016730416353,1.25499500107081,
3460,3460,2,1156.205,3,33.2808552583696,30.1036243261218,1.60589925944805,-1.52187552303076,1.25962600264718,-1.25001633677177,1.25482116970947,
3470,3470,2,1159.538,3,33.2798695465172,30.103950661565,1.60891097038984,-1.52220679447055,1.26030363296331,-1.25009587172091,1.25519975234211,
3480,3480,2,1162.871,3,33.2810273667883,30.1036332668189,1.60790160298347,-1.52328936383128,1.26014577378439,-1.24967780101048,1.25491178739743,
3490,3490,2,1166.205,3,33.2796683808331,30.1038277269802,1.60681158304214,-1.52098992839456,1.25932928327016,-1.24967146801687,1.25450037564351,
3500,3500,2,1169.538,3,33.280300935151,30.1032510520189,1.60479489713907,-1.52105940505862,1.25902343693176,-1.25011030722105,1.25456687207641,
3510,3510,2,1172.871,3,33.2808150252328,30.1031907023137,1.60589441657066,-1.52122369036078,1.26008710046125,-1.24900845946539,1.25454777996332,
3520,3520,2,1176.205,3,33.2814922830361,30.1052984716489,1.60755030810833,-1.52077367529273,1.26003066231232,-1.24911220880187,1.25457143555709,
3530,3530,2,1179.538,3,33.2809200784234,30.10385901942,1.60738322883844,-1.52057725936174,1.25949729386531,-1.24960590290657,1.25455159838594,
3540,3540,2,1182.871,3,33.2812866470034,30.1049766065542,1.60568915307522,-1.52417831122875,1.26030912776659,-1.24904031069795,1.25467471923227,
3550,3550,2,1186.205,3,33.2816196879694,30.1041630031205,1.60449333488941,-1.52132641524076,1.2608071059552,-1.25030951712295,1.25555831153908,
3560,3560,2,1189.538,3,33.2811771234643,30.1027414322857,1.60811860114336,-1.52289131656289,1.26036100243482,-1.25003393876871,1.25519747060177,
3570,3570,2,1192.871,3,33.2810765406222,30.1033561052096,1.60601213574409,-1.5259868465364,1.2599513136277,-1.25054216150581,1.25524673756675,
3580,3580,2,1196.205,3,33.2809804281287,30.1039618374363,1.60580165684223,-1.52135128155351,1.26041371529339,-1.25018295038303,1.25529833283821,
3590,3590,2,1199.538,3,33.281474401642,30.1028263689079,1.60602070391178,-1.52328750118613,1.25974064845795,-1.25006085399155,1.25490075122475,
3600,3600,2,1202.871,3,33.2806026836773,30.1037293793124,1.60598400980234,-1.52328843250871,1.26024570469824,-1.24984963002824,1.25504766736324,
3610,3610,2,1206.205,3,33.2813894650198,30.1043082894479,1.60223860293627,-1.52238113805652,1.26082405602633,-1.24986453118968,1.255344293608,
3620,3620,2,1209.538,3,33.2807479700047,30.1039171339509,1.60687994211912,-1.52162490412593,1.26006288607392,-1.24995533514216,1.25500911060804,
3630,3630,2,1212.871,3,33.2802964648025,30.1042121769544,1.6051022335887,-1.52494665235281,1.26002358426064,-1.24981880325053,1.25492119375559,
3640,3640,2,1216.205,3,33.2808396121497,30.1037718476235,1.60231310874224,-1.52153680101037,1.25991294313701,-1.250013542804,1.2549632429705,
3650,3650,2,1219.538,3,33.2815883955297,30.1051956536325,1.60699114203453,-1.52065493166447,1.2597890772326,-1.2497342391594,1.254761658196,
3660,3660,2,1222.871,3,33.2820466062547,30.1053051771717,1.60582661628723,-1.52046736329794,1.26044109617752,-1.24866116927176,1.25455113272464,
3670,3670,2,1226.205,3,33.281474401642,30.1040959478924,1.60429961979389,-1.52060938999057,1.26052016546537,-1.24929418923586,1.25490717735062,
3680,3680,2,1229.538,3,33.2807971438386,30.1034566880516,1.60464029759169,-1.52280405163765,1.25991918299836,-1.24996343764868,1.25494131032352,
3690,3690,2,1232.871,3,33.281116773759,30.1045630993145,1.6050523146987,-1.52246784418821,1.26008058120312,-1.24862885237791,1.25435471679051,
3700,3700,2,1236.205,3,33.2807300886106,30.1045519234432,1.60631984472275,-1.52119286358356,1.25990372304337,-1.24894876168741,1.25442624236539,
3710,3710,2,1239.538,3,33.2819214364957,30.1043976964187,1.604282297194,-1.52001148089767,1.25992449153712,-1.24964604291018,1.25478526722365,
3720,3720,2,1242.871,3,33.2808910211579,30.1049319030688,1.60528663545847,-1.52301955968142,1.26002339799612,-1.24874061108865,1.25438200454239,
3730,3730,2,1246.205,3,33.2818677923133,30.1047843815671,1.60267073661089,-1.52056030929089,1.26075513815471,-1.24947635593437,1.25511574704454,
3740,3740,2,1249.538,3,33.2813022932233,30.1040445388842,1.60859301686287,-1.52296433225274,1.25994572569216,-1.25029061127438,1.25511816848327,
3750,3750,2,1252.871,3,33.2812441786923,30.1052604736863,1.60569753497839,-1.52273830026388,1.26119518807825,-1.24885497750264,1.25502508279045,
3760,3760,2,1256.205,3,33.2809401949918,30.1046726228537,1.60356145352125,-1.5194445848465,1.25970516506729,-1.24917926402831,1.2544422145478,
3770,3770,2,1259.538,3,33.2809446653404,30.1054392876278,1.60356462001801,-1.52115244418383,1.25937156531572,-1.24919770421558,1.25428463476565,
3780,3780,2,1262.871,3,33.2806183298972,30.104983312077,1.60562787204981,-1.52165917679667,1.2600470535899,-1.24901721389773,1.25453213374382,
3790,3790,2,1266.205,3,33.2835486433631,30.1050570728279,1.60695351660252,-1.52189563959837,1.26101209005716,-1.24938955666902,1.25520082336309,
3800,3800,2,1269.538,3,33.2813268801403,30.1058282079505,1.60561539232731,-1.52131943032146,1.2597053513318,-1.24940585481434,1.25455560307307,
3810,3810,2,1272.871,3,33.2821248373541,30.1056672754032,1.60587057471275,-1.52378547936678,1.26009641368714,-1.24925293164514,1.25467467266614,
3820,3820,2,1276.205,3,33.2822634181588,30.1058818521329,1.60629283636808,-1.51956994086504,1.26116752779735,-1.24977512422108,1.25547132600921,
3830,3830,2,1279.538,3,33.282323767864,30.1055108132044,1.61083191633224,-1.52207529172301,1.26082871263928,-1.24923346700302,1.25503108982115,
3840,3840,2,1282.871,3,33.2810765406222,30.1051978888068,1.6044782474637,-1.52322361245751,1.26057641734978,-1.24939365448842,1.2549850359191,
3850,3850,2,1286.205,3,33.282024254512,30.1051688315413,1.60513240844011,-1.52066526934505,1.26039499570934,-1.25012204188568,1.25525851879751,
3860,3860,2,1289.538,3,33.2816934487203,30.1055286945985,1.60455126315355,-1.52331218123436,1.26005124454155,-1.24948883565707,1.25477004009931,
3870,3870,2,1292.871,3,33.2824511727973,30.1049699010314,1.601642370224,-1.5196843072772,1.26114247521969,-1.24856915459992,1.2548558149098,
3880,3880,2,1296.205,3,33.2814565202478,30.1051889481097,1.60455815494061,-1.5202927403152,1.26092966800798,-1.24956678735781,1.2552482276829,
3890,3890,2,1299.538,3,33.2822701236816,30.1056113960465,1.60550381988287,-1.52194416150451,1.26037515853818,-1.24856077269661,1.2544679656174,
3900,3900,2,1302.871,3,33.2817537984256,30.1065971078989,1.60322338342667,-1.52265718206763,1.26051001404915,-1.2490751421628,1.25479257810598,
3910,3910,2,1306.205,3,33.280566920889,30.1045318068748,1.60085987299681,-1.51936961337924,1.25942865539046,-1.24952571603161,1.25447718571103,
3920,3920,2,1309.538,3,33.2811882993356,30.1055890443038,1.60436406731606,-1.51971587911248,1.25941785204842,-1.24947570400855,1.25444677802849,
3930,3930,2,1312.871,3,33.2811659475929,30.103834432503,1.60472448915243,-1.52508113533258,1.26033455287328,-1.24982923406353,1.25508189346841,
3940,3940,2,1316.205,3,33.2808552583696,30.1057902099879,1.6014726832509,-1.51973953470588,1.25957999531126,-1.24915542217002,1.25436770874064,
3950,3950,2,1319.538,3,33.2820130786407,30.1057119788885,1.60491932183504,-1.51982419192791,1.26064747726336,-1.24955263125445,1.2551000542589,
3960,3960,2,1322.871,3,33.2805356284492,30.1062618317586,1.60453375428915,-1.52279837056994,1.26051951353956,-1.24859420717758,1.25455686035857,
3970,3970,2,1326.205,3,33.2803434034621,30.1055354001213,1.60442553460598,-1.52194229885936,1.25928485918264,-1.24990550938362,1.25459518428313,
3980,3980,2,1329.538,3,33.2808865508094,30.106581461679,1.60598494112492,-1.52092697098851,1.25919349643661,-1.24888515235454,1.25403932439557,
3990,3990,2,1332.871,3,33.280233879923,30.1051621260185,1.60357393324375,-1.52178984135389,1.26053637047843,-1.24902429194942,1.25478033121392,
4000,4000,2,1336.205,3,33.2797935505921,30.1062841835013,1.6007112339139,-1.51935322210193,1.25923168066278,-1.24915272133451,1.25419220099864,
4010,4010,2,1339.538,3,33.2809267839462,30.1056024553494,1.60238761454821,-1.52014084160328,1.25994945098252,-1.24928552793577,1.25461748945915,
4020,4020,2,1342.871,3,33.280875374938,30.1060472550288,1.60042755305767,-1.52147365733981,1.26016235132648,-1.24924538793217,1.25470386962932,
4030,4030,2,1346.205,3,33.2816219231437,30.105007898994,1.60385388880968,-1.52093935757875,1.2601230495132,-1.2505498914833,1.25533647049825,
4040,4040,2,1349.538,3,33.2820622524746,30.1048313202268,1.60384867340326,-1.52253154665232,1.25995690156323,-1.24965079265538,1.25480384710931,
4050,4050,2,1352.871,3,33.2821807167108,30.1042233528257,1.60477664321661,-1.52317816391587,1.26135314038944,-1.24988790738667,1.25562052388806,
4060,4060,2,1356.205,3,33.2827104530125,30.1050302507367,1.60289090126753,-1.5220757573843,1.26061599855983,-1.25058742378366,1.25560171117175,
4070,4070,2,1359.538,3,33.2817202708115,30.1058393838218,1.60422101616859,-1.52101898565888,1.26070009698967,-1.24896561862628,1.25483285780797,
4080,4080,2,1362.871,3,33.280866434241,30.1054370524535,1.60095654428005,-1.52329662814736,1.26062568431476,-1.24922927605137,1.25492748018307,
4090,4090,2,1366.205,3,33.2819661399811,30.1054974021588,1.60275474190712,-1.5193272382021,1.26030232911168,-1.24948026748924,1.25489129830046,
4100,4100,2,1369.538,3,33.2817537984256,30.1052671792091,1.60352140665054,-1.51924155652523,1.26002246667353,-1.25006523120772,1.25504384894063,
4110,4110,2,1372.871,3,33.2800573011558,30.1060673715972,1.60227622836828,-1.52054112404585,1.26052407702025,-1.24892147393553,1.25472277547789,
4120,4120,2,1376.205,3,33.2818499109191,30.1054974021588,1.60744581371546,-1.52118988335133,1.2607810289227,-1.24968357521053,1.25523230206662,
4130,4130,2,1379.538,3,33.2817359170314,30.1074978831291,1.60241592675447,-1.52023807168007,1.26042228346121,-1.2487790747116,1.25460067908641,
4140,4140,2,1382.871,3,33.2802629371885,30.1054124655366,1.60281602293253,-1.52176935225725,1.26032142122477,-1.24914378063765,1.25473260093121,
4150,4150,2,1386.205,3,33.279751082281,30.1061768951364,1.60012785345316,-1.52000840753317,1.259590332992,-1.24842265755659,1.25400649527429,
4160,4160,2,1389.538,3,33.2791542907513,30.1063534739036,1.60488784313202,-1.52101824060082,1.25979894925205,-1.24903211505917,1.25441553215561,
4170,4170,2,1392.871,3,33.279152055577,30.1062372448416,1.60153266042471,-1.52229107916355,1.25959741104368,-1.2484289905502,1.25401320079694,
4180,4180,2,1396.205,3,33.2804328104329,30.1058125617306,1.60107593983412,-1.52001772075891,1.25940425473861,-1.24964390086822,1.25452407780342,
4190,4190,2,1399.538,3,33.2802607020142,30.1057388009798,1.60489194095135,-1.52174429967999,1.25932751375724,-1.24941339852732,1.25437045614228,
4200,4200,2,1402.871,3,33.2796035607793,30.1049609603343,1.60305835306644,-1.52256796136498,1.25999387507004,-1.24919034676713,1.25459211091858,
4210,4210,2,1406.205,3,33.279026885818,30.1042434693941,1.60040128976107,-1.52043830603361,1.25902865233826,-1.25044996056945,1.25473930645385,
4220,4220,2,1409.538,3,33.2800796528985,30.1055421056441,1.60347204655409,-1.52174485847354,1.25938544202231,-1.24965908142643,1.25452226172437,
4230,4230,2,1412.871,3,33.2794962724144,30.1054303469307,1.60231720656157,-1.52375623583794,1.25963317383112,-1.24967137488461,1.25465227435786,
4240,4240,2,1416.205,3,33.2795476814226,30.1048223795297,1.60090774297714,-1.52213899418712,1.2592459298984,-1.25024376574813,1.25474484782326,
4250,4250,2,1419.538,3,33.2812195917754,30.1052090646781,1.60466469824314,-1.52083421126008,1.26001883451544,-1.24909684197914,1.25455783824729,
4260,4260,2,1422.871,3,33.2800952991183,30.1068407418941,1.60394757986069,-1.52221629396081,1.26104729405104,-1.24874191494027,1.25489460449566,
4270,4270,2,1426.205,3,33.2810273667883,30.1056046905237,1.60193461924791,-1.519475877285,1.26060174932421,-1.24962043153896,1.25511109043159,
4280,4280,2,1429.538,3,33.2805982133287,30.1068675639853,1.60506833344698,-1.52061311528087,1.25978553820676,-1.24912338467294,1.25445446143985,
4290,4290,2,1432.871,3,33.2806987961708,30.1064048829118,1.60144399851561,-1.52259171009064,1.2604107350611,-1.24876333535983,1.25458703521047,
4300,4300,2,1436.205,3,33.2806116243744,30.1058527948675,1.60224549472332,-1.51882115751505,1.2603367880475,-1.24972771990128,1.25503225397439,
4310,4310,2,1439.538,3,33.2810407778339,30.1078197482237,1.60431638360023,-1.51866134256124,1.25947894681029,-1.2482599555002,1.25386945115525,
4320,4320,2,1442.871,3,33.2796147366506,30.1063288869866,1.60148274153471,-1.51995122432709,1.25976141695169,-1.24870671094639,1.25423406394904,
4330,4330,2,1446.205,3,33.2798561354716,30.1052224757237,1.59913115203381,-1.52124436572194,1.25953864458828,-1.24956306206745,1.25455085332787,
4340,4340,2,1449.538,3,33.280533393275,30.1070553186239,1.6030240803957,-1.52085861191154,1.25938730466748,-1.24931803109415,1.25435266788082,
4350,4350,2,1452.871,3,33.2798494299488,30.1072877767478,1.60001907497644,-1.52189424261451,1.26010870714532,-1.24826172501312,1.25418521607922,
4360,4360,2,1456.205,3,33.2797376712354,30.1061590137422,1.59942097961903,-1.51944411918521,1.25916760566862,-1.2486048242551,1.25388621496186,
4370,4370,2,1459.538,3,33.2802718778855,30.1067669811433,1.60128511488438,-1.52080887928605,1.25910828041967,-1.24964045497464,1.25437436769715,
4380,4380,2,1462.871,3,33.2803881069475,30.1067245128322,1.60184670239687,-1.52097586542368,1.26050209780714,-1.24808132782753,1.25429171281733,
4390,4390,2,1466.205,3,33.2804015179931,30.1050369562595,1.60189550369978,-1.51842031627893,1.26031043161821,-1.24970192226555,1.25500617694188,
4400,4400,2,1469.538,3,33.2802182337031,30.1063132407668,1.60544123500586,-1.52012351900339,1.25961138088252,-1.24887062372214,1.25424100230233,
4410,4410,2,1472.871,3,33.281532516173,30.1064339401773,1.60050932317972,-1.52038540691137,1.26026591439843,-1.24909553812751,1.25468072626297,
4420,4420,2,1476.205,3,33.2813402911859,30.1071156683292,1.60095803439617,-1.51896076276898,1.2603154607602,-1.24924911322252,1.25478228699136,
4430,4430,2,1479.538,3,33.2829160890452,30.1065836968532,1.60564426332712,-1.52011644095182,1.26132929853114,-1.24922508509971,1.25527719181543,
4440,4440,2,1482.871,3,33.2808396121497,30.1064741733141,1.60167254507542,-1.52117991819978,1.26157460890122,-1.24860892207449,1.25509176548786,
4450,4450,2,1486.205,3,33.2807814976188,30.1066865148696,1.59844700247049,-1.51761639863253,1.2611093201355,-1.2490236400236,1.25506648007955,
4460,4460,2,1489.538,3,33.2832625410568,30.1070508482754,1.6041174530983,-1.51838911697268,1.26072459077377,-1.24893125282272,1.25482792179825,
4470,4470,2,1492.871,3,33.2816085120981,30.1064540567457,1.60044692456722,-1.52034042403102,1.26066498612804,-1.24888645620617,1.2547757211671,
4480,4480,2,1496.205,3,33.2820510766033,30.1065144064509,1.60258412361145,-1.51933981105685,1.2600148298283,-1.25012036550502,1.25506759766666,
4490,4490,2,1499.538,3,33.2802629371885,30.1066686334755,1.60427745431662,-1.5217280946672,1.26003168676717,-1.24890834228702,1.2544700145271,
4500,4500,2,1502.871,3,33.2810474833567,30.1071670773373,1.60097554326057,-1.52022000402212,1.26106554797379,-1.24826787174221,1.254666709858,
4510,4510,2,1506.205,3,33.2806987961708,30.1066462817328,1.60094816237688,-1.51869775727391,1.26039015283188,-1.249059030282,1.25472459155694,
4520,4520,2,1509.538,3,33.2807367941334,30.1073213043618,1.60299781709909,-1.5208849683404,1.26041157325143,-1.24849753589278,1.25445455457211,
4530,4530,2,1512.871,3,33.2817292115086,30.1070933165865,1.60351991653442,-1.52051746845245,1.26133041611825,-1.24849986419926,1.25491514015876,
4540,4540,2,1516.205,3,33.2811704179415,30.107430827901,1.5995591878891,-1.51726538315415,1.26109125247726,-1.24885972724785,1.25497548986256,
4550,4550,2,1519.538,3,33.2810586592281,30.1070039096157,1.60162318497896,-1.51947634294629,1.26052780231061,-1.24890349940955,1.25471565086008,
4560,4560,2,1522.871,3,33.2821091911342,30.1078823331032,1.60384215414524,-1.52155505493283,1.26083159973931,-1.24836240098505,1.25459700036218,
4570,4570,2,1526.205,3,33.2808641990667,30.1073235395361,1.60252191126347,-1.51859056204557,1.26031238739565,-1.24866144866854,1.2544869180321,
4580,4580,2,1529.538,3,33.280417164213,30.1070284965327,1.59960594028234,-1.52083951979876,1.25931251946355,-1.2480534812821,1.25368300037282,
4590,4590,2,1532.871,3,33.2809513708632,30.1082354906377,1.60337798297405,-1.51832103729248,1.26065241327308,-1.2477537816728,1.25420309747294,
4600,4600,2,1536.205,3,33.2812262972982,30.1069212081678,1.60112883895636,-1.51961473748088,1.26074526613526,-1.24859439344209,1.25466982978868,
4610,4610,2,1539.538,3,33.2803702255534,30.1056091608722,1.60419847816229,-1.52197191491723,1.26060947930171,-1.24901125343316,1.25481036636743,
4620,4620,2,1542.871,3,33.2804350456071,30.1063087704182,1.59991942346096,-1.52271306142211,1.26045664926477,-1.2486433810103,1.25455001513754,
4630,4630,2,1546.205,3,33.2805892726317,30.105349880657,1.60074681043625,-1.51872634887695,1.26050358792328,-1.24966737019748,1.25508547906038,
4640,4640,2,1549.538,3,33.2810787757965,30.1072564843081,1.6025161370635,-1.52064999565482,1.25953864458828,-1.2486912509914,1.25411494778984,
4650,4650,2,1552.871,3,33.2818186184793,30.1058818521329,1.59891974180937,-1.52192041277885,1.26104058852839,-1.24931123243925,1.25517591048382,
4660,4660,2,1556.205,3,33.2805356284492,30.1058416189961,1.60001423209906,-1.5183363109827,1.26099215975374,-1.24994974720662,1.25547095348018,
4670,4670,2,1559.538,3,33.2802361150973,30.1059645535809,1.60117466002703,-1.52330370619893,1.25942511636462,-1.24968329581376,1.25455420608919,
4680,4680,2,1562.871,3,33.2808194955813,30.1059422018382,1.6022726893425,-1.52011634781957,1.26093022680154,-1.24878242747292,1.25485632713723,
4690,4690,2,1566.205,3,33.2809759577801,30.1068161549772,1.5975184738636,-1.51879824697971,1.26042870958708,-1.24945940586324,1.25494405772516,
4700,4700,2,1569.538,3,33.2803545793335,30.1053588213541,1.6038715839386,-1.52313886210322,1.26010079090331,-1.24951658907023,1.25480868998677,
4710,4710,2,1572.871,3,33.2795275648541,30.106306535244,1.60189159214497,-1.52142103761435,1.26013571550042,-1.24893395365823,1.25453483457933,
4720,4720,2,1576.205,3,33.2801288267324,30.1064384105258,1.60047449171543,-1.51709904894233,1.25988416526899,-1.24918252365737,1.25453334446318,
4730,4730,2,1579.538,3,33.2797555526295,30.1046033324514,1.60044934600592,-1.52014819905162,1.25903107377699,-1.24987719717689,1.25445413547694,
4740,4740,2,1582.871,3,33.2813693484514,30.106523347148,1.60013027489185,-1.52268689125776,1.25977752883249,-1.24912561984715,1.25445157433982,
4750,4750,2,1586.205,3,33.2788324256566,30.1054102303623,1.59980375319719,-1.52021069079638,1.25974456001282,-1.24929800765847,1.25452128383565,
4760,4760,2,1589.538,3,33.2803523441592,30.1065144064509,1.60290226340294,-1.52061032131314,1.26023071040455,-1.24907570095636,1.25465320568045,
4770,4770,2,1592.871,3,33.2791364093572,30.106581461679,1.60207487642765,-1.52114098891616,1.26038130526728,-1.24872738630788,1.25455434578758,
4780,4780,2,1596.205,3,33.2798203726833,30.1047732056958,1.59874949604273,-1.52097204700112,1.25956090319817,-1.2496566599877,1.25460878159293,
4790,4790,2,1599.538,3,33.2802897592797,30.1046793283765,1.59848518669605,-1.52133805677295,1.25951713103646,-1.2496582432361,1.25458768713628,
4800,4800,2,1602.871,3,33.279601325605,30.1054012896652,1.59782655537128,-1.52283236384392,1.259803605865,-1.24876529113727,1.25428444850113,
4810,4810,2,1606.205,3,33.279958953488,30.1060696067715,1.59694440662861,-1.51987075805664,1.25941198471611,-1.24971067669789,1.254561330707,
4820,4820,2,1609.538,3,33.2811972400327,30.1059690239294,1.60520374774933,-1.52207501232624,1.26049008374573,-1.24947905676988,1.2549845702578,
4830,4830,2,1612.871,3,33.2802584668399,30.1050324859109,1.59795358777046,-1.52304833754897,1.26016002302001,-1.2500618784464,1.2551109507332,
4840,4840,2,1616.205,3,33.2788257201338,30.1065769913304,1.59841496497393,-1.51902576908469,1.26014344547791,-1.24968562412023,1.25491453479907,
4850,4850,2,1619.538,3,33.2801221212096,30.1055622222126,1.60045828670263,-1.52313569560647,1.26020742733981,-1.24995542827441,1.25508142780711,
4860,4860,2,1622.871,3,33.2793576916097,30.1065032305796,1.59901883453131,-1.52075104415417,1.26035439004444,-1.24897614257154,1.25466526630799,
4870,4870,2,1626.205,3,33.2785239716076,30.1054571690219,1.59926805645227,-1.52054065838456,1.26009259526453,-1.24946322428585,1.25477790977519,
4880,4880,2,1629.538,3,33.2800483604587,30.1053588213541,1.59975830465555,-1.51998875662684,1.26033986141204,-1.24934708835894,1.25484347488549,
4890,4890,2,1632.871,3,33.2818879088817,30.1061388971738,1.60111710429192,-1.52328414842486,1.26072738474154,-1.24894876168741,1.25483807321447,
4900,4900,2,1636.205,3,33.2786983152005,30.1053185882173,1.59713327884674,-1.5202215872705,1.25976421091946,-1.24995496261312,1.25485958676629,
4910,4910,2,1639.538,3,33.279934366571,30.1059958460206,1.59949585795403,-1.51970032602549,1.25974316302894,-1.24936198952037,1.25455257627466,
4920,4920,2,1642.871,3,33.2791408797057,30.1058460893446,1.59594491124153,-1.52468709275126,1.25989003260131,-1.24981805819246,1.25485404539688,
4930,4930,2,1646.205,3,33.277636607423,30.1062864186755,1.59619897603989,-1.51896756142378,1.25939829427404,-1.24931728603608,1.25435779015506,
4940,4940,2,1649.538,3,33.2786469061924,30.1058460893446,1.59971844404936,-1.52098508551717,1.25972267393197,-1.2497008978107,1.25471178587133,
4950,4950,2,1652.871,3,33.2795923849079,30.1058192672534,1.59867610782385,-1.52296246960759,1.26002079029287,-1.24945707755676,1.25473893392482,
4960,4960,2,1656.205,3,33.2791922887139,30.1058483245189,1.59592870622873,-1.52013543993235,1.26024672915309,-1.24982774394739,1.25503723655024,
4970,4970,2,1659.538,3,33.2781641085504,30.104109358938,1.60073656588793,-1.52127491310239,1.25912504422628,-1.24985056135083,1.25448780278856,
4980,4980,2,1662.871,3,33.2785664399187,30.1060584309002,1.60089302808046,-1.52201158925891,1.26035839473157,-1.2491656667185,1.25476203072504,
4990,4990,2,1666.205,3,33.2798896630856,30.1049319030688,1.59902330487967,-1.51975890621543,1.2595690057047,-1.2500312379332,1.25480012181895,
5000,5000,2,1669.538,3,33.2781439919819,30.1050391914337,1.59830749034882,-1.52090210467577,1.25981878642321,-1.25017447534747,1.25499663088534,
5010,5010,2,1672.871,3,33.2792235811536,30.1052984716489,1.59785896539688,-1.52251096442342,1.25974204544183,-1.2491250610536,1.25443355324772,
5020,5020,2,1676.205,3,33.2798024912892,30.1050034286454,1.59555841237307,-1.51845030486584,1.25980900753602,-1.24966820838781,1.25473860796191,
5030,5030,2,1679.538,3,33.2783943315,30.1050481321308,1.60138197243214,-1.522855181247,1.25930171612151,-1.24955598401577,1.25442885006864,
5040,5040,2,1682.871,3,33.2790492375607,30.1057544471996,1.60224121063948,-1.52120497077703,1.2601995110978,-1.24883979694443,1.25451965402112,
5050,5050,2,1686.205,3,33.2793241639957,30.1057052733657,1.60005260258913,-1.51991806924343,1.26042461176769,-1.25005517292375,1.25523989234572,
5060,5060,2,1689.538,3,33.2785329123047,30.1056404533119,1.60009898245335,-1.52105549350381,1.25955848175944,-1.24944366651147,1.25450107413546,
5070,5070,2,1692.871,3,33.2789441843701,30.10552422425,1.59856453537941,-1.52274984866381,1.26105297511884,-1.24967742848144,1.25536520180014,
5080,5080,2,1696.205,3,33.2787631352543,30.1051174225331,1.5981663018465,-1.51979885995388,1.26034759138954,-1.24975323814023,1.25505041476488,
5090,5090,2,1699.538,3,33.2787676056029,30.1059779646265,1.60005316138268,-1.52005506679416,1.2600309417091,-1.249542759235,1.25478685047205,
5100,5100,2,1702.871,3,33.2791364093572,30.1049140216747,1.5977555885911,-1.52370147407055,1.26057315772072,-1.24997852507463,1.25527584139768,
5110,5110,2,1706.205,3,33.2786290247982,30.105673980926,1.59691441804171,-1.52044966816902,1.26100193864093,-1.24992944437417,1.25546569150755,
5120,5120,2,1709.538,3,33.2786402006696,30.1048961402805,1.60058550536633,-1.52327418327332,1.259400436316,-1.25013843316325,1.25476943473963,
5130,5130,2,1712.871,3,33.2778936524639,30.1050123693425,1.59708391875029,-1.52256032451987,1.25993231464687,-1.24984525281207,1.25488878372947,
5140,5140,2,1716.205,3,33.278751959383,30.1045519234432,1.59946698695421,-1.52067048475146,1.25932127389589,-1.25028735164532,1.2548043127706,
5150,5150,2,1719.538,3,33.2788011332169,30.1049095513262,1.59981902688742,-1.52130583301187,1.25953780639795,-1.25034863267171,1.25494321953483,
5160,5160,2,1722.871,3,33.2787787814742,30.1055935146523,1.59657560288906,-1.52438087388873,1.25976877440015,-1.24923598157401,1.25450237798708,
5170,5170,2,1726.205,3,33.2782065768615,30.105191183284,1.59640796482563,-1.52202872559428,1.25981366414897,-1.24980539220524,1.2548095281771,
5180,5180,2,1729.538,3,33.2785932620099,30.1053767027483,1.59757379442453,-1.51920989155769,1.25965003076999,-1.24904152141732,1.25434577609365,
5190,5190,2,1732.871,3,33.2790872355232,30.1057008030172,1.59847028553486,-1.52326012030244,1.26021459852375,-1.2492462261225,1.25473041232312,
5200,5200,2,1736.205,3,33.2783473928404,30.1055354001213,1.59760173410177,-1.51823377236724,1.26053050314612,-1.25019524384121,1.25536287349367,
5210,5210,2,1739.538,3,33.2792772253361,30.1038724304656,1.6016649082303,-1.52269210666418,1.2594478406358,-1.25009596485317,1.25477190274449,
5220,5220,2,1742.871,3,33.2798382540775,30.1054348172792,1.59814767539501,-1.52224423363805,1.26067215731198,-1.24975463512411,1.25521339621805,
5230,5230,2,1746.205,3,33.2802517613171,30.1043060542737,1.59959178417921,-1.52056198567152,1.26033594985717,-1.24987030538973,1.25510312762345,
5240,5240,2,1749.538,3,33.2785329123047,30.1041942955602,1.59977246075869,-1.5202465467155,1.25975694660326,-1.24977763879207,1.25476729269767,
5250,5250,2,1752.871,3,33.278061290534,30.1046882690736,1.59796513617039,-1.52254542335868,1.25992188383387,-1.24933945151371,1.25463066767379,
5260,5260,2,1756.205,3,33.2781976361644,30.1047553243016,1.59735009074211,-1.51989702135324,1.25961380232126,-1.24905763329812,1.25433571780969,
5270,5270,2,1759.538,3,33.2794046302694,30.1041026534152,1.59959923475981,-1.52070317417383,1.26006353799973,-1.24966671827166,1.2548651281357,
5280,5280,2,1762.871,3,33.2788346608309,30.1049386085916,1.59416291862726,-1.52228297665715,1.26014772956183,-1.24993829193877,1.2550430107503,
5290,5290,2,1766.205,3,33.279243697722,30.1047732056958,1.59862376749516,-1.51901207864285,1.2601766005621,-1.25027580324521,1.25522620190365,
5300,5300,2,1769.538,3,33.2790648837806,30.1049274327203,1.59728359431028,-1.52457607910037,1.26001008008309,-1.25022541869311,1.2551177493881,
5310,5310,2,1772.871,3,33.2777885992733,30.1053476454828,1.59888528287411,-1.52255492284894,1.26012388770353,-1.24947700786018,1.25480044778186,
5320,5320,2,1776.205,3,33.2781864602931,30.1058013858593,1.59578900784254,-1.51976812630892,1.25896439107959,-1.2492884150358,1.25412640305769,
5330,5330,2,1779.538,3,33.2774846155727,30.1048983754548,1.59440152347088,-1.52226993814111,1.25955363888197,-1.24972846495935,1.25464105192066,
5340,5340,2,1782.871,3,33.2786580820637,30.1048179091811,1.59660205245018,-1.52158923447132,1.26103583878319,-1.24923048677073,1.25513316277696,
5350,5350,2,1786.205,3,33.2790626486063,30.1052671792091,1.59499309957027,-1.51936132460833,1.26044351761626,-1.24939570339811,1.25491961050718,
5360,5360,2,1789.538,3,33.277819891713,30.1059176149212,1.59784182906151,-1.52070680633187,1.26020211880105,-1.24937176840756,1.25478694360431,
5370,5370,2,1792.871,3,33.2782333989527,30.1054728152418,1.597442291677,-1.5219590626657,1.26013636742623,-1.24908771501776,1.254612041222,
5380,5380,2,1796.205,3,33.2783786852801,30.104891669932,1.59623753279448,-1.51868276298046,1.25972807560299,-1.25014951590207,1.25493879575253,
5390,5390,2,1799.538,3,33.2779517669949,30.1047888519157,1.59882251173258,-1.52266873046756,1.25939205441269,-1.24938210608831,1.2543870802505,
5400,5400,2,1802.871,3,33.278910656756,30.1053722323997,1.59764252603054,-1.52291441336274,1.25980211574886,-1.24966755646199,1.25473483610542,
5410,5410,2,1806.205,3,33.2786111434041,30.1054951669845,1.59719306975603,-1.51884835213423,1.26043290053873,-1.24836631253992,1.25439960653933,
5420,5420,2,1809.538,3,33.2796102663021,30.1046189786713,1.59620363265276,-1.52236502617598,1.25989813510783,-1.24965218963927,1.25477516237355,
5430,5430,2,1812.871,3,33.2785418530017,30.1048089684841,1.59701593220234,-1.52300493791699,1.26005869512227,-1.24911323325671,1.25458596418949,
5440,5440,2,1816.205,3,33.277361680988,30.1048827292349,1.59518793225288,-1.51860630139709,1.25969119522844,-1.24993233147419,1.25481176335132,
5450,5450,2,1819.538,3,33.2772923905857,30.1043686391532,1.59899238497019,-1.5225344337523,1.25928271714068,-1.24967016416524,1.25447644065296,
5460,5460,2,1822.871,3,33.2770532269389,30.1055510463412,1.5951244160533,-1.52120925486088,1.25965915773136,-1.24874293939512,1.25420104856324,
5470,5470,2,1826.205,3,33.2779003579867,30.1046547414595,1.59804951399565,-1.5200475230813,1.2601672873362,-1.24982280793767,1.25499504763694,
5480,5480,2,1829.538,3,33.2784457405082,30.1048492016209,1.59788746386766,-1.5220177359879,1.25973152149657,-1.24912087010195,1.25442619579926,
5490,5490,2,1832.871,3,33.278360803886,30.1051218928817,1.59735679626465,-1.52072617784142,1.26036817361876,-1.248879564419,1.25462386901888,
5500,5500,2,1836.205,3,33.2768766481717,30.1033918679979,1.59767642617226,-1.52215678244829,1.25908862951303,-1.25030337039386,1.25469599995344,
5510,5510,2,1839.538,3,33.2764497298864,30.1035148025826,1.5958284959197,-1.52088357135653,1.25940844569027,-1.24953931334142,1.25447387951584,
5520,5520,2,1842.871,3,33.27672912667,30.1043015839251,1.59927308559418,-1.5236945822835,1.25986274484943,-1.24918475883159,1.25452375184051,
5530,5530,2,1846.205,3,33.2766173679566,30.1039618374363,1.59214865416288,-1.51883698999882,1.25893235358251,-1.24937204780434,1.25415220069342,
5540,5540,2,1849.538,3,33.2781328161106,30.1051822425869,1.59596018493176,-1.52124660089612,1.25951480272999,-1.24844528869551,1.25398004571275,
5550,5550,2,1852.871,3,33.277028640022,30.1050906004419,1.5946164727211,-1.52168497443199,1.25940229896118,-1.2481440058378,1.25377315239949,
5560,5560,2,1856.205,3,33.2780545850112,30.1046659173309,1.5975546091795,-1.51888830587268,1.25943815488087,-1.24961177023888,1.25452496255988,
5570,5570,2,1859.538,3,33.278452446031,30.1045161606549,1.59548837691545,-1.5222454443574,1.25936681557052,-1.24889539690303,1.25413110623677,
5580,5580,2,1862.871,3,33.2785127957362,30.1053364696114,1.59846376627684,-1.52139505371451,1.26091560503688,-1.24907774986605,1.25499667745147,
5590,5590,2,1866.205,3,33.2770800490302,30.1026341439208,1.5974685549736,-1.51902250945568,1.25978870470357,-1.24964594977792,1.25471732724074,
5600,5600,2,1869.538,3,33.2782468099983,30.1038299621545,1.59768704324961,-1.52050089091063,1.26041157325143,-1.24948706614415,1.25494931969779,
5610,5610,2,1872.871,3,33.2772298057061,30.1047106208163,1.59555375576019,-1.52198644354939,1.25973226655464,-1.2486522285749,1.25419224756477,
5620,5620,2,1876.205,3,33.2771448690839,30.1040825368468,1.5959432348609,-1.51942865923047,1.25919517281727,-1.24956585603522,1.25438051442624,
5630,5630,2,1879.538,3,33.2777349550908,30.1043909908959,1.59844253212214,-1.52035132050514,1.25998046402475,-1.24955719473514,1.25476882937994,
5640,5640,2,1882.871,3,33.2765883106911,30.1037964345404,1.59372147172689,-1.5219978056848,1.25971429202866,-1.24901907654291,1.25436668428579,
5650,5650,2,1886.205,3,33.27709569525,30.1042680563111,1.59705430269241,-1.51930386200547,1.25981208090056,-1.24959025668706,1.25470116879381,
5660,5660,2,1889.538,3,33.2773639161622,30.1044580461239,1.59682109951973,-1.52048487216234,1.2598889150142,-1.24893423305501,1.2544115740346,
5670,5670,2,1892.871,3,33.2768878240431,30.103525978454,1.59395150840282,-1.52029609307647,1.2596506826958,-1.24968655544282,1.25466861906931,
5680,5680,2,1896.205,3,33.2769884068851,30.1037606717522,1.59716606140137,-1.51934865862131,1.25940909761608,-1.24944282832114,1.25442596296861,
5690,5690,2,1899.538,3,33.2763312656502,30.104167473469,1.59749537706375,-1.51943108066916,1.25942530262914,-1.24883541972826,1.2541303611787,
5700,5700,2,1902.871,3,33.2754439014656,30.1044692219953,1.59342903643847,-1.52167333289981,1.25927135500509,-1.2487327879789,1.25400207149199,
5710,5710,2,1906.205,3,33.2754260200715,30.1049542548115,1.59444995224476,-1.51957422494888,1.25947000611343,-1.24944599481795,1.25445800046569,
5720,5720,2,1909.538,3,33.2766531307449,30.1045988621028,1.59896221011877,-1.51923708617687,1.25958921540489,-1.2487416355435,1.25416542547419,
5730,5730,2,1912.871,3,33.2766330141765,30.1040288926644,1.59460157155991,-1.52003709226847,1.25913892093286,-1.24873604760796,1.25393748427041,
5740,5740,2,1916.205,3,33.2770398158933,30.104558628966,1.59687697887421,-1.52046987786889,1.2599175066177,-1.2490751421628,1.25449632439025,
5750,5750,2,1919.538,3,33.2765748996455,30.1043798150245,1.59614309668541,-1.5211233869195,1.25958902914037,-1.24905092777548,1.25431997845792,
5760,5760,2,1922.871,3,33.2762552697251,30.1037070275697,1.59572716802359,-1.52019821107388,1.25970088098337,-1.24784756585756,1.25377422342047,
5770,5770,2,1926.205,3,33.2767358321928,30.1033650459066,1.59512963145971,-1.52052380144596,1.26029059444706,-1.24967221307494,1.254981403761,
5780,5780,2,1929.538,3,33.2773795623821,30.1044379295555,1.60073880106211,-1.51997497305274,1.26042135213862,-1.24926131354845,1.25484133284354,
5790,5790,2,1932.871,3,33.2775673170207,30.1046703876794,1.59753859043121,-1.52253024280071,1.26032468085383,-1.24855797872884,1.25444132979134,
5800,5800,2,1936.205,3,33.2768006522466,30.103651148213,1.59590784460306,-1.51959080249071,1.26091681575625,-1.24935854362679,1.25513767969152,
5810,5810,2,1939.538,3,33.2765033740689,30.1045899214058,1.59658249467611,-1.51931326836348,1.25995196555351,-1.24899886684272,1.25447541619812,
5820,5820,2,1942.871,3,33.2766598362677,30.1048939051063,1.5951544046402,-1.52163114398718,1.25997468982469,-1.24881586195388,1.25439527588929,
5830,5830,2,1946.205,3,33.2785373826532,30.1034969211885,1.59780159592628,-1.51794888079166,1.26051234235562,-1.24937297912693,1.25494266074128,
5840,5840,2,1949.538,3,33.2768520612548,30.1050660135249,1.59621741622686,-1.52053749188781,1.25956043753688,-1.24856962026121,1.25406502889904,
5850,5850,2,1952.871,3,33.2766218383051,30.1045362772233,1.59639585763216,-1.52145149186254,1.25977855328734,-1.24898610772324,1.25438233050529,
5860,5860,2,1956.205,3,33.275788118303,30.102468741025,1.59641951322556,-1.5199308283627,1.25901924598011,-1.25007631394653,1.25454777996332,
5870,5870,2,1959.538,3,33.2770934600758,30.1044625164725,1.59690976142883,-1.51866832748055,1.25975554961938,-1.24869944663019,1.25422749812479,
5880,5880,2,1962.871,3,33.2764340836666,30.1039148987767,1.59576833248138,-1.52078019455075,1.26003708843819,-1.24873986603058,1.25438847723438,
5890,5890,2,1966.205,3,33.2765950162139,30.103617620599,1.59676279872656,-1.51838976889849,1.25969706256076,-1.24963635715525,1.254666709858,
5900,5900,2,1969.538,3,33.2767201859729,30.1038254918059,1.5981700271368,-1.52072096243501,1.26021105949791,-1.2489825686974,1.25459681409766,
5910,5910,2,1972.871,3,33.2767850060267,30.1030565918576,1.59108508378267,-1.52051961049438,1.25962171856327,-1.24880803884413,1.2542148787037,
5920,5920,2,1976.205,3,33.2764698464549,30.1032912851558,1.59718636423349,-1.51945631951094,1.25946413878112,-1.24931663411026,1.25439038644569,
5930,5930,2,1979.538,3,33.2765011388946,30.1038143159346,1.59382242709398,-1.51983555406332,1.25993753005337,-1.24852398545433,1.25423075775385,
5940,5940,2,1982.871,3,33.2766643066162,30.1036891461756,1.59742366522551,-1.52015890926123,1.26022698511419,-1.24952161821222,1.2548743016632,
5950,5950,2,1986.205,3,33.2763670284385,30.1036310316446,1.59474313259125,-1.5182108618319,1.25993603993723,-1.24940781059178,1.2546719252645,
5960,5960,2,1989.538,3,33.2767671246326,30.1044468702526,1.59579813480377,-1.51997450739145,1.25993287344042,-1.24866331131372,1.25429809237707,
5970,5970,2,1992.871,3,33.2764162022724,30.103959602262,1.59600209444761,-1.52196027338505,1.26018889402028,-1.24881521002807,1.25450205202418,
5980,5980,2,1996.205,3,33.2769392330512,30.1038523138972,1.59270297735929,-1.51627790182829,1.26020966251403,-1.24890713156765,1.25455839704084,
5990,5990,2,1999.538,3,33.277062167636,30.102685552929,1.59817207604647,-1.52217810973525,1.26043029283548,-1.2498408755959,1.25513558421569,
6000,6000,2,2002.871,3,33.2768386502092,30.1036064447276,1.59609895199537,-1.52052417397499,1.26000905562825,-1.24898629398776,1.254497674808,
6010,6010,2,2006.205,3,33.276787241201,30.1034477473546,1.59444529563189,-1.51809919625521,1.26043783654846,-1.24939067425613,1.2549142554023,
6020,6020,2,2009.538,3,33.2771739263494,30.1030789436003,1.59557312726974,-1.52112804353237,1.26028631036315,-1.24944115194048,1.25486373115181,
6030,6030,2,2012.871,3,33.2769347627027,30.1022809863864,1.5912676230073,-1.5208157710731,1.26097884184071,-1.24964380773596,1.25531132478834,
6040,6040,2,2016.205,3,33.2775024969669,30.1030029476751,1.59643199294806,-1.51894968003035,1.26032943059904,-1.24945214154704,1.25489078607304,
6050,6050,2,2019.538,3,33.2770375807191,30.1037159682668,1.59529875963926,-1.52084156870842,1.26088896921082,-1.24898992614586,1.25493944767834,
6060,6060,2,2022.871,3,33.2763022083847,30.1029895366295,1.59515086561441,-1.52344275265932,1.26015750844901,-1.24910410629534,1.25463080737218,
6070,6070,2,2026.205,3,33.2769794661881,30.1040668906269,1.59556195139885,-1.51803055778146,1.2599721752537,-1.24904692308834,1.25450954917102,
6080,6080,2,2029.538,3,33.2762239772853,30.1041987659088,1.59802790731192,-1.51827093213797,1.2609319031822,-1.24866591901697,1.25479891109958,
6090,6090,2,2032.871,3,33.2764676112806,30.1030811787745,1.5937888994813,-1.52146751061082,1.2603664972381,-1.24889679388691,1.25463164556251,
6100,6100,2,2036.205,3,33.2762530345508,30.1017177224708,1.5944330021739,-1.51975294575095,1.25930292684087,-1.24979384380513,1.254548385323,
6110,6110,2,2039.538,3,33.2758730549252,30.1028151930366,1.59560889005661,-1.52109125629067,1.25922283309818,-1.24958392369346,1.25440337839582,
6120,6120,2,2042.871,3,33.2761233944432,30.1038098455861,1.59474201500416,-1.51877989992499,1.25973794762244,-1.24838940934014,1.25406367848129,
6130,6130,2,2046.205,3,33.2769079406115,30.1017579556076,1.59490630030632,-1.52134411036968,1.26032486711835,-1.24907644601443,1.25470065656639,
6140,6140,2,2049.538,3,33.2769571144454,30.102835309605,1.59670859575272,-1.51915596798062,1.26035681148317,-1.24849967793474,1.25442824470896,
6150,6150,2,2052.871,3,33.2769481737483,30.1032868148072,1.59549433737993,-1.52105363085866,1.26050796513945,-1.24812603131183,1.25431699822564,
6160,6160,2,2056.205,3,33.2773907382535,30.1033382238154,1.5957260504365,-1.51907028630376,1.26029385407612,-1.24860081956796,1.25444733682204,
6170,6170,2,2059.538,3,33.277395208602,30.1037271441381,1.59698128700256,-1.5189710073173,1.26053981637201,-1.24852892146405,1.25453436891803,
6180,6180,2,2062.871,3,33.2764072615753,30.1037338496609,1.59246362745762,-1.52088012546301,1.25974521193864,-1.24835243583334,1.25404882388599,
6190,6190,2,2066.205,3,33.277603079809,30.1043462874105,1.59427151083946,-1.51913948357105,1.2605142050008,-1.24870130927537,1.25460775713809,
6200,6200,2,2069.538,3,33.2768811185203,30.1037606717522,1.59550495445728,-1.51943387463689,1.26023769532397,-1.2492582401839,1.25474796775394,
6210,6210,2,2072.871,3,33.2768766481717,30.1030252994178,1.59500949084759,-1.52065632864833,1.26033324902166,-1.2493487647396,1.25484100688063,
6220,6220,2,2076.205,3,33.2778735358955,30.1023681581829,1.5944629907608,-1.51915187016129,1.26184310920378,-1.25004651162367,1.25594481041372,
6230,6230,2,2079.538,3,33.2777483661364,30.1021021724449,1.59826185554266,-1.52182402089238,1.26214634783893,-1.25001400846529,1.25608017815211,
6240,6240,2,2082.871,3,33.2764162022724,30.102477681722,1.59215945750475,-1.52081158012152,1.26206420518653,-1.24897483871991,1.25551952195322,
6250,6250,2,2086.205,3,33.2770353455448,30.1036332668189,1.59547068178654,-1.51729425415397,1.26206308759942,-1.24931123243925,1.25568716001934,
6260,6260,2,2089.538,3,33.2778265972358,30.1038321973287,1.59953199326992,-1.52056831866503,1.26168478436356,-1.24859998137763,1.2551423828706,
6270,6270,2,2092.871,3,33.2772812147143,30.1033695162552,1.5921987593174,-1.51924379169941,1.26137558526384,-1.24877190352766,1.25507374439575,
6280,6280,2,2096.205,3,33.2770822842044,30.1045966269286,1.59656349569559,-1.51789411902428,1.26067737271848,-1.24900091575242,1.25483914423545,
6290,6290,2,2099.538,3,33.276212801414,30.1037941993662,1.59602202475071,-1.51954004541039,1.2606920876154,-1.24874973805003,1.25472091283271,
6300,6300,2,2102.871,3,33.2758596438796,30.104109358938,1.59359537065029,-1.52020063251257,1.26116249865536,-1.2484680129667,1.25481525581103,
6310,6310,2,2106.205,3,33.2772901554114,30.1043038190994,1.59743595868349,-1.51971066370606,1.26049818625226,-1.24865865470077,1.25457842047652,
6320,6320,2,2109.538,3,33.2756584781954,30.1026877881033,1.59333571791649,-1.51773281395435,1.26017687995888,-1.24871285767548,1.25444486881718,
6330,6330,2,2112.871,3,33.2766017217367,30.1028129578623,1.59174278378487,-1.52018954977393,1.26246206619677,-1.24912310527616,1.25579258573647,
6340,6340,2,2116.205,3,33.2772432167518,30.1028710723933,1.59514658153057,-1.51994777843356,1.26158410839164,-1.25013554606323,1.25585982722743,
6350,6350,2,2119.538,3,33.2771314580383,30.102801781991,1.59613247960806,-1.51882907375693,1.26165917299235,-1.24920049818335,1.25542983558785,
6360,6360,2,2122.871,3,33.2778847117668,30.1027637840284,1.5955526381731,-1.52050442993641,1.26204669632185,-1.24863080815534,1.2553387522386,
6370,6370,2,2126.205,3,33.2774712045271,30.1031616450482,1.59554556012154,-1.51818254962564,1.26146136007434,-1.24874675781774,1.25510405894604,
6380,6380,2,2129.538,3,33.2764452595379,30.1027816654226,1.595763489604,-1.52134038507938,1.26053264518807,-1.24975156175957,1.25514210347382,
6390,6390,2,2132.871,3,33.276579369994,30.104283702531,1.59404911100864,-1.51790026575327,1.26130564293737,-1.24814018741519,1.25472291517628,
6400,6400,2,2136.205,3,33.2770688731588,30.1035103322341,1.59596391022205,-1.51928262785077,1.26000039432816,-1.24922769280297,1.25461404356556,
6410,6410,2,2139.538,3,33.2763871450069,30.1046279193683,1.59386619925499,-1.51751777157187,1.25987336192695,-1.24808551877918,1.25397944035307,
6420,6420,2,2142.871,3,33.2766061920852,30.103443277006,1.5933146700263,-1.52134010568261,1.25974353555797,-1.24871295080774,1.25422824318286,
6430,6430,2,2146.205,3,33.2764005560525,30.1038836063369,1.59117504954338,-1.51717783883214,1.26071844404468,-1.2492425939644,1.25498051900454,
6440,6440,2,2149.538,3,33.2767738301554,30.1035863281592,1.5973063185811,-1.51927769184113,1.26081502219721,-1.24847788498615,1.25464645359168,
6450,6450,2,2152.871,3,33.2771158118184,30.1029202462272,1.5941146761179,-1.52244260534644,1.2606421687246,-1.24930927666181,1.2549757226932,
6460,6460,2,2156.205,3,33.275879760448,30.1038389028516,1.5924409031868,-1.51726668700576,1.26080412572292,-1.24916715683465,1.25498564127878,
6470,6470,2,2159.538,3,33.2767805356782,30.1039461912164,1.59472580999136,-1.51953073218465,1.26030363296331,-1.24814251572166,1.25422307434249,
6480,6480,2,2162.871,3,33.2762016255426,30.1023055733034,1.59341655671597,-1.52125516906381,1.26110522231611,-1.24941805514026,1.25526163872818,
6490,6490,2,2166.205,3,33.2773840327307,30.1026408494436,1.59403067082167,-1.51667632162571,1.26160180352084,-1.24894093857765,1.25527137104925,
6500,6500,2,2169.538,3,33.2762306828081,30.1030811787745,1.59673113375902,-1.52087854221463,1.26108855164175,-1.24895099686162,1.25501977425169,
6510,6510,2,2172.871,3,33.2759825784643,30.1025112093361,1.59108508378267,-1.52014652267098,1.2595601581401,-1.24852556870273,1.25404286342141,
6520,6520,2,2176.205,3,33.2760608095637,30.1034611584002,1.59345287829638,-1.51896281167865,1.2601464257102,-1.24948343398605,1.25481492984812,
6530,6530,2,2179.538,3,33.2756450671498,30.1028844834389,1.59370861947536,-1.52009418234229,1.26031145607306,-1.24899849431369,1.25465497519337,
6540,6540,2,2182.871,3,33.2752561468271,30.1024463892823,1.59194711595774,-1.52047779411077,1.26062354227281,-1.24893525750986,1.25477939989133,
6550,6550,2,2186.205,3,33.2763558525672,30.1020351172169,1.59256830811501,-1.51844453066587,1.26123756325608,-1.24948501723445,1.25536129024526,
6560,6560,2,2189.538,3,33.2759445805018,30.1043619336304,1.59069709479809,-1.51923364028335,1.26002423618646,-1.24785827606734,1.2539412561269,
6570,6570,2,2192.871,3,33.2752516764785,30.1046592118081,1.59208904951811,-1.52051355689764,1.25951657224291,-1.24845422939237,1.25398540081764,
6580,6580,2,2196.205,3,33.2753299075779,30.1034544528774,1.59194841980934,-1.51908602565527,1.25917636010096,-1.24837627769163,1.25377631889629,
6590,6590,2,2199.538,3,33.2755958933159,30.1040333630129,1.59161984920502,-1.51713490486145,1.25938059914484,-1.24813990801841,1.25376025358163,
6600,6600,2,2202.871,3,33.2749566334751,30.1021222890134,1.59265007823706,-1.5213031321764,1.25994237293084,-1.24892529235815,1.25443383264449,
6610,6610,2,2206.205,3,33.2756987113322,30.1031884671394,1.59230399876833,-1.51834543794394,1.25951284695255,-1.2489689713876,1.25424090917007,
6620,6620,2,2209.538,3,33.2744179564764,30.1019702971631,1.59467849880457,-1.52014344930649,1.25947252068443,-1.24990709263202,1.25468980665822,
6630,6630,2,2212.871,3,33.2753991979803,30.1025559128214,1.5913724899292,-1.52008458971977,1.25994535316312,-1.24911071868572,1.25452803592442,
6640,6640,2,2216.205,3,33.2746124166377,30.1017512500848,1.5949297696352,-1.51878865435719,1.25926073792757,-1.24941358479183,1.2543371613597,
6650,6650,2,2219.538,3,33.2756897706352,30.1029694200611,1.59242227673531,-1.51814417913556,1.25959675911787,-1.24877190352766,1.25418433132276,
6660,6660,2,2222.871,3,33.2742324370121,30.1036802054785,1.59236788749695,-1.52060240507126,1.25967135805729,-1.24866917864603,1.25417026835166,
6670,6670,2,2226.205,3,33.2746884125629,30.103101295343,1.59422624856234,-1.51822967454791,1.25904057326741,-1.24906694652401,1.25405375989571,
6680,6680,2,2229.538,3,33.2745163041442,30.1033203424213,1.59247852861881,-1.51603547856212,1.25965077582806,-1.24838689476915,1.2540188352986,
6690,6690,2,2232.871,3,33.2759825784643,30.1019099474578,1.59393921494484,-1.52264749631286,1.25997031260852,-1.24925237285159,1.25461134273005,
6700,6700,2,2236.205,3,33.2762083310654,30.1028710723933,1.59198734909296,-1.5173758380115,1.2599867038861,-1.24898564206195,1.25448617297402,
6710,6710,2,2239.538,3,33.2755623657019,30.1030454159862,1.59606114029884,-1.52064049616456,1.26020593722367,-1.24890405820311,1.25455499771339,
6720,6720,2,2242.871,3,33.2755891877931,30.1034700990973,1.59141253679991,-1.51950046420097,1.2601058200453,-1.247893759458,1.25399978975165,
6730,6730,2,2246.205,3,33.275372375889,30.102260869818,1.59354452043772,-1.51946367695928,1.25957505930153,-1.24898880855875,1.25428193393014,
6740,6740,2,2249.538,3,33.2757903534772,30.1029068351816,1.59034617245197,-1.51879489421844,1.26034805705083,-1.24874582649515,1.25454694177299,
6750,6750,2,2252.871,3,33.2753321427522,30.1013019800568,1.59117430448532,-1.52022214606404,1.26057790746592,-1.24916194142815,1.25486992444703,
6760,6760,2,2256.205,3,33.2759401101532,30.1021334648847,1.59644950181246,-1.52074666693807,1.26098107701492,-1.24963868546172,1.25530988123832,
6770,6770,2,2259.538,3,33.2760406929953,30.1025179148589,1.59502197057009,-1.51925450190902,1.2603326902281,-1.24920096384465,1.25476682703637,
6780,6780,2,2262.871,3,33.2760988075263,30.1025670886928,1.59157924354076,-1.52017157524824,1.25988314081414,-1.24830735982001,1.25409525031707,
6790,6790,2,2266.205,3,33.2757322389463,30.102618497701,1.59104056656361,-1.51657918468118,1.25947568718123,-1.248824895783,1.25415029148211,
6800,6800,2,2269.538,3,33.2750281590517,30.1031951726622,1.59570444375277,-1.51973916217685,1.26016840492331,-1.24886447699305,1.25451644095818,
6810,6810,2,2272.871,3,33.2754595476855,30.1032577575417,1.59176029264927,-1.51975601911545,1.26025734623061,-1.24847471848934,1.25436603235998,
6820,6820,2,2276.205,3,33.2753880221089,30.1020038247771,1.59480068832636,-1.51953734457493,1.25958530385002,-1.24940706553371,1.25449618469186,
6830,6830,2,2279.538,3,33.274556537281,30.1027168453688,1.5917144715786,-1.52001464739442,1.25994945098252,-1.24835671991725,1.25415308544988,
6840,6840,2,2282.872,3,33.275488604951,30.1015389085293,1.59123912453651,-1.51980239897966,1.25994349051794,-1.24909740077269,1.25452044564532,
6850,6850,2,2286.205,3,33.2749096948155,30.1029828311067,1.59135572612286,-1.51868173852563,1.25949077460718,-1.24851048127678,1.25400062794198,
6860,6860,2,2289.538,3,33.2746638256459,30.1017758370017,1.59348007291555,-1.52157042175531,1.25996891562464,-1.24911071868572,1.25453981715518,
6870,6870,2,2292.872,3,33.275130977068,30.1019770026859,1.59033108502626,-1.5201429836452,1.26071751272209,-1.24895788864878,1.25483770068544,
6880,6880,2,2296.205,3,33.2751041549768,30.1016909003795,1.59335546195507,-1.51935210451484,1.25975741226456,-1.24915737794746,1.25445739510601,
6890,6890,2,2299.538,3,33.2753097910095,30.102593910784,1.59316062927246,-1.5192068181932,1.26026628692747,-1.24880058826341,1.25453343759544,
6900,6900,2,2302.872,3,33.2752628523499,30.1022921622578,1.59077607095242,-1.5219490043819,1.26065548663763,-1.24947291004079,1.25506419833921,
6910,6910,2,2306.205,3,33.2749365169067,30.1023078084776,1.59502774477005,-1.5186551027,1.26031154920532,-1.24929381670682,1.25480268295607,
6920,6920,2,2309.538,3,33.2757925886515,30.1010181129247,1.59273352473974,-1.52217848226428,1.26005320031899,-1.24922657521586,1.25463988776742,
6930,6930,2,2312.872,3,33.2751823860762,30.1016126692801,1.59498974680901,-1.52049819007516,1.26024132748207,-1.24904059009473,1.2546409587884,
6940,6940,2,2316.205,3,33.2755333084364,30.1018071294415,1.59377194941044,-1.51694612577558,1.25963391888919,-1.2489830343587,1.25430847662394,
6950,6950,2,2319.538,3,33.2758372921369,30.1017713666532,1.58976949751377,-1.51938172057271,1.25973142836431,-1.24836035207535,1.25404589021983,
6960,6960,2,2322.872,3,33.2753366131007,30.1025983811325,1.59192383289337,-1.52085898444057,1.26095341673402,-1.24843988702449,1.25469665187925,
6970,6970,2,2326.205,3,33.2754818994282,30.1023592174858,1.59345660358667,-1.51665322482586,1.26006418992555,-1.24864012138124,1.25435215565339,
6980,6980,2,2329.538,3,33.2753433186235,30.102835309605,1.59343648701906,-1.51869412511587,1.26001753066381,-1.24831741810397,1.25416747438389,
6990,6990,2,2332.872,3,33.2754014331545,30.1024016857969,1.58932339400053,-1.52221042662859,1.26017129202334,-1.24918457256707,1.25467793229521,
7000,7000,2,2336.205,3,33.2751980322961,30.1025916756097,1.59184131771326,-1.51704624295235,1.26031983797637,-1.24899132312975,1.25465558055306,
7010,7010,2,2339.538,3,33.2747912305792,30.1019546509432,1.59205049276352,-1.52070773765445,1.25978144038737,-1.24861348555518,1.25419746297127,
7020,7020,2,2342.872,3,33.2748761672014,30.1022318125525,1.58976372331381,-1.51897557079792,1.26031471570213,-1.24816905841546,1.25424188705879,
7030,7030,2,2346.205,3,33.2746839422143,30.1015120864381,1.59398391842842,-1.51946730911732,1.25935061055746,-1.2491016848566,1.25422614770703,
7040,7040,2,2349.538,3,33.2754461366399,30.1027235508916,1.59027650952339,-1.51915596798062,1.25991843794029,-1.24886056543818,1.25438950168923,
7050,7050,2,2352.872,3,33.2750907439312,30.1014673829527,1.59225333482027,-1.52080031111836,1.26057539289493,-1.24887555973187,1.2547254763134,
7060,7060,2,2356.205,3,33.2750549811429,30.1014874995211,1.58861503005028,-1.51862408965826,1.25979960117786,-1.24942448126613,1.254612041222,
7070,7070,2,2359.538,3,33.2758864659708,30.101927828852,1.59196238964796,-1.52144050225616,1.25996314142458,-1.24926541136784,1.25461427639621,
7080,7080,2,2362.872,3,33.2750996846283,30.1030588270318,1.589117012918,-1.51946423575282,1.25999629650877,-1.24861199543904,1.2543041459739,
7090,7090,2,2366.205,3,33.2749923962634,30.1023055733034,1.59459505230188,-1.5177421271801,1.25937696698674,-1.24857455627094,1.25397576162884,
7100,7100,2,2369.538,3,33.2741229134729,30.1025983811325,1.5908632427454,-1.52006419375539,1.25993259404365,-1.24790325894841,1.25391792649603,
7110,7110,2,2372.872,3,33.2742458480577,30.1014562070813,1.58871300518513,-1.52000291272998,1.26002554003808,-1.24870000542375,1.25436277273091,
7120,7120,2,2376.205,3,33.2746459442518,30.1010717571072,1.59165319055319,-1.51875969022512,1.25905780273531,-1.24939058112387,1.25422419192959,
7130,7130,2,2379.538,3,33.2756853002866,30.1010739922814,1.59216579049826,-1.52187291532755,1.26007443447403,-1.24929577248426,1.25468510347914,
7140,7140,2,2382.872,3,33.2743665474682,30.1021580518016,1.58927105367184,-1.51986563578248,1.26058209841758,-1.24808067590172,1.25433138715965,
7150,7150,2,2386.205,3,33.2745632428038,30.1011969268662,1.59167051315308,-1.51836015284061,1.26045245831311,-1.24973256277874,1.25509251054593,
7160,7160,2,2389.538,3,33.2751332122423,30.1019054771093,1.59059446305037,-1.51922330260277,1.25987531770439,-1.24845283240849,1.25416407505644,
7170,7170,2,2392.872,3,33.2746906477371,30.1021334648847,1.58953685313463,-1.52133507654071,1.2602546453951,-1.24867094815895,1.25446279677703,
7180,7180,2,2396.205,3,33.2750862735827,30.1017356038649,1.59170795232058,-1.51594672352076,1.26015629772965,-1.2490397519044,1.25459802481702,
7190,7190,2,2399.538,3,33.2745386558869,30.1025067389875,1.59274786710739,-1.52166280895472,1.26027373750819,-1.24854587153518,1.25440980452168,
7200,7200,2,2402.872,3,33.2748672265044,30.1020395875654,1.59055609256029,-1.51922907680273,1.26068733787019,-1.24866070361047,1.25467402074033,
7210,7210,2,2406.205,3,33.2749164003383,30.1022429884239,1.59065201878548,-1.51818441227078,1.25964295271831,-1.24909879775658,1.25437087523744,
7220,7220,2,2409.538,3,33.2748314637161,30.101836186707,1.5929626300931,-1.5207807533443,1.26056077113028,-1.2486433810103,1.25460207607029,
7230,7230,2,2412.872,3,33.2751019198025,30.1009152949084,1.58930122852325,-1.52172585949302,1.26074489360622,-1.24898368628451,1.25486428994537,
7240,7240,2,2416.205,3,33.2748471099359,30.1019479454204,1.58918723464012,-1.51682030409575,1.2603102453537,-1.24843970075998,1.25437497305684,
7250,7250,2,2419.538,3,33.2754863697767,30.1014763236498,1.59049592912197,-1.52026414871216,1.26041539167405,-1.24839490414342,1.25440514790874,
7260,7260,2,2422.872,3,33.2751533288107,30.1014360905129,1.58905927091837,-1.52097828686237,1.26035858099609,-1.24938834594966,1.25487346347287,
7270,7270,2,2426.205,3,33.2747755843593,30.1016841948567,1.59147921949625,-1.51753854006529,1.26059308802413,-1.24938890474321,1.25499099638367,
7280,7280,2,2429.538,3,33.2748404044131,30.1015411437036,1.5932297334075,-1.52257801964879,1.26039797594163,-1.24936152385908,1.25487974990035,
7290,7290,2,2432.872,3,33.2736870544906,30.1006448388219,1.58963967114687,-1.51952421292663,1.25956760872081,-1.24947030233753,1.25451895552917,
7300,7300,2,2436.205,3,33.274822523019,30.102044057914,1.59111432731152,-1.51782520115376,1.25979690034235,-1.24892855198721,1.25436272616478,
7310,7310,2,2439.538,3,33.2751242715452,30.1012081027375,1.59450210630894,-1.52078168466687,1.2603274748216,-1.24878447638261,1.25455597560211,
7320,7320,2,2442.872,3,33.2744470137419,30.1013466835422,1.5872111544013,-1.51872495189309,1.26031760280215,-1.24830242381028,1.25431001330622,
7330,7330,2,2446.205,3,33.2738435166894,30.1008527100289,1.59299746155739,-1.5198471955955,1.25984123129762,-1.24851355464132,1.25417739296947,
7340,7340,2,2449.538,3,33.2744693654846,30.1011790454721,1.59046910703182,-1.51919079944491,1.26054307600107,-1.2486719726138,1.25460752430744,
7350,7350,2,2452.872,3,33.2746928829114,30.1007096588757,1.59001555293798,-1.52251943945885,1.26048589279408,-1.24892100827424,1.25470345053416,
7360,7360,2,2456.205,3,33.2742860811946,30.1011745751235,1.59130822867155,-1.51768466457725,1.25987941552379,-1.24935016172349,1.25461478862364,
7370,7370,2,2459.538,3,33.2747398215711,30.0999698161928,1.59141179174185,-1.52219822630286,1.26018423740733,-1.24997824567786,1.2550812415426,
7380,7380,2,2462.872,3,33.2744134861278,30.1004436731377,1.5904176980257,-1.52148809283972,1.26007480700307,-1.25010714072425,1.25509097386366,
7390,7390,2,2466.205,3,33.2744537192647,30.1009823501364,1.59057937562466,-1.51922013610601,1.25992132504031,-1.24954527380599,1.25473329942315,
7400,7400,2,2469.538,3,33.2747912305792,30.1010471701902,1.59037709236145,-1.5190776437521,1.26096347501798,-1.24888906390942,1.2549262694637,
7410,7410,2,2472.872,3,33.2738368111666,30.1008840024686,1.58820394426584,-1.52096468955278,1.26078317096465,-1.24950792777015,1.2551455493674,
7420,7420,2,2476.205,3,33.2738166945982,30.0995473682561,1.59290041774511,-1.52025884017348,1.25962181169553,-1.25022765386733,1.25492473278143,
7430,7430,2,2479.538,3,33.2737295228017,30.100778949278,1.59339774399996,-1.52073670178652,1.25991583023704,-1.24885786460267,1.25438684741985,
7440,7440,2,2482.872,3,33.2742167907922,30.100412380698,1.58783085644245,-1.52018796652555,1.26047611390689,-1.24927761169376,1.25487686280033,
7450,7450,2,2486.205,3,33.2741407948671,30.0998781740478,1.59329995512962,-1.51946842670441,1.26014558751987,-1.24965563553285,1.25490061152636,
7460,7460,2,2489.538,3,33.2756808299381,30.1012304544802,1.5921963378787,-1.51990596204996,1.2608356975587,-1.24849837408312,1.25466703582091,
7470,7470,2,2492.872,3,33.274672766343,30.1005733132453,1.59092396497726,-1.51845514774323,1.26090387037225,-1.2492473437096,1.25507560704093,
7480,7480,2,2496.205,3,33.2746280628576,30.0997977077741,1.59085262566805,-1.51977753266692,1.26006065089971,-1.24993363532582,1.25499714311276,
7490,7490,2,2499.538,3,33.2741609114355,30.1010069370534,1.59227550029755,-1.52070848271251,1.26137213937026,-1.24925218658707,1.25531216297867,
7500,7500,2,2502.872,3,33.2736781137935,30.1001866280968,1.58893801271915,-1.51893347501755,1.26056626593355,-1.2498486055734,1.25520743575348,
7510,7510,2,2506.205,3,33.2757590610375,30.1011566937294,1.58979706466198,-1.51806846261024,1.26116659647476,-1.24912319840842,1.25514489744159,
7520,7520,2,2509.538,3,33.274073739639,30.1005844891166,1.59035921096802,-1.5206859447062,1.26048887302637,-1.24937959151732,1.25493423227184,
7530,7530,2,2512.872,3,33.2746101814635,30.1006582498675,1.58947613090277,-1.52066396549344,1.26044016485493,-1.24834424019455,1.25439220252474,
7540,7540,2,2516.205,3,33.2736088233912,30.1006113112079,1.59360840916634,-1.51967974379659,1.26020323638816,-1.24968152630084,1.2549423813445,
7550,7550,2,2519.538,3,33.2738301056438,30.1008884728172,1.59453693777323,-1.52083113789558,1.26059476440479,-1.24872999401113,1.25466237920796,
7560,7560,2,2522.872,3,33.2729919152931,30.1011052847212,1.58739369362593,-1.51900472119451,1.26067970102496,-1.24933842705886,1.25500906404191,
7570,7570,2,2526.205,3,33.2742324370121,30.0997708856829,1.59126259386539,-1.51734845712781,1.26032719542482,-1.24925209345481,1.25478964443982,
7580,7580,2,2529.538,3,33.2747532326167,30.1000681638606,1.59188490360975,-1.52145819738507,1.26064226185686,-1.24903667853986,1.25483947019836,
7590,7590,2,2532.872,3,33.2740089195853,30.1000592231635,1.58956795930862,-1.52212930843234,1.26122443160757,-1.25003598767841,1.25563020964299,
7600,7600,2,2536.205,3,33.2748582858073,30.0997597098116,1.5922611579299,-1.5195238403976,1.26110419786126,-1.25003785032359,1.25557102409242,
7610,7610,2,2539.538,3,33.275155563985,30.1006694257388,1.59333609044552,-1.5200087800622,1.26214802421959,-1.24895183505195,1.25554992963577,
7620,7620,2,2542.872,3,33.2744514840904,30.0995853662186,1.58925987780094,-1.52331730350852,1.26200851209568,-1.24911109121476,1.25555980165522,
7630,7630,2,2546.205,3,33.2744090157793,30.099031043,1.59207414835691,-1.52087463065982,1.26177763722574,-1.25025708366116,1.25601736044345,
7640,7640,2,2549.538,3,33.2751466232879,30.1002559184992,1.59023888409138,-1.52031434699893,1.26210620783532,-1.24923803048371,1.25567211915951,
7650,7650,2,2552.872,3,33.2744961875758,30.0998737036993,1.58751420676708,-1.5195332467556,1.26318887034563,-1.24888999523201,1.25603943278882,
7660,7660,2,2556.205,3,33.2753120261838,30.0992612659497,1.59202571958303,-1.51942586526275,1.26225680269804,-1.2494594989955,1.25585815084677,
7670,7670,2,2559.538,3,33.2752784985698,30.0995116054678,1.59047599881887,-1.52069646865129,1.26224702381085,-1.24921372296412,1.25573037338749,
7680,7680,2,2562.872,3,33.2745632428038,30.0992769121696,1.59143283963203,-1.52344144880772,1.2621933796297,-1.24996828052615,1.25608083007792,
7690,7690,2,2566.205,3,33.275122036371,30.0992590307754,1.58943869173527,-1.51969958096743,1.2621402942421,-1.25010183218549,1.25612106321379,
7700,7700,2,2569.538,3,33.2745632428038,30.1001218080431,1.59052833914757,-1.52017800137401,1.26283589908421,-1.2490948862017,1.25596539264295,
7710,7710,2,2572.872,3,33.2740335065022,30.0991584479333,1.58752538263798,-1.52214001864195,1.26342440182852,-1.24955635654481,1.25649037918666,
7720,7720,2,2576.205,3,33.2748426395874,30.0991048037509,1.59186851233244,-1.52149042114615,1.26221088849438,-1.24958615886767,1.25589852368103,
7730,7730,2,2579.538,3,33.2748068767991,30.0988879918469,1.59080512821674,-1.5217867679894,1.26310402685773,-1.24977307531139,1.25643855108456,
7740,7740,2,2582.872,3,33.273649056528,30.0988812863241,1.58866979181767,-1.5205780044198,1.2621257656097,-1.24964874374569,1.25588725467769,
7750,7750,2,2586.205,3,33.2736244696111,30.0989796339919,1.59476492553949,-1.52135100215673,1.26171123392511,-1.2501326589632,1.25592194644415,
7760,7760,2,2589.538,3,33.2743665474682,30.0987494110422,1.58968288451433,-1.5214441344142,1.2623047658114,-1.2505836984933,1.25644423215235,
7770,7770,2,2592.872,3,33.2742033797466,30.0992567956012,1.58655866980553,-1.52163179591298,1.26257112407201,-1.25002490493959,1.2562980145058,
7780,7780,2,2596.205,3,33.2749745148692,30.0989148139381,1.58896893262863,-1.5199514105916,1.26196781329852,-1.25015473130857,1.25606127230354,
7790,7790,2,2599.538,3,33.2758529383568,30.0982420264833,1.5936728566885,-1.52292158454657,1.2623801098089,-1.25005610424634,1.25621810702762,
7800,7800,2,2602.872,3,33.2751399177651,30.0995898365672,1.59166436642408,-1.52168357744813,1.26258835353991,-1.25010425362422,1.25634630358207,
7810,7810,2,2606.205,3,33.2743486660741,30.0991517424105,1.59071609377861,-1.51818506419659,1.26189302809458,-1.25054439668002,1.2562187123873,
7820,7820,2,2609.538,3,33.2758328217883,30.0986488282001,1.59097164869308,-1.52326514944434,1.26275943749961,-1.24975351753701,1.25625647751831,
7830,7830,2,2612.872,3,33.2747688788365,30.0990645706141,1.58815905451775,-1.52067178860307,1.26346286545147,-1.24994350734527,1.25670318639837,
7840,7840,2,2616.205,3,33.2739932733654,30.098606359889,1.59037858247757,-1.52095081284642,1.26228511490477,-1.25023761901904,1.2562613669619,
7850,7850,2,2619.538,3,33.2757009465065,30.0990690409626,1.59134790301323,-1.52348112314939,1.26304675051847,-1.24978071215662,1.25641373133755,
7860,7860,2,2622.872,3,33.276512314766,30.0992590307754,1.58936455845833,-1.52270635589957,1.26411935474482,-1.24981628867954,1.25696782171218,
7870,7870,2,2626.205,3,33.2750818032341,30.0990533947427,1.59007217735052,-1.51868173852563,1.26338388929588,-1.24944646047924,1.25641517488756,
7880,7880,2,2629.538,3,33.27543049042,30.0990623354398,1.594328135252,-1.5206340700388,1.26332400525337,-1.24971030416885,1.25651715471111,
7890,7890,2,2632.872,3,33.2750683921885,30.0986912965112,1.58796664327383,-1.52296526357532,1.26340419212833,-1.25012148309212,1.25676283761023,
7900,7900,2,2636.205,3,33.2750438052716,30.0990913927053,1.59038901329041,-1.51972537860274,1.26255333581055,-1.24973237651422,1.25614285616239,
7910,7910,2,2639.538,3,33.2748426395874,30.0991182147965,1.58956572413445,-1.52176804840565,1.26345271403524,-1.24983212116356,1.2566424175994,
7920,7920,2,2642.872,3,33.2749499279523,30.098838818013,1.58927012234926,-1.52184357866645,1.26311371261266,-1.24950541319916,1.25630956290591,
7930,7930,2,2646.205,3,33.274639238729,30.0974686561864,1.59179642796516,-1.52314454317093,1.26264115953074,-1.25084903229906,1.2567450959149,
7940,7940,2,2649.538,3,33.2735931771713,30.0978016971524,1.59296449273825,-1.52229322120547,1.26208348356414,-1.25081597034713,1.25644972695563,
7950,7950,2,2652.872,3,33.2742547887548,30.0984118997277,1.58788319677114,-1.52282165363431,1.26249633886807,-1.24970015275263,1.25609824581035,
7960,7960,2,2656.205,3,33.2733361321304,30.0990645706141,1.58908497542143,-1.51964798569679,1.26199240021488,-1.25039268423019,1.25619254222254,
7970,7970,2,2659.538,3,33.2738211649467,30.0984610735616,1.58939324319363,-1.52456127107143,1.26284372219396,-1.25075459618848,1.25679915919122,
7980,7980,2,2662.872,3,33.2741184431244,30.0982710837488,1.58647410571575,-1.52301117777824,1.26251338207146,-1.25016702476675,1.2563402034191,
7990,7990,2,2666.205,3,33.274614651812,30.0981079160272,1.59399528056383,-1.52022438123822,1.26289103338151,-1.25072535265917,1.25680819302034,
8000,8000,2,2669.538,3,33.2746213573348,30.0977502881442,1.58718843013048,-1.52505896985531,1.26347180614833,-1.25011459130496,1.25679319872664,
8010,8010,2,2672.872,3,33.2737161117561,30.0987717627849,1.59047264605761,-1.52194583788514,1.26322994167183,-1.24977205085654,1.25650099626418,
8020,8020,2,2676.205,3,33.2732400196369,30.0968986867479,1.58696230500937,-1.52049483731389,1.26243589603201,-1.25044223059195,1.25643906331198,
8030,8030,2,2679.538,3,33.2742413777092,30.0974530099665,1.59079469740391,-1.52168711647391,1.26334207291161,-1.25048376757945,1.25691292024553,
8040,8040,2,2682.872,3,33.2736579972251,30.0981548546868,1.58714707940817,-1.52276363223791,1.2615358658815,-1.25009624424995,1.25581605506572,
8050,8050,2,2686.205,3,33.2744917172272,30.0968003390801,1.59156136214733,-1.52240628376603,1.26294337371104,-1.25079967220181,1.25687152295642,
8060,8060,2,2689.538,3,33.2744939524015,30.0978128730237,1.59234814345837,-1.52446813881397,1.26384424205188,-1.2502767345678,1.25706048830984,
8070,8070,2,2692.872,3,33.2748024064506,30.0976608811735,1.58829726278782,-1.52393653988838,1.26315776417114,-1.2508963434866,1.25702705382887,
8080,8080,2,2696.205,3,33.2735037702006,30.097399365784,1.59096643328667,-1.5209305100143,1.26200134091174,-1.2509639575066,1.25648264920917,
8090,8090,2,2699.538,3,33.2741542059127,30.097873222729,1.58654041588306,-1.5225088223815,1.263213457262,-1.2506617433263,1.25693760029415,
8100,8100,2,2702.872,3,33.2740536230706,30.097216081494,1.58643592149019,-1.52264032512903,1.26325592557208,-1.25054402415099,1.25689997486153,
8110,8110,2,2706.205,3,33.2738636332578,30.097448539618,1.59175898879766,-1.52178276330233,1.2627494723479,-1.25056460638022,1.25665703936406,
8120,8120,2,2709.538,3,33.2749186355125,30.0975178300203,1.58957988023758,-1.5239947475493,1.26407567571537,-1.25052744660889,1.25730156116213,
8130,8130,2,2712.872,3,33.2742547887548,30.0974977134519,1.5886353328824,-1.52453994378448,1.2630829789672,-1.25091143091255,1.25699720493988,
8140,8140,2,2716.205,3,33.273890455349,30.0970216213327,1.59172173589468,-1.51916658505797,1.26180054776144,-1.25072479386561,1.25626267081353,
8150,8150,2,2719.538,3,33.2727236943809,30.0971534966145,1.58732626587152,-1.52274575084448,1.26202164374419,-1.2501524030021,1.25608702337314,
8160,8160,2,2722.872,3,33.2734143632298,30.0975290058916,1.58610846847296,-1.52343101799488,1.26235328771832,-1.25065978754887,1.25650653763359,
8170,8170,2,2726.205,3,33.2735909419971,30.0972205518426,1.5920152887702,-1.52104534208775,1.26179980270337,-1.25073494528184,1.2562673739926,
8180,8180,2,2729.538,3,33.273340602479,30.0982532023546,1.58823914825916,-1.52234779670835,1.26288348966853,-1.25010108712741,1.25649228839797,
8190,8190,2,2732.872,3,33.273499299852,30.0983157872341,1.58882346004248,-1.52083626016974,1.26253843464911,-1.24968581038475,1.25611212251693,
8200,8200,2,2736.205,3,33.2738926905233,30.0971669076601,1.59004461020231,-1.52136823162436,1.26276968204809,-1.25019347432829,1.25648157818819,
8210,8210,2,2739.538,3,33.2744537192647,30.0965231774708,1.58815868198872,-1.52298882603645,1.26350021148731,-1.25050919268614,1.25700470208672,
8220,8220,2,2742.872,3,33.2734791832836,30.0977525233185,1.58602669835091,-1.52374971657991,1.26299403765991,-1.25072302435269,1.2568585310063,
8230,8230,2,2746.205,3,33.274672766343,30.0979671000482,1.58870071172714,-1.5213311649859,1.26234835170859,-1.25104572762996,1.25669703966928,
8240,8240,2,2749.538,3,33.2731528478404,30.0971780835315,1.59019753336906,-1.52393309399486,1.26314994106139,-1.25030048329383,1.25672521217761,
8250,8250,2,2752.872,3,33.2741832631782,30.096965741976,1.5833392739296,-1.52276093140244,1.26316782245511,-1.25060521204512,1.25688651725011,
8260,8260,2,2756.205,3,33.2732109623714,30.0969500957561,1.58922374248505,-1.52142932638526,1.26307152369935,-1.25005731496571,1.25656441933253,
8270,8270,2,2759.538,3,33.2738189297724,30.0963644800977,1.58848818391562,-1.52299171313643,1.26417504783567,-1.25084828724098,1.25751166753833,
8280,8280,2,2762.872,3,33.272799690306,30.0966148196158,1.58542618155479,-1.52286998927593,1.26211822189672,-1.25032199684565,1.25622010937119,
8290,8290,2,2766.205,3,33.2737138765818,30.0961901365048,1.58969778567553,-1.52403013780713,1.26286998549098,-1.25196559495163,1.2574177902213,
8300,8300,2,2769.538,3,33.2736803489678,30.0970998524321,1.58699713647366,-1.5208619646728,1.26309862518671,-1.2502127527059,1.2566556889463,
8310,8310,2,2772.872,3,33.2724733548628,30.0960023818662,1.5869103372097,-1.52194425463676,1.26277163782553,-1.25077219818542,1.25677191800547,
8320,8320,2,2776.205,3,33.2728488641399,30.0957140443856,1.58847197890282,-1.5208724886179,1.26183426163918,-1.25068027664583,1.25625726914251,
8330,8330,2,2779.538,3,33.2736647027479,30.0955687580582,1.58846005797386,-1.52352685108781,1.26294002094971,-1.25108204921095,1.25701103508033,
8340,8340,2,2782.872,3,33.2730388539527,30.0962326048159,1.5849843621254,-1.52479195967317,1.26329243341759,-1.25174794486246,1.25752018914002,
8350,8350,2,2786.205,3,33.2716888086946,30.0963264821352,1.58734694123268,-1.52149470523,1.26198150374058,-1.25110561167247,1.25654355770653,
8360,8360,2,2789.538,3,33.2724890010827,30.0951396045986,1.58815290778875,-1.52581753209233,1.2620404564605,-1.25139190023648,1.25671617834849,
8370,8370,2,2792.872,3,33.2725359397423,30.0961163757539,1.58586874604225,-1.52455940842628,1.26257745706561,-1.25122314458326,1.25690030082444,
8380,8380,2,2796.205,3,33.2720799641916,30.096308600741,1.58757194876671,-1.52277359738946,1.26231435843408,-1.25187339401526,1.25709387622467,
8390,8390,2,2799.538,3,33.2725046473026,30.0961923716791,1.58692821860313,-1.52159053832293,1.26263966941459,-1.25099906836823,1.25681936889141,
8400,8400,2,2802.872,3,33.27301650221,30.09606720192,1.5858193859458,-1.52581827715039,1.2625434637911,-1.25041484970782,1.25647915674946,
8410,8410,2,2806.205,3,33.2729472118077,30.095816862402,1.58855710178614,-1.52357155457139,1.26231054001146,-1.25148298358574,1.2568967617986,
8420,8420,2,2809.538,3,33.2733495431761,30.096216958596,1.59036256372929,-1.52293164283037,1.26268362784082,-1.25122323771552,1.25695343277817,
8430,8430,2,2812.872,3,33.27246664934,30.096308600741,1.58665180206299,-1.52388522401452,1.26278290682886,-1.25011412564367,1.25644851623626,
8440,8440,2,2816.205,3,33.273973156797,30.0962929545211,1.58642400056124,-1.52172222733498,1.26314789215169,-1.25068586458137,1.25691687836653,
8450,8450,2,2819.538,3,33.2735976475199,30.0964471815457,1.58643685281277,-1.52326617389917,1.26337811509582,-1.25132354115841,1.25735082812712,
8460,8460,2,2822.872,3,33.2728041606545,30.0958638010616,1.58562213182449,-1.52330230921507,1.2627151996766,-1.25138789554935,1.25705154761298,
8470,8470,2,2826.205,3,33.2727371054265,30.0954391179506,1.58837679773569,-1.52343064546585,1.26264907577275,-1.25179516291774,1.25722211934525,
8480,8480,2,2829.538,3,33.2725337045681,30.0959196804183,1.58808194100857,-1.52161102741957,1.26318300301332,-1.25097168748409,1.25707734524871,
8490,8490,2,2832.872,3,33.273432244624,30.0951172528559,1.58819947391748,-1.52591755613685,1.2624690511162,-1.25150850182469,1.25698877647044,
8500,8500,2,2836.205,3,33.2725269990453,30.0965991733959,1.58562660217285,-1.52045907452703,1.26215202890672,-1.25102598359106,1.25658900624889,
8510,8510,2,2839.538,3,33.2721693711623,30.0963287173094,1.58902313560247,-1.52337960898876,1.2631031886674,-1.25039184603986,1.25674751735363,
8520,8520,2,2842.872,3,33.2727952199575,30.0959666190779,1.58601980656385,-1.52553925290704,1.26335399384075,-1.25116791715371,1.25726095549723,
8530,8530,2,2846.205,3,33.2736199992625,30.0954391179506,1.58999897539616,-1.5219122171402,1.262695921299,-1.25149238994389,1.25709415562145,
8540,8540,2,2849.538,3,33.271559168587,30.0967377542006,1.58174242824316,-1.52283348143101,1.26340465778962,-1.25100651894894,1.25720558836928,
8550,8550,2,2852.872,3,33.2724822955599,30.096216958596,1.58314257860184,-1.52428150177002,1.26212613813873,-1.25073205818181,1.25642909816027,
8560,8560,2,2856.205,3,33.2716910438688,30.0961230812767,1.58344395458698,-1.52407260611653,1.26217978231989,-1.25149844354073,1.25683911293031,
8570,8570,2,2859.538,3,33.2719458537354,30.0960224984347,1.58544052392244,-1.52209401130676,1.26257224165911,-1.25093918432572,1.25675571299242,
8580,8580,2,2862.872,3,33.2734434204953,30.0963018952182,1.58685222268105,-1.52196167036891,1.26205852411874,-1.25009978327579,1.25607915369726,
8590,8590,2,2866.205,3,33.2735909419971,30.0954704103903,1.58875323832035,-1.52211645618081,1.26305336290886,-1.25101573904258,1.25703455097572,
8600,8600,2,2869.538,3,33.2727616923434,30.0972026704484,1.59008763730526,-1.52244847267866,1.26392573277846,-1.2510601631301,1.25749294795428,
8610,8610,2,2872.872,3,33.2725761728792,30.0953295944114,1.58543530851603,-1.52427544817328,1.26220148213623,-1.25054570053165,1.25637359133394,
8620,8620,2,2876.205,3,33.2727773385633,30.0954949973073,1.5876954421401,-1.52212623506784,1.26231184386308,-1.25122472783167,1.25676828584738,
8630,8630,2,2879.538,3,33.2724107699833,30.0960873184884,1.58545710146427,-1.52513245120645,1.26286383876189,-1.25085117434101,1.25685750655145,
8640,8640,2,2882.872,3,33.2724107699833,30.0963935373632,1.58415790647268,-1.52323450893164,1.26303082490219,-1.25044539708876,1.25673811099548,
8650,8650,2,2886.205,3,33.2727125185095,30.095034551408,1.58927645534277,-1.5222474001348,1.26280768000974,-1.2506908005911,1.25674924030042,
8660,8660,2,2889.538,3,33.2722699540044,30.095908504547,1.58517882227898,-1.52161056175828,1.26320852125227,-1.25129420449684,1.25725136287456,
8670,8670,2,2892.872,3,33.2721872525564,30.0940331933357,1.58502943813801,-1.52344461530447,1.26222653471389,-1.25085927684754,1.25654290578071,
8680,8680,2,2896.205,3,33.2721604304652,30.0955397007927,1.58632583916187,-1.52351642027497,1.26258351066245,-1.25138351833318,1.25698351449781,
8690,8690,2,2899.538,3,33.2715703444583,30.0953027723202,1.58733930438757,-1.52477324008942,1.26225950353355,-1.25109620531431,1.25667785442393,
8700,8700,2,2902.872,3,33.272191722905,30.0944154081356,1.58365238457918,-1.52390999719501,1.2629019298558,-1.25106295709787,1.25698244347683,
8710,8710,2,2906.205,3,33.2728153365259,30.0950725493706,1.58949047327042,-1.5216963365674,1.26244614058049,-1.25073131312374,1.25658872685212,
8720,8720,2,2909.538,3,33.272258778133,30.0948713836864,1.58473439514637,-1.52260642498732,1.26348968754205,-1.2508312440376,1.25716046578982,
8730,8730,2,2912.872,3,33.2728309827458,30.0954726455646,1.58518496900797,-1.52199231088161,1.26256451168162,-1.25032320756501,1.25644385962332,
8740,8740,2,2916.205,3,33.2721514897681,30.095459234519,1.58802047371864,-1.52357425540686,1.26246616401617,-1.25102207203619,1.25674411802618,
8750,8750,2,2919.538,3,33.2718899743787,30.0952714798805,1.58831141889095,-1.52159621939063,1.26264609554046,-1.25104395811704,1.25684502682875,
8760,8760,2,2922.872,3,33.273224373417,30.0965589402591,1.58463474363089,-1.52425831183791,1.26194890744995,-1.25046774883091,1.25620832814043,
8770,8770,2,2926.205,3,33.2721850173822,30.095758747871,1.58945359289646,-1.52284512296319,1.26262886607256,-1.25154100498307,1.25708493552781,
8780,8780,2,2929.538,3,33.2724264162032,30.0958727417587,1.58524196594954,-1.52294142171741,1.26178685731937,-1.25007137793681,1.25592911762809,
8790,8790,2,2932.872,3,33.2725717025306,30.0958705065844,1.58565528690815,-1.52186220511794,1.26328917378852,-1.25089327012206,1.25709122195529,
8800,8800,2,2936.205,3,33.273074616741,30.0957274554312,1.58892441540956,-1.52071379125118,1.26200050272141,-1.25058844823851,1.25629447547996,
8810,8810,2,2939.538,3,33.2720620827974,30.0949071464747,1.58628597855568,-1.52290053665638,1.2633164615404,-1.25064656276809,1.25698151215425,
8820,8820,2,2942.872,3,33.2723548906266,30.0944981095836,1.58411972224712,-1.52301406487823,1.2622911685016,-1.25043748084675,1.25636432467417,
8830,8830,2,2946.205,3,33.2728488641399,30.0948378560724,1.58260408788919,-1.5227884054184,1.26274444320592,-1.25123301660271,1.25698872990431,
8840,8840,2,2949.538,3,33.2724621789915,30.094759624973,1.58578623086214,-1.52175277471542,1.26225102849799,-1.25101369013288,1.25663235931544,
8850,8850,2,2952.872,3,33.2726074653189,30.0949160871718,1.58717632293701,-1.52554251253605,1.26309033641566,-1.25098174576806,1.25703604109186,
8860,8860,2,2956.205,3,33.271983851698,30.0947573897987,1.58473234623671,-1.52211813256145,1.26276455977385,-1.25141518330122,1.25708987153754,
8870,8870,2,2959.538,3,33.2715457575414,30.0926630315091,1.58514231443405,-1.5233613550663,1.26277620130622,-1.25118989636682,1.25698304883652,
8880,8880,2,2962.872,3,33.2723347740582,30.0939080235767,1.58348586410284,-1.52635192498565,1.26265205600504,-1.25165388128092,1.25715296864298,
8890,8890,2,2966.205,3,33.2723303037096,30.0943483529076,1.58562064170837,-1.52152962982655,1.26291943872049,-1.25127948959993,1.25709946416021,
8900,8900,2,2969.538,3,33.2710786061193,30.0933157023955,1.58571917563677,-1.52564523741603,1.26329327160792,-1.25139394914618,1.25734361037705,
8910,8910,2,2972.872,3,33.2709333197918,30.0936420378387,1.58456917852163,-1.52279231697321,1.26176208413849,-1.25117369135376,1.25646788774613,
8920,8920,2,2976.205,3,33.2712708311064,30.094643395911,1.58548466861248,-1.52346985414624,1.26246355631292,-1.25165630271965,1.25705992951628,
8930,8930,2,2979.538,3,33.2713915305169,30.0944310543555,1.5845499932766,-1.52357686311007,1.26264106639848,-1.25046914581479,1.25655510610664,
8940,8940,2,2982.872,3,33.2716373996864,30.0952267763951,1.58282704651356,-1.52315059676766,1.26198336638576,-1.25069778551052,1.25634057594814,
8950,8950,2,2986.205,3,33.2716128127694,30.0945897517286,1.58627741038799,-1.52262067422271,1.26216925837463,-1.25113681097922,1.25665303467692,
8960,8960,2,2989.538,3,33.2712820069777,30.0950166700138,1.58279538154602,-1.52268661186099,1.2622287698881,-1.25096209486142,1.25659543237476,
8970,8970,2,2992.872,3,33.2715211706244,30.094551753766,1.5831783413887,-1.52395199984312,1.2629659117177,-1.2513457997683,1.257155855743,
8980,8980,2,2996.205,3,33.2709891991485,30.094194125883,1.58456768840551,-1.51973348110914,1.26182671792621,-1.25093545903536,1.25638108848078,
8990,8990,2,2999.538,3,33.271226127621,30.0955776987552,1.58191826194525,-1.52469910681248,1.26245852717093,-1.25088917230266,1.2566738497368,
9000,9000,2,3002.872,3,33.2709914343228,30.0939393160164,1.58445797860622,-1.52315534651279,1.26213126041298,-1.25073569033991,1.25643347537644,
9010,9010,2,3006.205,3,33.2716575162548,30.0934118148891,1.5875406563282,-1.52477454394102,1.26258900546572,-1.25191558292857,1.25725229419715,
9020,9020,2,3009.538,3,33.2709713177544,30.0942701218082,1.58528108149767,-1.52321057394147,1.26193083979171,-1.25078430537908,1.2563575725854,
9030,9030,2,3012.872,3,33.2718273894992,30.0937850889919,1.58483702689409,-1.52384042739868,1.26342272544786,-1.25168973720061,1.25755623132424,
9040,9040,2,3016.205,3,33.2719682054781,30.0937470910293,1.5870900824666,-1.52175836265087,1.26232637249548,-1.25091226910288,1.25661932079918,
9050,9050,2,3019.538,3,33.2713468270315,30.0941091892608,1.5860091894865,-1.52069805189967,1.26297205844679,-1.25095948715817,1.25696577280248,
9060,9060,2,3022.872,3,33.2718028025823,30.0937537965521,1.5826253220439,-1.52496583759785,1.26225289114317,-1.25090025504148,1.25657657309232,
9070,9070,2,3026.205,3,33.2716821031718,30.0948937354291,1.58505514264107,-1.52008682489395,1.26257922657854,-1.25131366913896,1.25694644785875,
9080,9080,2,3029.538,3,33.2721358435483,30.0933827576236,1.58687140792608,-1.52557604014874,1.26292810002057,-1.25154715171216,1.25723762586636,
9090,9090,2,3032.872,3,33.2720285551834,30.0950300810595,1.58358514308929,-1.52275087311864,1.26217018969722,-1.25103939463635,1.25660479216679,
9100,9100,2,3036.205,3,33.2725202935224,30.0932039436821,1.58854927867651,-1.52236884459853,1.26278905355795,-1.25113746290503,1.25696325823149,
9110,9110,2,3039.538,3,33.2718855040302,30.094068956124,1.58627014607191,-1.52568100020289,1.26315003419365,-1.25193476817391,1.25754240118378,
9120,9120,2,3042.872,3,33.272258778133,30.0931212422342,1.58338528126478,-1.52318757027388,1.26239203073804,-1.25182189187606,1.25710696130705,
9130,9130,2,3046.205,3,33.2715479927157,30.0938141462574,1.58709660172462,-1.52167268097401,1.26295436331759,-1.25199185824865,1.25747311078312,
9140,9140,2,3049.538,3,33.272799690306,30.0934319314575,1.58724822103977,-1.52572244405746,1.26320451656514,-1.25173937669463,1.25747194662988,
9150,9150,2,3052.872,3,33.2727371054265,30.0939415511907,1.5852402895689,-1.52325863018632,1.26282574766798,-1.25203060126837,1.25742817446818,
9160,9160,2,3056.205,3,33.2723124223155,30.0924149271653,1.58879589289427,-1.52286626398563,1.26291273319784,-1.25160601129981,1.25725937224883,
9170,9170,2,3059.538,3,33.2712484793637,30.0930407759605,1.5865046530962,-1.52657078579068,1.26290956670104,-1.25166636100361,1.25728796385233,
9180,9180,2,3062.872,3,33.2713915305169,30.0941896555345,1.58210583031178,-1.52201177552342,1.26174215383508,-1.25127166649018,1.25650691016263,
9190,9190,2,3066.205,3,33.2717133956115,30.0938722607884,1.59155335277319,-1.52338091284037,1.26249214791642,-1.25098388781002,1.25673801786322,
9200,9200,2,3069.538,3,33.2718430357191,30.0937917945147,1.58448908478022,-1.52322286739945,1.26379264678042,-1.25201355806499,1.2579031024227,
9210,9210,2,3072.872,3,33.2712820069777,30.0943841156959,1.58418789505959,-1.52483461424708,1.26188185222351,-1.25062877450663,1.25625531336507,
9220,9220,2,3076.205,3,33.2715748148069,30.0948669133379,1.58826392143965,-1.52150625362992,1.2628384136552,-1.2513051941034,1.2570718038793,
9230,9230,2,3079.538,3,33.2724957066055,30.0930407759605,1.58604886382818,-1.52466483414173,1.26246281125485,-1.25143874576274,1.25695077850879,
9240,9240,2,3082.872,3,33.2717804508396,30.0938007352118,1.58336069434881,-1.52281830087304,1.26270178863132,-1.25169569766518,1.25719874314825,
9250,9250,2,3086.205,3,33.2714116470853,30.0941449520491,1.58785954117775,-1.52321122586727,1.26240795635432,-1.25182682788579,1.25711739212006,
9260,9260,2,3089.538,3,33.271834095022,30.093277704433,1.5835352241993,-1.52416443452239,1.26274518826399,-1.25138258701059,1.25706388763729,
9270,9270,2,3092.872,3,33.2725649970078,30.0929647800354,1.58410612493753,-1.52463437989354,1.26318374807139,-1.25255093119914,1.25786733963526,
9280,9280,2,3096.205,3,33.2718810336817,30.0936286267931,1.58490724861622,-1.52179002761841,1.26284996205531,-1.25184247410529,1.2573462180803,
9290,9290,2,3099.538,3,33.27153458167,30.0926697370319,1.58251728862524,-1.52422469109297,1.26222532399452,-1.25185784092802,1.25704158246127,
9300,9300,2,3102.872,3,33.2710875468163,30.0940600154269,1.58398877829313,-1.52452159672976,1.26203691743466,-1.25198105490661,1.25700898617064,
9310,9310,2,3106.205,3,33.27116801309,30.0934408721546,1.58654935657978,-1.52187636122108,1.26236688502813,-1.25187078631201,1.25711883567007,
9320,9320,2,3109.538,3,33.2714004712139,30.0936733302785,1.58715788275003,-1.52529124170542,1.26304628485718,-1.25165406754543,1.25735017620131,
9330,9330,2,3112.872,3,33.271409411911,30.0931502994997,1.58439800143242,-1.52264907956123,1.26240218215427,-1.25189183420254,1.2571470081784,
9340,9340,2,3116.205,3,33.2717335121799,30.0925557431442,1.58511120826006,-1.52163561433554,1.26318151289718,-1.25193355745455,1.25755753517586,
9350,9350,2,3119.538,3,33.2722364263904,30.0941181299579,1.58502589911222,-1.52553291991353,1.26287911245236,-1.25143790757241,1.25715851001238,
9360,9360,2,3122.872,3,33.2716910438688,30.0928887841102,1.58143937587738,-1.52380904182792,1.26230038859523,-1.25212373352733,1.25721206106128,
9370,9370,2,3126.205,3,33.2708528535182,30.0929468986412,1.58340390771627,-1.52295781299472,1.26240078517038,-1.25153038790555,1.25696558653796,
9380,9380,2,3129.538,3,33.2712484793637,30.0938789663112,1.58602595329285,-1.5232402831316,1.26255920314286,-1.25107254972054,1.2568158764317,
9390,9390,2,3132.872,3,33.2709623770573,30.0925758597127,1.5830535441637,-1.52634810656309,1.26161474890483,-1.25083580751828,1.25622527821156,
9400,9400,2,3136.205,3,33.2708439128211,30.0926630315091,1.58401913940907,-1.52384294196963,1.2627884947644,-1.25237565628779,1.2575820755261,
9410,9410,2,3139.538,3,33.2711478965216,30.092379164377,1.58492643386126,-1.52238933369517,1.26184962846191,-1.25168433552959,1.25676698199575,
9420,9420,2,3142.872,3,33.2714652912677,30.0922964629291,1.58138871192932,-1.52520406991243,1.26138219765423,-1.25127483298698,1.25632851532061,
9430,9430,2,3146.205,3,33.2712730662806,30.092886548936,1.5832532197237,-1.52090927585959,1.26277126529649,-1.25171972578799,1.25724549554224,
9440,9440,2,3149.538,3,33.2712998883719,30.0926630315091,1.58153548836708,-1.52540942654014,1.26286160358768,-1.2523590787457,1.25761034116669,
9450,9450,2,3152.872,3,33.2708036796842,30.0914985057152,1.58178564161062,-1.52108035981655,1.26242621027708,-1.25212308160151,1.2572746459393,
9460,9460,2,3156.205,3,33.2703812317475,30.0930564221804,1.58548150211573,-1.52427777647972,1.26302803093442,-1.25193309179325,1.25748056136384,
9470,9470,2,3159.538,3,33.2701152460096,30.0919969495771,1.58638209104538,-1.52371786534786,1.26376619721887,-1.25204773760402,1.25790696741145,
9480,9480,2,3162.872,3,33.2708439128211,30.0924261030367,1.58437639474869,-1.52533398941159,1.26213079475168,-1.25209914661096,1.25711497068132,
9490,9490,2,3166.205,3,33.2703477041335,30.0924439844308,1.58548280596733,-1.52420559898019,1.26248013385501,-1.25209150976573,1.25728582181037,
9500,9500,2,3169.538,3,33.2700750128727,30.0925691541899,1.58352572470903,-1.52316130697727,1.26256833010424,-1.25139022385582,1.25697927698003,
9510,9510,2,3172.872,3,33.2686757937807,30.0921936449127,1.58147644251585,-1.52458678930998,1.26148026592291,-1.25186761981521,1.25667394286906,
9520,9520,2,3176.205,3,33.27005266113,30.0919030722578,1.58347487449646,-1.52430031448603,1.26276130014479,-1.25190338260265,1.25733234137372,
9530,9530,2,3179.538,3,33.2696391538904,30.0922159966554,1.58122666180134,-1.52516448870301,1.26251794555214,-1.25162324076772,1.25707059315993,
9540,9540,2,3182.872,3,33.2711434261731,30.0922361132238,1.58220343291759,-1.5236372128129,1.26167370162475,-1.251696349591,1.25668502560787,
9550,9550,2,3186.205,3,33.2699096099769,30.0915499147234,1.5838623046875,-1.52392210438848,1.26240516238655,-1.25215586415666,1.25728051327161,
9560,9560,2,3189.538,3,33.2701063053125,30.0924261030367,1.58135779201984,-1.52372978627682,1.26272376784443,-1.2517868741467,1.25725532099556,
9570,9570,2,3192.872,3,33.2702515916399,30.0919433053947,1.58142130821943,-1.5242263674736,1.26214727916152,-1.2521296939919,1.25713848657671,
9580,9580,2,3196.205,3,33.2700861887441,30.0923858698998,1.58374439924955,-1.52208060026169,1.26238076173471,-1.25188587373796,1.25713331773634,
9590,9590,2,3199.538,3,33.2701286570552,30.0917846080216,1.58330556005239,-1.52372671291232,1.26216134213262,-1.25147609179858,1.2568187169656,
9600,9600,2,3202.872,3,33.2704259352329,30.0933157023955,1.58277377486229,-1.52513757348061,1.26214653410345,-1.25097317760024,1.25655985585184,
9610,9610,2,3206.205,3,33.270743329979,30.0923210498461,1.5811063349247,-1.5233357436955,1.26259431400449,-1.25156736141235,1.25708083770842,
9620,9620,2,3209.538,3,33.2710204915883,30.0934453425031,1.58337969332933,-1.52363367378712,1.26201568327962,-1.25124316801894,1.25662942564928,
9630,9630,2,3212.872,3,33.272500176954,30.0932352361219,1.58279277384281,-1.52458129450679,1.26304200077327,-1.25191576919309,1.25747888498318,
9640,9640,2,3216.205,3,33.2718385653706,30.0943058845965,1.58613063395023,-1.52246756479144,1.26323180431701,-1.25147963082442,1.25735571757071,
9650,9650,2,3219.538,3,33.2713088290689,30.0926317390694,1.58589761704206,-1.52383595705032,1.26313718194191,-1.25135967647489,1.2572484292084,
9660,9660,2,3222.872,3,33.2712775366292,30.0924573954764,1.58381815999746,-1.52589306235313,1.26178760237745,-1.25140233104949,1.25659496671347,
9670,9670,2,3226.205,3,33.2717960970595,30.0933894631464,1.58144943416119,-1.52258332818747,1.26354342485546,-1.25111781199839,1.25733061842693,
9680,9680,2,3229.538,3,33.2714116470853,30.091737669362,1.5844127163291,-1.52446664869785,1.26328367898525,-1.252346599023,1.25781513900412,
9690,9690,2,3232.872,3,33.2712238924467,30.092070710328,1.58755164593458,-1.52658224105835,1.26217233173918,-1.25207055500747,1.25712144337332,
9700,9700,2,3236.205,3,33.2715189354502,30.0931726512423,1.58659163862467,-1.52358077466488,1.26300465473743,-1.25155218085414,1.25727841779578,
9710,9710,2,3239.538,3,33.2717290418314,30.0926518556378,1.58291440457106,-1.52628570795059,1.263515205781,-1.25207707426559,1.2577961400233,
9720,9720,2,3242.872,3,33.2698269085289,30.091737669362,1.58060640096664,-1.52613213285804,1.26153046421048,-1.25172671070742,1.25662858745895,
9730,9730,2,3246.205,3,33.2718966799015,30.0924328085595,1.58310905098915,-1.52464583516121,1.26298742526952,-1.25243600599159,1.25771171563056,
9740,9740,2,3249.538,3,33.2705913381287,30.0928887841102,1.58158112317324,-1.52285741642118,1.26210108556108,-1.25179190328868,1.25694649442488,
9750,9750,2,3252.872,3,33.270926614269,30.0919142481292,1.58323440700769,-1.52551690116525,1.26213656895174,-1.25159092387386,1.2568637464128,
9760,9760,2,3256.205,3,33.2705734567346,30.0920818861993,1.58398486673832,-1.5239673666656,1.26264618867272,-1.25144079467243,1.25704349167258,
9770,9770,2,3259.538,3,33.2701912419347,30.0912481661972,1.5831932425499,-1.52394901961088,1.2634705022967,-1.25209951914,1.25778501071835,
9780,9780,2,3262.872,3,33.2703320579136,30.0911475833551,1.58061292022467,-1.52331599965692,1.262672545102,-1.25186370826033,1.25726812668117,
9790,9790,2,3266.205,3,33.2704527573241,30.0916326161714,1.58460829406977,-1.52283543720841,1.26275915810283,-1.25189844659292,1.25732880234788,
9800,9800,2,3269.538,3,33.2682578161925,30.0917577859304,1.58113036304712,-1.52288395911455,1.26152096472007,-1.25144014274662,1.25648055373334,
9810,9810,2,3272.872,3,33.2694804565173,30.0920528289338,1.581871509552,-1.52310952544212,1.26166252575367,-1.25131283094863,1.25648767835115,
9820,9820,2,3276.205,3,33.2687763766227,30.0909575935423,1.58205665647984,-1.52499256655574,1.26121325573649,-1.25231987006468,1.25676656290058,
9830,9830,2,3279.538,3,33.2697129146412,30.0919455405689,1.58078260719776,-1.52407307177782,1.26310244360933,-1.25209774962708,1.2576000966182,
9840,9840,2,3282.872,3,33.270110775661,30.0920349475397,1.58252343535423,-1.52438823133707,1.26169260747332,-1.25153448572494,1.25661354659913,
9850,9850,2,3286.205,3,33.2702560619885,30.0911609944007,1.58501155674458,-1.52416359633207,1.26301769325368,-1.25222757599606,1.25762263462487,
9860,9860,2,3289.538,3,33.2695385710483,30.0920438882368,1.58185884356499,-1.52286319062114,1.26222094677835,-1.25183642050846,1.2570286836434,
9870,9870,2,3292.872,3,33.2694893972144,30.0913867470018,1.57986972481012,-1.52440015226603,1.26125376826913,-1.25126123567718,1.25625750197316,
9880,9880,2,3296.205,3,33.2702135936774,30.0918538984239,1.58045087009668,-1.5216370113194,1.26230634905981,-1.25110067566274,1.25670351236127,
9890,9890,2,3299.538,3,33.2694558696004,30.0893102701064,1.58015806227922,-1.52530232444406,1.2616143763758,-1.25192126399637,1.25676782018608,
9900,9900,2,3302.872,3,33.2698961989312,30.0893080349321,1.58066861331463,-1.5252074226737,1.26180781207764,-1.25191670051568,1.25686225629666,
9910,9910,2,3306.205,3,33.2698202030061,30.0894823785251,1.58398002386093,-1.52551541104913,1.26281038084525,-1.25254152484098,1.25767595284312,
9920,9920,2,3309.538,3,33.2699073748026,30.0905865546137,1.58191807568073,-1.52516001835465,1.26401886503741,-1.25203414029422,1.25802650266581,
9930,9930,2,3312.872,3,33.2675872639119,30.0900277610466,1.57878715544939,-1.524927187711,1.26172743893816,-1.25233560941644,1.2570315241773,
9940,9940,2,3316.205,3,33.269353051584,30.0905217345599,1.58232413232327,-1.52194174006581,1.26269154408283,-1.2522056899152,1.25744861699902,
9950,9950,2,3319.538,3,33.2688434318508,30.0905016179915,1.58246085047722,-1.52287660166621,1.26214811735185,-1.25164494058406,1.25689652896795,
9960,9960,2,3322.872,3,33.268961896087,30.0906022008336,1.57898273319006,-1.52442567050457,1.26146806559698,-1.25170547655237,1.25658677107468,
9970,9970,2,3326.205,3,33.2695095137828,30.0903540964898,1.58118568360806,-1.52378277853131,1.26241522067052,-1.25220997399912,1.25731259733482,
9980,9980,2,3329.538,3,33.2686042682041,30.0895382578818,1.57999936491251,-1.52712101116776,1.26311510959654,-1.25274716086875,1.25793113523265,
9990,9990,2,3332.872,3,33.2694022254179,30.0894846136993,1.58027913421392,-1.52593245729804,1.26158140755613,-1.25233980036809,1.25696060396211,
10000,10000,2,3336.205,3,33.2675202086838,30.089439910214,1.58047489821911,-1.52527736499906,1.26217801280697,-1.25267498336806,1.25742649808752,
10010,10010,2,3339.538,3,33.2673279836968,30.0906245525763,1.57698560506105,-1.52349453419447,1.26140678457059,-1.25196866831617,1.25668772644338,
10020,10020,2,3342.872,3,33.267412920319,30.0896991904291,1.58062800765038,-1.52431940659881,1.26062307661151,-1.25113159557271,1.25587733609211,
10030,10030,2,3346.205,3,33.2675984397832,30.0899450595987,1.58252492547035,-1.52303427457809,1.26168245605709,-1.25269370295211,1.2571880795046,
10040,10040,2,3349.538,3,33.2674263313646,30.0898735340221,1.58120337873697,-1.52445258572698,1.26211309962248,-1.2519960492003,1.25705457441139,
10050,10050,2,3352.872,3,33.2680678263796,30.0904010351494,1.57784577459097,-1.52554912492633,1.26153502769117,-1.25196866831617,1.25675184800367,
10060,10060,2,3356.205,3,33.2687853173198,30.089656722118,1.58314313739538,-1.52520723640919,1.26262290560798,-1.25258026786071,1.25760158673435,
10070,10070,2,3359.538,3,33.267779488899,30.0895471985789,1.58107373863459,-1.52609422802925,1.26252334722316,-1.25270925603936,1.25761630163126,
10080,10080,2,3362.872,3,33.2684880391421,30.0897953029227,1.58338844776154,-1.52610503137112,1.26133497959894,-1.25153709342819,1.25643603651357,
10090,10090,2,3366.205,3,33.2689775423069,30.0901328142372,1.58337261527777,-1.52564514428377,1.26284605050043,-1.2519325329997,1.25738929175007,
10100,10100,2,3369.538,3,33.2678018406417,30.0900411720922,1.57907046377659,-1.52605110779405,1.26233084284391,-1.25205416372989,1.2571925032869,
10110,10110,2,3372.872,3,33.2680432394627,30.0889414663521,1.58201027661562,-1.52706056833267,1.2620372899637,-1.25217849529559,1.25710789262964,
10120,10120,2,3376.205,3,33.267996300803,30.0887581820621,1.5806682407856,-1.52510870248079,1.26295641222729,-1.25250445820192,1.25773043521461,
10130,10130,2,3379.538,3,33.2692345873478,30.089415323297,1.58099476248026,-1.5261516906321,1.26228977151771,-1.25250538952451,1.25739758052111,
10140,10140,2,3382.872,3,33.2692055300823,30.0891336913392,1.58148352056742,-1.52770057320595,1.26218704663609,-1.25290120162506,1.25754412413057,
10150,10150,2,3386.205,3,33.2695966855793,30.0894175584713,1.58259253948927,-1.52480285614729,1.26331292251456,-1.25187907508306,1.25759599879881,
10160,10160,2,3389.538,3,33.2680231228943,30.0893773253345,1.57764032483101,-1.52396187186241,1.26225046970444,-1.25201234734562,1.25713140852503,
10170,10170,2,3392.872,3,33.268836726328,30.0889258201322,1.58058144152164,-1.52382459491491,1.26203738309595,-1.25188820204444,1.2569627925702,
10180,10180,2,3396.205,3,33.2699252561967,30.0886531288715,1.58156547695398,-1.52357872575521,1.26273261540903,-1.25185616454736,1.25729438997819,
10190,10190,2,3399.538,3,33.2687048510461,30.0905574973482,1.57891940325499,-1.52361271902919,1.26204865209929,-1.25097084929376,1.25650975069653,
10200,10200,2,3402.872,3,33.2706405119626,30.0903831537553,1.58244147896767,-1.52480257675052,1.26238029607341,-1.2507595321982,1.25656991413581,
10210,10210,2,3406.205,3,33.2692882315302,30.0892834480152,1.58234834671021,-1.52342179790139,1.26196613691786,-1.25218566647953,1.25707590169869,
10220,10220,2,3409.538,3,33.2688657835935,30.0907676037295,1.58438235521317,-1.52540197595954,1.26123849457867,-1.25085033615068,1.25604441536467,
10230,10230,2,3412.872,3,33.2697576181266,30.0901775177226,1.57934613525867,-1.52624417096376,1.26231575541796,-1.25182980811807,1.25707278176802,
10240,10240,2,3416.205,3,33.2689104870788,30.0902445729506,1.57814770936966,-1.52395786717534,1.26276567736096,-1.25185327744733,1.25730947740414,
10250,10250,2,3419.538,3,33.2686690882578,30.088232916109,1.58013310283422,-1.52615280821919,1.26232544117289,-1.25209616637868,1.25721080377578,
10260,10260,2,3422.872,3,33.2687048510461,30.0898020084455,1.58180855214596,-1.52546688914299,1.26216590561331,-1.25211628294661,1.25714109427996,
10270,10270,2,3426.205,3,33.268137116782,30.0905731435681,1.5836376696825,-1.52356214821339,1.26307385200583,-1.25140624260436,1.2572400473051,
10280,10280,2,3429.538,3,33.2682913438065,30.0901238735401,1.58077124506235,-1.5231660567224,1.26262812101448,-1.25091366608677,1.25677089355063,
10290,10290,2,3432.872,3,33.2683896914743,30.0895583744502,1.58064216375351,-1.52370380237699,1.2618875332913,-1.25064032290674,1.25626392809902,
10300,10300,2,3436.205,3,33.2680767670767,30.0898288305367,1.58024802803993,-1.52280097827315,1.26230672158884,-1.25165304309058,1.25697988233971,
10310,10310,2,3439.538,3,33.2687719062742,30.0890979285509,1.58105157315731,-1.52509575709701,1.26197358749857,-1.2522769360933,1.25712526179594,
10320,10320,2,3442.872,3,33.2677928999446,30.0884989018469,1.57725922763348,-1.5263537876308,1.26185307435549,-1.25181099540177,1.25683203487863,
10330,10330,2,3446.205,3,33.2685752109386,30.0898221250139,1.58238932490349,-1.52318123728037,1.26231575541796,-1.25186883053458,1.25709229297627,
10340,10340,2,3449.538,3,33.2677057281481,30.0889057035638,1.58064216375351,-1.5259001404047,1.26212595187422,-1.25229565567735,1.25721080377578,
10350,10350,2,3452.872,3,33.2682064071843,30.0882575030259,1.58065780997276,-1.52600929141045,1.26189293496232,-1.25214627153399,1.25701960324816,
10360,10360,2,3456.205,3,33.2673995092733,30.0891292209907,1.58390793949366,-1.52497300878167,1.26331497142425,-1.25249281666955,1.2579038940469,
10370,10370,2,3459.538,3,33.2680253580685,30.089415323297,1.57913770526648,-1.52442930266261,1.2625044413746,-1.25213937974683,1.25732191056071,
10380,10380,2,3462.872,3,33.2677437261107,30.0892834480152,1.58235058188438,-1.52668273076415,1.26264609554046,-1.25164009770659,1.25714309662353,
10390,10390,2,3466.205,3,33.268170644396,30.089323681152,1.58155597746372,-1.52326487004757,1.2627796471998,-1.25211488596273,1.25744726658126,
10400,10400,2,3469.538,3,33.2668943598887,30.0894868488736,1.57910771667957,-1.52520164847374,1.26234928303118,-1.25157108670271,1.25696018486695,
10410,10410,2,3472.872,3,33.2666775479846,30.0891023988994,1.57901104539633,-1.52369337156415,1.26177670590315,-1.25209327927865,1.2569349925909,
10420,10420,2,3476.205,3,33.2661455765087,30.0908212479119,1.58424600958824,-1.52230150997639,1.26235254266025,-1.2518404251956,1.25709648392792,
10430,10430,2,3479.538,3,33.2663959160268,30.0888274724644,1.5810014680028,-1.5244010835886,1.26149106926494,-1.2524954243728,1.25699324681887,
10440,10440,2,3482.872,3,33.2671692863237,30.0879535193254,1.58001333475113,-1.52319315820932,1.26117637536195,-1.25195404655152,1.25656521095673,
10450,10450,2,3486.205,3,33.2684880391421,30.0888431186843,1.57812274992466,-1.52298230677843,1.2622412496108,-1.25169383502001,1.2569675423154,
10460,10460,2,3489.538,3,33.267479975547,30.0910760577785,1.57953649759293,-1.52302719652653,1.26173786975117,-1.25073494528184,1.2562364075165,
10470,10470,2,3492.872,3,33.2679493621434,30.0898690636735,1.5795623883605,-1.52333993464708,1.26161819479841,-1.25120731209924,1.25641275344883,
10480,10480,2,3496.205,3,33.267929245575,30.0910872336498,1.58280674368143,-1.52134392410517,1.26226304255939,-1.25082975392145,1.25654639824042,
10490,10490,2,3499.538,3,33.267079879353,30.089840006408,1.58011801540852,-1.52341080829501,1.26128403625329,-1.25157127296723,1.25642765461026,
10500,10500,2,3502.872,3,33.2677638426791,30.0912861641597,1.58027876168489,-1.52309071272612,1.26214280881309,-1.25045480344691,1.25629880613,
10510,10510,2,3506.205,3,33.2683405176404,30.0908145423891,1.57879274338484,-1.52174951508641,1.26238234498311,-1.25146864121786,1.25692549310049,
10520,10520,2,3509.538,3,33.2668496564033,30.0896455462467,1.57849416136742,-1.52443991973996,1.26147160462282,-1.25128647451935,1.25637903957109,
10530,10530,2,3512.872,3,33.2680857077738,30.0895673151473,1.58081352710724,-1.52333006262779,1.26195561297259,-1.25139041012034,1.25667301154647,
10540,10540,2,3516.205,3,33.2669725909881,30.0880518669932,1.58205460757017,-1.52500662952662,1.26240031950909,-1.25215819246314,1.25727925598611,
10550,10550,2,3519.538,3,33.2668943598887,30.0892096872643,1.57983098179102,-1.52472639456391,1.26309303725117,-1.25232899702606,1.25771101713861,
10560,10560,2,3522.872,3,33.2678688958697,30.0898668284993,1.57995913177729,-1.52485417202115,1.26286691212644,-1.25196661940648,1.25741676576646,
10570,10570,2,3526.205,3,33.2675805583891,30.0900590534863,1.58085227012634,-1.52312414720654,1.26212045707094,-1.25178594282411,1.25695319994752,
10580,10580,2,3529.538,3,33.2680275932428,30.0884184355733,1.58115606755018,-1.52561357244849,1.26185558892648,-1.25168945780384,1.25677252336516,
10590,10590,2,3532.872,3,33.2681639388732,30.0887380654937,1.58215574920177,-1.52529561892152,1.2616794758248,-1.25178054115309,1.25673000848895,
10600,10600,2,3536.205,3,33.2673615113108,30.0888140614188,1.58280022442341,-1.5244547277689,1.26340801055095,-1.25211265078851,1.25776033066973,
10610,10610,2,3539.538,3,33.2663221552759,30.0880138690307,1.57858785241842,-1.52707053348422,1.26267068245683,-1.25280434407575,1.25773751326629,
10620,10620,2,3542.872,3,33.2669033005857,30.08772553155,1.57870557159185,-1.52558796107769,1.26211663864832,-1.25256061695407,1.2573386278012,
10630,10630,2,3546.205,3,33.2661500468573,30.0887224192738,1.5797445550561,-1.52464518323541,1.26211822189672,-1.25178733980799,1.25695278085236,
10640,10640,2,3549.538,3,33.2661209895918,30.0888051207217,1.58051736652851,-1.52466297149658,1.26214923493896,-1.25153746595723,1.25684335044809,
10650,10650,2,3552.872,3,33.2658214762398,30.0891448672105,1.57699454575777,-1.52543988078833,1.26120058974927,-1.25170445209753,1.2564525209234,
10660,10660,2,3556.205,3,33.2669949427308,30.0897215421718,1.5790119767189,-1.52246868237853,1.26198886118904,-1.25147488107921,1.25673187113413,
10670,10670,2,3559.538,3,33.2665479078771,30.0901551659799,1.58230271190405,-1.52216386049986,1.26173274747692,-1.25080516700509,1.25626895724101,
10680,10680,2,3562.872,3,33.2669725909881,30.0908234830862,1.57987512648106,-1.52266807854176,1.26197563640827,-1.2503901696592,1.25618290303373,
10690,10690,2,3566.205,3,33.2677258447165,30.0898556526279,1.58212892711163,-1.52305820956826,1.26247575663884,-1.25208592183019,1.25728083923452,
10700,10700,2,3569.538,3,33.2678286627329,30.0883804376107,1.58205851912498,-1.52611341327429,1.26321382979103,-1.25216564304385,1.25768973641744,
10710,10710,2,3572.872,3,33.2660941675006,30.0886508936972,1.57832372933626,-1.52386864647269,1.26144599325161,-1.25147478794695,1.25646039059928,
10720,10720,2,3576.205,3,33.2668027177437,30.0886419530001,1.57950427383184,-1.52505738660693,1.26256851636876,-1.25201309240369,1.25729080438622,
10730,10730,2,3579.538,3,33.2671759918465,30.0880317504248,1.57917551696301,-1.52478404343128,1.26260567614008,-1.25187264895719,1.25723916254863,
10740,10740,2,3582.872,3,33.2679471269691,30.0881144518728,1.578707434237,-1.52547368779778,1.26229768775972,-1.25218613214082,1.25724190995027,
10750,10750,2,3586.205,3,33.2669323578512,30.0891582782561,1.5829149633646,-1.5237039886415,1.26240870141239,-1.25164196035177,1.25702533088208,
10760,10760,2,3589.538,3,33.2669725909881,30.0889593477463,1.57919265329838,-1.5251032076776,1.26194639287896,-1.25135660311034,1.25665149799465,
10770,10770,2,3592.872,3,33.2666037872338,30.0873142594846,1.58144664019346,-1.52577860280871,1.26198997877615,-1.25186780607973,1.25692889242794,
10780,10780,2,3596.205,3,33.2670977607471,30.0871399158917,1.58208049833775,-1.52583895251155,1.26312414342566,-1.2530962205753,1.25811018200048,
10790,10790,2,3599.538,3,33.2671603456266,30.0871086234519,1.57978199422359,-1.52661744505167,1.26249578007451,-1.25231633103884,1.25740605555668,
10800,10800,2,3602.872,3,33.267538090078,30.0878730530518,1.5855660662055,-1.52459302917123,1.26278029912561,-1.25205434999441,1.25741732456001,
10810,10810,2,3606.205,3,33.2670329406933,30.0878015274752,1.58101208508015,-1.52492858469486,1.2634990939002,-1.25204047328782,1.25776978359401,
10820,10820,2,3609.538,3,33.2671692863237,30.0877210612015,1.58165004104376,-1.52361551299691,1.26267245196975,-1.25197183481298,1.25732214339136,
10830,10830,2,3612.872,3,33.2654437317884,30.0886017198633,1.57903023064137,-1.52510218322277,1.26190969876893,-1.25232545800022,1.25711757838457,
10840,10840,2,3616.205,3,33.2656247809042,30.0877188260272,1.57934986054897,-1.52384350076318,1.2620009683827,-1.25235274575209,1.2571768570674,
10850,10850,2,3619.538,3,33.266089697152,30.0871555621116,1.5828188508749,-1.52452075853944,1.26264320844043,-1.25187805062821,1.25726062953432,
10860,10860,2,3622.872,3,33.2674620941529,30.0889369960036,1.582339592278,-1.52610298246145,1.26264814445016,-1.25153448572494,1.25709131508755,
10870,10870,2,3626.205,3,33.2673704520079,30.0876204783594,1.58174522221088,-1.52326161041856,1.26333601931478,-1.25184033206334,1.25758817568906,
10880,10880,2,3629.538,3,33.2659466459988,30.0877679998612,1.58010013401508,-1.52530875056982,1.26219626672973,-1.25224862388658,1.25722244530815,
10890,10890,2,3632.872,3,33.2651688053534,30.0881032760014,1.58069767057896,-1.52322016656399,1.26159574992401,-1.25217951975044,1.25688763483722,
10900,10900,2,3636.205,3,33.2657655968831,30.0881882126236,1.57738793641329,-1.52342244982719,1.26255994820093,-1.25155059760574,1.25705527290334,
10910,10910,2,3639.538,3,33.2651866867475,30.0877948219524,1.5794463455677,-1.52390198782086,1.26152888096208,-1.25124028091891,1.25638458094049,
10920,10920,2,3642.872,3,33.2656627788667,30.0874327237209,1.57966744154692,-1.52481570839882,1.26170694984119,-1.25146277388555,1.25658486186337,
10930,10930,2,3646.205,3,33.2649139954868,30.0873701388414,1.57939679920673,-1.52277732267976,1.26241987728347,-1.25200275472295,1.25721131600321,
10940,10940,2,3649.538,3,33.2656426622983,30.0866280609842,1.57946180552244,-1.52628803625703,1.26192394800455,-1.25222627214443,1.25707511007449,
10950,10950,2,3652.872,3,33.2656784250866,30.0876160080109,1.57811548560858,-1.52711970731616,1.26205116667028,-1.251907107893,1.25697913728164,
10960,10960,2,3656.205,3,33.2661433413345,30.0875355417372,1.58176720142365,-1.52312098070979,1.26326682204638,-1.25191297522532,1.25758989863585,
10970,10970,2,3659.538,3,33.2647307111968,30.0875981266167,1.57789718359709,-1.52614871039987,1.26246327691614,-1.25205304614278,1.25725816152946,
10980,10980,2,3662.872,3,33.2653587951662,30.0873232001817,1.5787260606885,-1.52576267719269,1.26203430973141,-1.25219749427642,1.25711590200391,
10990,10990,2,3666.205,3,33.2657521858375,30.0872807318706,1.58030018210411,-1.52500011026859,1.2627016023668,-1.25233896217776,1.25752028227228,
11000,11000,2,3669.538,3,33.264665891143,30.0870169813069,1.57767180353403,-1.52538418769836,1.26285713323925,-1.25290148102183,1.25787930713054,
11010,11010,2,3672.872,3,33.2652693881955,30.0886307771288,1.57947335392237,-1.52514362707734,1.26195663742744,-1.25106565793338,1.25651114768041,
11020,11020,2,3676.205,3,33.2652850344154,30.0874014312811,1.58089697360992,-1.52374915778637,1.26250062295198,-1.25180782890496,1.25715422592847,
11030,11030,2,3679.538,3,33.2629716290475,30.0872516746051,1.57911106944084,-1.52339190244675,1.26113101995184,-1.25248732186627,1.25680917090906,
11040,11040,2,3682.872,3,33.263492424652,30.0873120243104,1.57486218959093,-1.52517007663846,1.26072449764151,-1.25191018125755,1.25631733944953,
11050,11050,2,3686.205,3,33.2630632711925,30.0869611019502,1.57666299492121,-1.52270309627056,1.26128813407269,-1.25218734286019,1.25673773846644,
11060,11060,2,3689.538,3,33.2656493678211,30.0880429262962,1.5765655785799,-1.52431968599558,1.26183323718433,-1.25151604553767,1.256674641361,
11070,11070,2,3692.872,3,33.2666708424618,30.0879021103173,1.57994534820318,-1.5247973613441,1.26265959971801,-1.25179171702416,1.25722565837109,
11080,11080,2,3696.205,3,33.2652939751124,30.0881613905324,1.58005263656378,-1.52374748140574,1.26217121415207,-1.25159138953516,1.25688130184361,
11090,11090,2,3699.538,3,33.2651889219218,30.0880697483874,1.57844256609678,-1.52365285903215,1.26277582877718,-1.25176852709168,1.25727217793443,
11100,11100,2,3702.872,3,33.2655845477673,30.0882485623289,1.5773406252265,-1.52317937463522,1.26201726652802,-1.25077434022738,1.2563958033777,
11110,11110,2,3706.205,3,33.2642389728577,30.088358085868,1.58302839845419,-1.52360172942281,1.26308623859627,-1.25218808791826,1.25763716325727,
11120,11120,2,3709.538,3,33.2649139954868,30.0888811166469,1.57745201140642,-1.52204651385546,1.26186648540078,-1.25053154442829,1.25619901491453,
11130,11130,2,3712.872,3,33.2653297379007,30.0869454557303,1.57848987728357,-1.52482315897942,1.26167528487315,-1.25173583766879,1.25670556127097,
11140,11140,2,3716.205,3,33.264158506584,30.0881032760014,1.5801765024662,-1.5233819372952,1.2623322398278,-1.25143557926593,1.25688390954686,
11150,11150,2,3719.538,3,33.2651553943078,30.0874975437747,1.57923176884651,-1.52557380497456,1.26229182042741,-1.25150971254406,1.25690076648573,
11160,11160,2,3722.872,3,33.2646256580062,30.0875131899945,1.57654266804457,-1.52526823803782,1.26251934253603,-1.25178817799832,1.25715376026718,
11170,11170,2,3726.205,3,33.2640959217045,30.0879982228108,1.57992113381624,-1.52406087145209,1.26282239490666,-1.25167558109725,1.25724898800195,
11180,11180,2,3729.538,3,33.2635661854029,30.0866705292953,1.57583858817816,-1.52370175346732,1.2621700034327,-1.25221239543785,1.25719119943528,
11190,11190,2,3732.872,3,33.2637695862613,30.0863754862919,1.57794300466776,-1.52507638558745,1.26236669876361,-1.25199139258736,1.25717904567548,
11200,11200,2,3736.205,3,33.2647284760225,30.0875064844717,1.58127266913652,-1.52237890288234,1.26278011286109,-1.25174030801722,1.25726021043916,
11210,11210,2,3739.538,3,33.2640221609537,30.0874461347665,1.5786450356245,-1.52278002351522,1.26202555529907,-1.2512521087158,1.25663883200743,
11220,11220,2,3742.872,3,33.2636488868508,30.0866571182497,1.57697238028049,-1.52517780661583,1.26131439736971,-1.25207493222364,1.25669466479667,
11230,11230,2,3746.205,3,33.2645831896951,30.0855663532067,1.58037301152945,-1.52444737032056,1.26276185893834,-1.25256033755729,1.25766109824782,
11240,11240,2,3749.538,3,33.2632242037398,30.0868918115479,1.58073883503675,-1.52522567659616,1.26222690724292,-1.25195525727088,1.2570910822569,
11250,11250,2,3752.872,3,33.2631929113001,30.0873857850612,1.57656241208315,-1.52376657351851,1.26159528426271,-1.25169532513615,1.25664530469943,
11260,11260,2,3756.205,3,33.26300962701,30.0860938543341,1.57682038843632,-1.52430618181825,1.26206346012846,-1.25196932024198,1.25701639018522,
11270,11270,2,3759.538,3,33.262917984865,30.0869812185186,1.57593563199043,-1.52256162837148,1.26166243262141,-1.25120414560244,1.25643328911193,
11280,11280,2,3762.872,3,33.2635080708719,30.086842637714,1.57916508615017,-1.52492998167872,1.26168226979257,-1.25119157274748,1.25643692127003,
11290,11290,2,3766.205,3,33.2625357700651,30.0867331141748,1.57408360391855,-1.52300493791699,1.26180455244858,-1.25139301782359,1.25659878513608,
11300,11300,2,3769.538,3,33.2639551057256,30.0866481775526,1.57841332256794,-1.52390161529183,1.26220632501369,-1.25073438648829,1.25647035575099,
11310,11310,2,3772.872,3,33.2630900932837,30.0857675188909,1.57678537070751,-1.52504630386829,1.26090480169484,-1.25195125258375,1.2564280271393,
11320,11320,2,3776.205,3,33.2645898952179,30.0868381673655,1.58211123198271,-1.5231667086482,1.26255463966217,-1.2515679202059,1.25706127993404,
11330,11330,2,3779.538,3,33.2631035043293,30.0871890897256,1.57957728952169,-1.52491955086589,1.26302588889247,-1.2510919212304,1.25705890506143,
11340,11340,2,3782.872,3,33.2640869810075,30.0854992979786,1.57788302749395,-1.52358841150999,1.2621611558681,-1.25187181076686,1.25701648331748,
11350,11350,2,3786.205,3,33.2638433470122,30.0859776252721,1.57896764576435,-1.52497552335262,1.26301955589886,-1.25160088902557,1.25731022246222,
11360,11360,2,3789.538,3,33.2638187600952,30.0875198955174,1.57791841775179,-1.52320442721248,1.26271315076691,-1.25148233165993,1.25709774121342,
11370,11370,2,3792.872,3,33.2647105946284,30.0868806356766,1.57600771635771,-1.52545012533665,1.26208078272863,-1.25151939829899,1.25680009051381,
11380,11380,2,3796.205,3,33.2627324654008,30.0860692674171,1.58072970807552,-1.52466893196106,1.26287883305558,-1.25217728457622,1.2575280588159,
11390,11390,2,3799.538,3,33.2626542343014,30.0867778176602,1.57854575663805,-1.52454432100058,1.26243934192559,-1.25105476145908,1.25674705169233,
11400,11400,2,3802.872,3,33.2640489830449,30.085635643609,1.58112030476332,-1.52589352801442,1.26227412529821,-1.25086318840242,1.25656865685031,
11410,11410,2,3806.205,3,33.2628106965002,30.0865654761047,1.58058330416679,-1.5248698182404,1.26256870263327,-1.25195991388383,1.25726430825855,
11420,11420,2,3809.538,3,33.2627570523177,30.0854411834477,1.57932545989752,-1.52534069493413,1.2619692102824,-1.25146286701781,1.2567160386501,
11430,11430,2,3812.872,3,33.2628039909773,30.0858502203388,1.5790794044733,-1.52575792744756,1.2611785174039,-1.25175548857543,1.25646700298967,
11440,11440,2,3816.205,3,33.2622317863646,30.0858748072557,1.57895069569349,-1.52499871328473,1.26206411205427,-1.25187209016364,1.25696810110896,
11450,11450,2,3819.538,3,33.2617288721542,30.085809987202,1.58052127808332,-1.52681646868587,1.26186080433298,-1.25232601679377,1.25709341056338,
11460,11460,2,3822.872,3,33.2611477268444,30.0859463328323,1.57720725983381,-1.52563061565161,1.26094978457592,-1.25118700926679,1.25606839692135,
11470,11470,2,3826.205,3,33.2629135145165,30.0869208688134,1.57990735024214,-1.52285331860185,1.2622891195919,-1.25110030313371,1.2566947113628,
11480,11480,2,3829.538,3,33.2629112793422,30.0863352531551,1.578488945961,-1.52468523010612,1.26224963151411,-1.2507881238017,1.2565188776579,
11490,11490,2,3832.872,3,33.261976976498,30.086726408652,1.57559365034103,-1.5244398266077,1.26187039695565,-1.25105792795588,1.25646416245577,
11500,11500,2,3836.205,3,33.2630811525866,30.0862212592674,1.57923009246588,-1.52277043089271,1.26183631054888,-1.25127473985472,1.2565555252018,
11510,11510,2,3839.538,3,33.2614852381589,30.0861117357282,1.57756078988314,-1.52600537985563,1.26180641509375,-1.25111501803062,1.25646071656219,
11520,11520,2,3842.872,3,33.2622027290991,30.0854076558336,1.57793294638395,-1.52490781620145,1.26134922883456,-1.25175027316893,1.25654975100175,
11530,11530,2,3846.205,3,33.2622697843272,30.0852668398547,1.5793152153492,-1.52424238622189,1.26280600362908,-1.25182822486967,1.25731711424938,
11540,11540,2,3849.538,3,33.2612036062011,30.0855887049494,1.57530810683966,-1.52396503835917,1.26129325634693,-1.25077303637575,1.25603314636134,
11550,11550,2,3852.872,3,33.2618965102243,30.0871645028087,1.57849844545126,-1.52391195297241,1.26171337596706,-1.25099022080363,1.25635179838534,
11560,11560,2,3856.205,3,33.2600793135441,30.0854411834477,1.57732386142015,-1.52376824989915,1.26154620356224,-1.25139376288166,1.25646998322195,
11570,11570,2,3859.538,3,33.2614919436817,30.0862056130475,1.57738588750362,-1.52499917894602,1.26219384529099,-1.2508416748506,1.2565177600708,
11580,11580,2,3862.872,3,33.2632085575199,30.085785400285,1.57890561968088,-1.52491359040141,1.26248767756799,-1.25189248612835,1.25719008184817,
11590,11590,2,3866.205,3,33.2627503467949,30.0852981322945,1.57966446131468,-1.52417737990618,1.26280078822258,-1.25175176328507,1.25727627575383,
11600,11600,2,3869.538,3,33.2616372300092,30.0851975494524,1.57925598323345,-1.52617702260613,1.26233121537295,-1.2518274798116,1.25707934759227,
11610,11610,2,3872.872,3,33.262909044168,30.0854098910079,1.57765652984381,-1.52512034401298,1.26241922535766,-1.2514810278083,1.25695012658298,
11620,11620,2,3876.205,3,33.261860747436,30.0847929829098,1.57938953489065,-1.52564467862248,1.26239352085419,-1.25174589595276,1.25706970840347,
11630,11630,2,3879.538,3,33.2608146858784,30.0852958971202,1.57802253961563,-1.52508830651641,1.2614473902355,-1.25202417514251,1.256735782689,
11640,11640,2,3882.872,3,33.2600323748844,30.0846253448397,1.57469920814037,-1.52708748355508,1.26138908944139,-1.25218110299884,1.25678509622012,
11650,11650,2,3886.205,3,33.2609219742433,30.0848555677893,1.57566051930189,-1.5259007923305,1.26164473749221,-1.25189248612835,1.25676861181028,
11660,11660,2,3889.538,3,33.2615679396069,30.0857809299365,1.57732684165239,-1.5249484218657,1.26171318970254,-1.25124633451574,1.25647976210914,
11670,11670,2,3892.872,3,33.2624709500113,30.0850254410337,1.57637260854244,-1.52720678597689,1.26265922718897,-1.25180363795331,1.25723143257114,
11680,11680,2,3896.205,3,33.2616327596607,30.0857831651107,1.57767403870821,-1.52426669374108,1.26238281064441,-1.25180997094692,1.25709639079566,
11690,11690,2,3899.538,3,33.2610091460398,30.0856758767458,1.57587453722954,-1.52589930221438,1.26116100853922,-1.25157807162213,1.25636954008067,
11700,11700,2,3902.872,3,33.2617758108138,30.0851930791039,1.57558247447014,-1.52526134625077,1.26190951250441,-1.25124735897059,1.2565784357375,
11710,11710,2,3906.205,3,33.2624485982687,30.0852310770664,1.57892573624849,-1.5249827876687,1.26330938348872,-1.25175427785607,1.25753183067239,
11720,11720,2,3909.538,3,33.2606895161194,30.0852668398547,1.57939195632935,-1.5247561968863,1.261842829807,-1.25130305206144,1.25657294093422,
11730,11730,2,3912.872,3,33.2610918474877,30.0846991055905,1.57655756920576,-1.52582246810198,1.26155384040748,-1.25206329069127,1.25680856554937,
11740,11740,2,3916.205,3,33.2613891256654,30.084544878566,1.57851781696081,-1.52434706687927,1.26174662418351,-1.25216489798578,1.25695576108464,
11750,11750,2,3919.538,3,33.2613555980514,30.0846544021052,1.57835688441992,-1.52580048888922,1.26211617298703,-1.25268718369398,1.25740167834051,
11760,11760,2,3922.872,3,33.2612639559064,30.0850634389963,1.57673023641109,-1.52522856369615,1.26198075868251,-1.25178966811447,1.25688521339849,
11770,11770,2,3926.205,3,33.2610717309193,30.0847259276817,1.57702676951885,-1.52369542047381,1.26155914894624,-1.25146575411783,1.25651245153204,
11780,11780,2,3929.538,3,33.2607789230901,30.0850500279507,1.57829355448484,-1.52701418846846,1.26200888462472,-1.25215409464374,1.25708148963423,
11790,11790,2,3932.872,3,33.2606135201942,30.0850813203904,1.57555639743805,-1.52474595233798,1.26110270774512,-1.2522020577571,1.25665238275111,
11800,11800,2,3936.205,3,33.2605554056632,30.0851930791039,1.57814119011164,-1.52511149644852,1.26204436801538,-1.25193039095774,1.25698737948656,
11810,11810,2,3939.538,3,33.2601329577265,30.0853629523483,1.57681349664927,-1.52392406016588,1.2620263934894,-1.25115543743101,1.2565909154602,
11820,11820,2,3942.872,3,33.2612259579438,30.0846052282712,1.5784427523613,-1.52547005563974,1.26187086261695,-1.25171646615893,1.25679366438794,
11830,11830,2,3946.205,3,33.2605330539206,30.083545755668,1.57766230404377,-1.52577143162489,1.26236288034099,-1.25245072088851,1.25740680061475,
11840,11840,2,3949.538,3,33.2585102212076,30.0839905553474,1.57875530421734,-1.52466576546431,1.26141367635776,-1.25143893202725,1.25642630419251,
11850,11850,2,3952.872,3,33.2596054565991,30.0847125166361,1.5721071511507,-1.5254826284945,1.26000337456045,-1.25179814315003,1.25590075885524,
11860,11860,2,3956.205,3,33.2603028309709,30.0849516802829,1.57628487795591,-1.52514912188053,1.26180669449053,-1.25183539605361,1.25682104527207,
11870,11870,2,3959.538,3,33.259737331881,30.084328066662,1.57439522445202,-1.52723016217351,1.26211887382254,-1.25212559617251,1.25712223499752,
11880,11880,2,3962.872,3,33.2607096326878,30.0851282590501,1.57544109970331,-1.52470730245113,1.26135910085401,-1.25197956479047,1.25666933282224,
11890,11890,2,3966.205,3,33.2595428717196,30.0845985227484,1.57536491751671,-1.52484346181154,1.26166885874728,-1.25209374493994,1.25688130184361,
11900,11900,2,3969.538,3,33.259804387109,30.0840509050527,1.57549921423197,-1.52564374729991,1.26142671487401,-1.25204429171044,1.25673550329222,
11910,11910,2,3972.872,3,33.2601977777803,30.0844711178151,1.57438013702631,-1.52761340141296,1.26176385365141,-1.25266976796156,1.25721681080649,
11920,11920,2,3976.205,3,33.2604637635182,30.0842610114339,1.57362464815378,-1.52471512556076,1.26161670468227,-1.25234333939393,1.2569800220381,
11930,11930,2,3979.538,3,33.2604794097381,30.0844621771181,1.57617088407278,-1.52554716914892,1.26118289462007,-1.2516006096288,1.25639175212443,
11940,11940,2,3982.872,3,33.2598692071628,30.0836508088586,1.57942716032267,-1.52565371245146,1.26089790990768,-1.25173527887524,1.25631659439146,
11950,11950,2,3986.205,3,33.2598110926319,30.0832440071417,1.57396327704191,-1.52519606053829,1.26132864660533,-1.25349585109846,1.2574122488519,
11960,11960,2,3989.538,3,33.2598468554201,30.0840196126129,1.57427191734314,-1.52691276744008,1.26139691255114,-1.25222887984768,1.25681289619941,
11970,11970,2,3992.872,3,33.2602961254481,30.0834898763113,1.5767028555274,-1.52609329670668,1.26212585874196,-1.25246515638864,1.2572955075653,
11980,11980,2,3996.205,3,33.2603765917218,30.0837446861779,1.57636273652315,-1.52553962543607,1.2624098189995,-1.25226901985129,1.2573394194254,
11990,11990,2,3999.538,3,33.2598468554201,30.083970438779,1.57383941113949,-1.52702378109097,1.26171263090899,-1.25259284071567,1.25715273581233,
12000,12000,2,4002.872,3,33.259828974026,30.0841224306293,1.57735776156187,-1.52697851881385,1.26256507047517,-1.25198915741314,1.25727711394416,
12010,12010,2,4006.205,3,33.2591450106998,30.0847169869847,1.57658383250237,-1.52492532506585,1.26243868999978,-1.25192992529645,1.25718430764811,
12020,12020,2,4009.538,3,33.259370763301,30.0837469213521,1.57801490277052,-1.52525277808309,1.26170452840246,-1.2521067834562,1.25690565592933,
12030,12030,2,4012.872,3,33.2595719289851,30.0836195164188,1.57466158270836,-1.5251724049449,1.26179067574199,-1.25159427663519,1.25669247618859,
12040,12040,2,4016.205,3,33.2592366528448,30.0844241791555,1.57839376479387,-1.52339302003384,1.2612622433047,-1.2520266897135,1.2566444665091,
12050,12050,2,4019.538,3,33.2591651272683,30.0840084367416,1.57615132629871,-1.52715649455786,1.26113716668093,-1.25176424300777,1.25645070484435,
12060,12060,2,4022.872,3,33.2591740679653,30.0833892934692,1.57446898519993,-1.52578037232161,1.2616477177245,-1.25199120632284,1.25681946202367,
12070,12070,2,4026.205,3,33.2592679452846,30.0824214630109,1.57833304256201,-1.52642438188195,1.26200935028601,-1.25259051240919,1.2572999313476,
12080,12080,2,4029.538,3,33.2598915589055,30.0844375902011,1.57382842153311,-1.52675434947014,1.26059308802413,-1.25184852770212,1.25622080786313,
12090,12090,2,4032.872,3,33.260128487378,30.0838810318083,1.57674178481102,-1.52617003768682,1.26064887424724,-1.25175520917865,1.25620204171295,
12100,12100,2,4036.205,3,33.2585057508591,30.0836664550785,1.57536268234253,-1.52535522356629,1.2610099480152,-1.25284951322134,1.25692973061827,
12110,12110,2,4039.538,3,33.2582330595983,30.0834742300914,1.57413985580206,-1.52613967657089,1.26082014447146,-1.25183213642455,1.256326140448,
12120,12120,2,4042.872,3,33.258588452307,30.0833915286435,1.57503597438335,-1.5264855697751,1.26094019195324,-1.25216471172127,1.25655245183726,
12130,12130,2,4046.205,3,33.2575133334838,30.081739734859,1.57613959163427,-1.52581315487623,1.26098321905688,-1.25289086394431,1.2569370415006,
12140,12140,2,4049.538,3,33.2589594912356,30.0834250562575,1.57282520085573,-1.52681590989232,1.26137828609935,-1.2519184700286,1.25664837806398,
12150,12150,2,4052.872,3,33.2597686243207,30.0825600438156,1.57740488648415,-1.52625339105725,1.26150075501987,-1.25246534265316,1.25698304883652,
12160,12160,2,4056.205,3,33.2598692071628,30.0835479908423,1.57575700432062,-1.525101903826,1.26235235639573,-1.25269444801018,1.25752340220296,
12170,12170,2,4059.538,3,33.2587404441572,30.0825667493384,1.57350413501263,-1.52731956914067,1.26153102300403,-1.25291964181233,1.25722533240818,
12180,12180,2,4062.872,3,33.2581458878018,30.0831948333078,1.57542284578085,-1.52713861316442,1.26142997450307,-1.25270683460062,1.25706840455185,
12190,12190,2,4066.205,3,33.258796323514,30.0824661664963,1.57478768378496,-1.52584174647927,1.26081772303272,-1.25251889370206,1.25666830836739,
12200,12200,2,4069.538,3,33.2593417060355,30.0820325426882,1.57618243247271,-1.52848698198795,1.26176748580951,-1.25362465301259,1.25769606941105,
12210,12210,2,4072.872,3,33.2598692071628,30.0821420662274,1.57424546778202,-1.52657674625516,1.26164240918574,-1.25245174534335,1.25704707726455,
12220,12220,2,4076.205,3,33.2583939921456,30.0820258371654,1.57370064407587,-1.52502553537488,1.26179728813238,-1.2529521449707,1.25737471655154,
12230,12230,2,4079.538,3,33.2581347119305,30.0820168964683,1.57279707491398,-1.52784343808889,1.26051318054595,-1.25308178507516,1.25679748281056,
12240,12240,2,4082.872,3,33.2582487058182,30.0813463441878,1.57352089881897,-1.52623690664768,1.26194089807568,-1.2523003122903,1.25712060518299,
12250,12250,2,4086.205,3,33.2563845704783,30.0823119394718,1.57190691679716,-1.52745274826884,1.26148287362616,-1.25311903797874,1.25730095580245,
12260,12260,2,4089.538,3,33.2558324824339,30.081498336038,1.57135333865881,-1.52576034888625,1.26011736844541,-1.25210948429171,1.25611342636856,
12270,12270,2,4092.872,3,33.2584297549339,30.081788908693,1.57623514533043,-1.52772590517998,1.2622609936497,-1.25255027927333,1.25740563646151,
12280,12280,2,4096.205,3,33.2581771802416,30.0824594609735,1.57276950776577,-1.5245009213686,1.26197265617598,-1.25206692284937,1.25701978951267,
12290,12290,2,4099.538,3,33.2584006976684,30.0824281685337,1.57347433269024,-1.52617134153843,1.2615415469493,-1.25182049489218,1.25668102092074,
12300,12300,2,4102.872,3,33.2571042965927,30.0822001807584,1.57343745231628,-1.52714587748051,1.26183798692954,-1.25218836731504,1.25701317712229,
12310,12310,2,4106.205,3,33.2572831105342,30.0814871601667,1.57476291060448,-1.52670545503497,1.26213237800008,-1.25313440480147,1.25763339140078,
12320,12320,2,4109.538,3,33.2569701861366,30.0822091214554,1.5728859230876,-1.52509920299053,1.26117209127803,-1.2519273175932,1.25654970443562,
12330,12330,2,4112.872,3,33.25856386539,30.0819096081035,1.57502498477697,-1.52738131582737,1.26293108025285,-1.25215381524697,1.25754244774991,
12340,12340,2,4116.205,3,33.256473977449,30.0816369168427,1.57284345477819,-1.52694387361407,1.26170704297345,-1.25242157049145,1.25706430673245,
12350,12350,2,4119.538,3,33.2565119754116,30.0817129127678,1.57229471951723,-1.52632500976324,1.2614240140385,-1.25333584987758,1.25737993195804,
12360,12360,2,4122.872,3,33.2561454068315,30.0820861868707,1.57406143844128,-1.52682811021805,1.26043383186132,-1.25231810055176,1.25637596620654,
12370,12370,2,4126.205,3,33.2566974948758,30.0816123299257,1.5760276466608,-1.52702247723937,1.2624778986808,-1.25207698113333,1.25727743990706,
12380,12380,2,4129.538,3,33.2572004090863,30.0815028063866,1.5742214396596,-1.52709539979696,1.26090303218192,-1.25237081341033,1.25663692279612,
12390,12390,2,4132.872,3,33.2561185847403,30.080673556733,1.57185103744268,-1.52606153860688,1.26157069734635,-1.25209989166903,1.25683529450769,
12400,12400,2,4136.205,3,33.2559017728363,30.0824929885875,1.57597344368696,-1.52621734887362,1.26193670712403,-1.25225188351564,1.25709429531984,
12410,12410,2,4139.538,3,33.25486688715,30.0812994055282,1.57051365822554,-1.52698839083314,1.26011438821312,-1.25200908771656,1.25606173796484,
12420,12420,2,4142.872,3,33.255691666455,30.0817777328216,1.57238338142633,-1.52640417218208,1.26087341612358,-1.25168629130703,1.2562798537153,
12430,12430,2,4146.205,3,33.2554100344972,30.0814715139468,1.57472416758537,-1.52551904320717,1.26059690644675,-1.25210845983686,1.2563526831418,
12440,12440,2,4149.538,3,33.2564650367519,30.0811250619352,1.57140083611012,-1.5267975628376,1.26097381269873,-1.25248024381459,1.25672702825666,
12450,12450,2,4152.872,3,33.2556223760527,30.0801505259542,1.57153904438019,-1.52800343930721,1.26056766291744,-1.25219097501829,1.25637931896786,
12460,12460,2,4156.205,3,33.2558682452222,30.0811205915867,1.57669838517904,-1.52698876336217,1.26119546747503,-1.25278394811103,1.25698970779303,
12470,12470,2,4159.538,3,33.2557542513346,30.0813374034907,1.57363936305046,-1.52630126103759,1.26144236109351,-1.25244327030779,1.25694281570065,
12480,12480,2,4162.872,3,33.256498564366,30.0802868715845,1.57179497182369,-1.52751924470067,1.26043783654846,-1.25261565811911,1.25652674733378,
12490,12490,2,4166.205,3,33.2568159591121,30.0814782194696,1.5761274844408,-1.52698326855898,1.26249540754548,-1.2525521419185,1.25752377473199,
12500,12500,2,4169.538,3,33.256748903884,30.0809775404335,1.57186463475227,-1.52564914897084,1.26080691969068,-1.25224247715749,1.25652469842409,
12510,12510,2,4172.872,3,33.2565186809344,30.0813932828474,1.57276038080454,-1.52594884857535,1.2608502261911,-1.25193923852234,1.25639473235672,
12520,12520,2,4176.205,3,33.2566751431332,30.0812390558229,1.57522521913052,-1.52685195207596,1.26240451046074,-1.25242930046895,1.25741690546484,
12530,12530,2,4179.538,3,33.2552714536926,30.0807920209692,1.57137773931026,-1.52511484920979,1.2603830747802,-1.25230925298716,1.25634616388368,
12540,12540,2,4182.872,3,33.2564002166981,30.0798264256852,1.5756081789732,-1.52881983667612,1.2617434576867,-1.25264061756451,1.25719203762561,
12550,12550,2,4186.205,3,33.2557967196456,30.0803248695471,1.57397035509348,-1.52519894763827,1.26146815872924,-1.25224033511553,1.25685424692239,
12560,12560,2,4189.538,3,33.2562281082795,30.0813463441878,1.57443005591631,-1.52729749679565,1.2613153286923,-1.25233803085517,1.25682667977374,
12570,12570,2,4192.872,3,33.2559040080105,30.0799381843987,1.57382469624281,-1.52801452204585,1.26114294088098,-1.2528049028693,1.25697392187514,
12580,12580,2,4196.205,3,33.2553787420574,30.0808836631142,1.57569125294685,-1.52748608961701,1.26137521273481,-1.25248517982432,1.25693019627956,
12590,12590,2,4199.538,3,33.2563175152502,30.0799672416641,1.57219655811787,-1.52712156996131,1.26104608333167,-1.25317771130188,1.25711189731678,
12600,12600,2,4202.872,3,33.2566170286022,30.0797325483659,1.57438479363918,-1.52799040079117,1.26106787628027,-1.2527404553461,1.25690416581319,
12610,12610,2,4206.205,3,33.2556782554094,30.0794062129228,1.57412346452475,-1.52865778654814,1.2606619127635,-1.25321831696679,1.25694011486514,
12620,12620,2,4209.538,3,33.256024707421,30.0804500393061,1.57354306429625,-1.52587462216616,1.2615535610107,-1.25318413742775,1.25736884921923,
12630,12630,2,4212.872,3,33.256174464097,30.079824190511,1.57559011131525,-1.52945201843977,1.26179477356139,-1.25304434590706,1.25741955973422,
12640,12640,2,4216.205,3,33.2555553208246,30.0793346873462,1.57290603965521,-1.52716357260942,1.260914208053,-1.25334423178089,1.25712921991694,
12650,12650,2,4219.538,3,33.2549182961581,30.0803673378582,1.57533902674913,-1.52734341099858,1.26078242590658,-1.25268820814883,1.25673531702771,
12660,12660,2,4222.872,3,33.2551306377136,30.0793190411263,1.57372280955315,-1.52761917561293,1.26099094903437,-1.25296713926439,1.25697904414938,
12670,12670,2,4226.205,3,33.2557453106375,30.0797213724946,1.57334450632334,-1.52843054383993,1.26088682716887,-1.25391010338628,1.25739846527757,
12680,12680,2,4229.538,3,33.2545405517068,30.0793995073999,1.57082732766867,-1.52716478332877,1.2599513136277,-1.25283442579539,1.25639286971154,
12690,12690,2,4232.872,3,33.255874950745,30.0793101004292,1.5733677893877,-1.52856502681971,1.26191528670447,-1.25300038748084,1.25745783709265,
12700,12700,2,4236.205,3,33.2564002166981,30.0804410986091,1.57487671822309,-1.52734415605664,1.26133851862478,-1.25263624034834,1.25698737948656,
12710,12710,2,4239.538,3,33.256082821952,30.079674433835,1.57256089150906,-1.52743784710765,1.26139104521883,-1.2530109114261,1.25720097832246,
12720,12720,2,4242.872,3,33.2552826295639,30.0781053414985,1.57331489026546,-1.53053998947144,1.26100054165705,-1.2532350807734,1.25711781121522,
12730,12730,2,4246.205,3,33.2556693147123,30.0800901762489,1.57486964017153,-1.52665814384818,1.26094931891462,-1.25322641947331,1.25708786919397,
12740,12740,2,4249.538,3,33.2559956501555,30.0795447937274,1.57350022345781,-1.52940740808845,1.26045450722281,-1.25283563651475,1.25664507186878,
12750,12750,2,4252.872,3,33.2572965215798,30.0793905667029,1.57536286860704,-1.52872567996383,1.26193428568529,-1.25301873453585,1.25747651011057,
12760,12760,2,4256.205,3,33.256140936483,30.0784719100785,1.57776288688183,-1.52748115360737,1.26170825369282,-1.2536325692546,1.25767041147371,
12770,12770,2,4259.538,3,33.2562281082795,30.0789882353345,1.57378111034632,-1.52909755706787,1.26095434805661,-1.2536064922221,1.25728042013935,
12780,12780,2,4262.872,3,33.2558213065626,30.0794486812339,1.57202277332544,-1.52965057641268,1.26149628467145,-1.25348821425323,1.25749224946234,
12790,12790,2,4266.205,3,33.2559643577158,30.0779980531336,1.57435555011034,-1.52906328439713,1.26078149458399,-1.25333836444857,1.25705992951628,
12800,12800,2,4269.538,3,33.2561342309602,30.0782394519546,1.57171543687582,-1.52839133515954,1.26114033317773,-1.25349156701455,1.25731595009614,
12810,12810,2,4272.872,3,33.2557274292433,30.0793548039146,1.57459359616041,-1.52915706858039,1.26147523678092,-1.25318292670838,1.25732908174465,
12820,12820,2,4276.205,3,33.2571422945553,30.0787580123849,1.57616566866636,-1.52754494920373,1.26195710308874,-1.25332234570003,1.25763972439439,
12830,12830,2,4279.538,3,33.2564024518724,30.0782774499172,1.57319884747267,-1.52802737429738,1.26064691846981,-1.25281877957588,1.25673284902284,
12840,12840,2,4282.872,3,33.2567645501039,30.0792989245579,1.57624762505293,-1.52815217152238,1.26168059341191,-1.25307014354279,1.25737536847735,
12850,12850,2,4286.205,3,33.2556089650071,30.07753537206,1.57771557569504,-1.52828795835376,1.2622392007011,-1.25357277834436,1.25790598952273,
12860,12860,2,4289.538,3,33.2552491019499,30.07810087115,1.57587435096502,-1.5291977673769,1.26094354471457,-1.2535513579248,1.25724745131968,
12870,12870,2,4292.872,3,33.2566304396478,30.077468316832,1.57329458743334,-1.52802215889096,1.26106089136085,-1.25352611908262,1.25729350522173,
12880,12880,2,4296.205,3,33.2550077031289,30.0784964969955,1.57603546977043,-1.53011959046125,1.2617740981999,-1.25372663283614,1.25775036551802,
12890,12890,2,4299.538,3,33.2553720365346,30.0778840592459,1.57368909567595,-1.52916628867388,1.260206775414,-1.25340243944273,1.25680460742837,
12900,12900,2,4302.872,3,33.2557989548199,30.0783020368341,1.57244130969048,-1.52968745678663,1.2614485078226,-1.25338586190064,1.25741718486162,
12910,12910,2,4306.205,3,33.2558838914421,30.0781187525441,1.57377254217863,-1.52741363272071,1.26180101342274,-1.2539238869606,1.25786245019167,
12920,12920,2,4309.538,3,33.2552580426469,30.0773140898075,1.57363694161177,-1.5293050557375,1.26059951415,-1.25424323747655,1.25742137581327,
12930,12930,2,4312.872,3,33.2562996338561,30.0776538362963,1.57525204122066,-1.52895450592041,1.26121930933332,-1.25368369886477,1.25745150409904,
12940,12940,2,4316.205,3,33.2575334500523,30.0782081595148,1.5743201598525,-1.52890291064978,1.26249121659383,-1.25411005834625,1.25830063747004,
12950,12950,2,4319.538,3,33.2553563903148,30.0774057319525,1.57444700598717,-1.52934733778238,1.26099793395379,-1.25282380871787,1.25691087133583,
12960,12960,2,4322.872,3,33.2567377280127,30.077468316832,1.57470349222422,-1.52866141870618,1.26201568327962,-1.25387312987947,1.25794440657955,
12970,12970,2,4326.205,3,33.256232578628,30.0767664721117,1.57389454543591,-1.52881611138582,1.26193661399177,-1.2540321066455,1.25798436031864,
12980,12980,2,4329.538,3,33.2551462839335,30.0777521839641,1.57058965414762,-1.528006978333,1.26028509964378,-1.2530696778815,1.25667738876264,
12990,12990,2,4332.872,3,33.2558011899942,30.0768916418707,1.57624948769808,-1.53080951422453,1.26206448458331,-1.25398395726763,1.25802422092547,
13000,13000,2,4336.205,3,33.255541909779,30.0773118546332,1.57464221119881,-1.52965439483523,1.26176878966114,-1.25434121261297,1.25805500113705,
13010,13010,2,4339.538,3,33.2551909874189,30.0773967912554,1.5714580193162,-1.5287633985281,1.26056505521419,-1.25367596888727,1.25712051205073,
13020,13020,2,4342.872,3,33.2540868113303,30.0768625846052,1.57144535332918,-1.52884125709534,1.2605693392981,-1.25383094096617,1.25720014013213,
13030,13030,2,4346.205,3,33.2550747583569,30.0772716214963,1.57175585627556,-1.52802411466837,1.26232041203091,-1.25386390978584,1.25809216090837,
13040,13040,2,4349.538,3,33.2538722346005,30.0763641407433,1.56967956572771,-1.52890682220459,1.25998353738929,-1.25369841376168,1.25684097557549,
13050,13050,2,4352.872,3,33.254533846184,30.0766547133982,1.57319474965334,-1.52801433578134,1.26144291988707,-1.2539878688225,1.25771539435478,
13060,13060,2,4356.205,3,33.2528172323458,30.0772313883595,1.57156158238649,-1.52924964204431,1.25960197452437,-1.25406731063939,1.25683464258188,
13070,13070,2,4359.538,3,33.2533804962614,30.0774370243922,1.57156977802515,-1.52887916192412,1.25963354636015,-1.25349138075003,1.25656246355509,
13080,13080,2,4362.872,3,33.2538945863432,30.0773833802098,1.57187506556511,-1.53014352545142,1.26099812021831,-1.25422349343765,1.25761080682798,
13090,13090,2,4366.205,3,33.2536464819994,30.0769117584391,1.5725439414382,-1.52813838794827,1.26059709271127,-1.25384435201146,1.25722072236136,
13100,13100,2,4369.538,3,33.2533201465562,30.0770659854636,1.57352108508348,-1.52763295918703,1.26042647441287,-1.25372700536518,1.25707673988902,
13110,13110,2,4372.872,3,33.2537560055385,30.0776739528647,1.57242752611637,-1.52997206896544,1.26170201383147,-1.25308066748806,1.25739134065976,
13120,13120,2,4376.205,3,33.2541069278987,30.0773543229443,1.57379433512688,-1.52634745463729,1.26052286630088,-1.25293109708018,1.25672698169053,
13130,13130,2,4379.538,3,33.25411810377,30.0766010692158,1.5730369836092,-1.52867250144482,1.26101926124109,-1.25404523829402,1.25753224976756,
13140,13140,2,4382.872,3,33.2541561017326,30.0762836744697,1.57522074878216,-1.52774956077337,1.26094270652424,-1.25322893404431,1.25708582028427,
13150,13150,2,4386.205,3,33.2547707746564,30.0765340139877,1.57465059310198,-1.52828134596348,1.26234006293755,-1.25340216004596,1.25787111149175,
13160,13160,2,4389.538,3,33.2542164514378,30.0776493659477,1.57427918165922,-1.52920354157686,1.26166625104403,-1.25401785740989,1.25784205422696,
13170,13170,2,4392.872,3,33.2545830200179,30.0757919361306,1.57427787780762,-1.5287752263248,1.26014148970048,-1.25425385455407,1.25719767212727,
13180,13180,2,4396.205,3,33.2556514333182,30.0762389709843,1.57586261630058,-1.52925094589591,1.26236334600229,-1.25425273696696,1.25830804148462,
13190,13190,2,4399.538,3,33.2537828276297,30.0756511201517,1.57349780201912,-1.52965439483523,1.26058479925309,-1.25454507912781,1.25756493919045,
13200,13200,2,4402.872,3,33.253968347094,30.0760378053001,1.57311856746674,-1.52958761900663,1.26122014752365,-1.25438647489082,1.25780331120723,
13210,13210,2,4406.205,3,33.2544667909559,30.0762836744697,1.57301668077707,-1.52664594352245,1.26036230628645,-1.25396747285779,1.25716488957212,
13220,13220,2,4409.538,3,33.2540756354589,30.0750856210618,1.57034732401371,-1.52922607958317,1.26094736313718,-1.25454275082134,1.25774505697926,
13230,13230,2,4412.872,3,33.2544913778729,30.0767865886801,1.57599225640297,-1.52812795713544,1.26120273179123,-1.25403555253909,1.25761914216516,
13240,13240,2,4416.205,3,33.2548937092412,30.0761652102334,1.57434325665236,-1.52938179671764,1.26219151698452,-1.25385301331154,1.25802226514803,
13250,13250,2,4419.538,3,33.2524908969026,30.0751191486758,1.57009456306696,-1.5267544426024,1.25897826778617,-1.25494703795745,1.25696265287181,
13260,13260,2,4422.872,3,33.2532642671995,30.0769631674473,1.5760688111186,-1.53070241212845,1.26093534907578,-1.25353450098593,1.25723492503085,
13270,13270,2,4426.205,3,33.2526786515411,30.0750632693191,1.57166458666325,-1.52805605903268,1.2601396270553,-1.25442037503307,1.25728000104419,
13280,13280,2,4429.538,3,33.2525378355622,30.077651601122,1.57456956803799,-1.52933187782764,1.25990353677885,-1.25371610889088,1.25680982283487,
13290,13290,2,4432.872,3,33.2534699032322,30.0761249770966,1.57100018113852,-1.52894137427211,1.26049753432645,-1.25348281258221,1.25699017345433,
13300,13300,2,4436.205,3,33.2549071202868,30.0778952351173,1.57194137573242,-1.52796097099781,1.26212502055163,-1.25330753767086,1.25771627911124,
13310,13310,2,4439.538,3,33.2544936130471,30.0772425642309,1.57056748867035,-1.52891902253032,1.2602687083662,-1.25346260288202,1.25686565562411,
13320,13320,2,4442.872,3,33.2533201465562,30.0771218648204,1.57191045582294,-1.52655877172947,1.26180892966475,-1.25303056233274,1.25741974599874,
13330,13330,2,4446.205,3,33.252486426554,30.0765116622451,1.57187432050705,-1.52852637693286,1.26149311817464,-1.25418819631151,1.25784065724307,
13340,13340,2,4449.538,3,33.2527077088066,30.07475481527,1.56861897557974,-1.52942994609475,1.26064440389881,-1.25478284578491,1.25771362484186,
13350,13350,2,4452.872,3,33.2532396802825,30.0751258541986,1.57414693385363,-1.52899641543627,1.26014335234565,-1.25387424746658,1.25700879990612,
13360,13360,2,4456.205,3,33.2520259806547,30.0755058338242,1.57179031521082,-1.52745163068175,1.26061609169209,-1.25397836933209,1.25729723051209,
13370,13370,2,4459.538,3,33.2522003242477,30.0745536495859,1.5711922198534,-1.52848651632667,1.26018805582995,-1.25461353133814,1.25740079358405,
13380,13380,2,4462.872,3,33.2529178151878,30.0747168173075,1.57071258872747,-1.53157310560346,1.26138210452197,-1.25420021037291,1.25779115744744,
13390,13390,2,4466.205,3,33.2533648500415,30.0747279931788,1.56974159181118,-1.52678433805704,1.26051280801692,-1.25396514455132,1.25723897628412,
13400,13400,2,4469.538,3,33.2528954634452,30.0757159402055,1.57044660300016,-1.52805997058749,1.26084119236198,-1.25351959982449,1.25718039609324,
13410,13410,2,4472.872,3,33.2529781648931,30.075353841974,1.57370138913393,-1.53064271435142,1.2620102816086,-1.25365482786449,1.25783255473655,
13420,13420,2,4476.205,3,33.2542700956203,30.0748866905519,1.5725614503026,-1.52890253812075,1.26157209433023,-1.25428104917368,1.25792657175196,
13430,13430,2,4479.538,3,33.253235209934,30.0755281855669,1.57245919108391,-1.52885019779205,1.25989562053684,-1.2534458390754,1.25667072980612,
13440,13440,2,4482.872,3,33.2536487171736,30.0762970855153,1.57379321753979,-1.53013309463859,1.2616638296053,-1.25329477855138,1.25747930407834,
13450,13450,2,4486.205,3,33.2539884636624,30.0751146783273,1.57143641263247,-1.52900302782655,1.26140026531247,-1.25418940703087,1.25779483617167,
13460,13460,2,4489.538,3,33.2534944901491,30.0757874657821,1.57184358686209,-1.52730150148273,1.26062028264375,-1.25353245207623,1.25707636735999,
13470,13470,2,4492.872,3,33.2536710689163,30.0760735680884,1.57582070678473,-1.530806068331,1.26097809678264,-1.25392090672832,1.25744950175548,
13480,13480,2,4496.205,3,33.2520058640863,30.0745022405777,1.5716539695859,-1.52940647676587,1.26061692988242,-1.25469604651957,1.257656488201,
13490,13490,2,4499.538,3,33.2533402631246,30.0748330463694,1.57064851373434,-1.53046101331711,1.2607097827446,-1.25404775286501,1.2573787678048,
13500,13500,2,4502.872,3,33.2535213122403,30.0744173039555,1.57333966344595,-1.52997644618154,1.26121092743002,-1.25401310766468,1.25761201754735,
13510,13510,2,4506.205,3,33.2539527008741,30.0755214800441,1.57136134803295,-1.52885708957911,1.2614578210485,-1.25359391936714,1.25752587020782,
13520,13520,2,4509.538,3,33.2535011956719,30.0751973797752,1.5704195946455,-1.52724254876375,1.26006083716422,-1.25307815291706,1.25656949504064,
13530,13530,2,4512.872,3,33.2535034308462,30.0747637559671,1.57710313796997,-1.52942789718509,1.26156939349472,-1.25358646878642,1.25757793114057,
13540,13540,2,4516.205,3,33.2541650424297,30.0746475269051,1.57031062990427,-1.52904959395528,1.26081893375209,-1.25451592873076,1.25766743124142,
13550,13550,2,4519.538,3,33.2530698070381,30.0748106946267,1.57591830939054,-1.52910640463233,1.26145567900654,-1.25458177323784,1.25801872612219,
13560,13560,2,4522.872,3,33.2532955596392,30.0741356719977,1.57280694693327,-1.52881406247616,1.26113660788737,-1.25397594789336,1.25755627789037,
13570,13570,2,4526.205,3,33.2548534761043,30.0742608417567,1.57455876469612,-1.52722494676709,1.26223053940102,-1.25385916004063,1.25804484972083,
13580,13580,2,4529.538,3,33.254243273529,30.0740730871181,1.57236903905869,-1.53020285069942,1.26027941857598,-1.25377617919791,1.25702779888694,
13590,13590,2,4532.872,3,33.2531994471457,30.0741580237403,1.57215651124716,-1.52807645499706,1.26178760237745,-1.25466326396442,1.25822543317093,
13600,13600,2,4536.205,3,33.2533402631246,30.0744709481379,1.57419573515654,-1.53042869642377,1.26154909066227,-1.25440109665547,1.25797509365887,
13610,13610,2,4539.538,3,33.2539974043595,30.0751303245471,1.5750341117382,-1.52835510671139,1.26157703033996,-1.25380234936267,1.25768968985131,
13620,13620,2,4542.872,3,33.2546500752459,30.0742854286737,1.57488137483597,-1.52860572561622,1.26101609474429,-1.2533698431521,1.25719296894819,
13630,13630,2,4546.205,3,33.2543282101513,30.0748755146805,1.5739880502224,-1.5290467068553,1.26206755794785,-1.25435192282275,1.2582097403853,
13640,13640,2,4549.538,3,33.2545360813582,30.0749470402571,1.57261248677969,-1.5282291918993,1.26104654899297,-1.25320024930855,1.25712339915076,
13650,13650,2,4552.872,3,33.2546992490798,30.0748553981121,1.57462358474731,-1.52989272028208,1.26174196757056,-1.25413371394002,1.25793784075529,
13660,13660,2,4556.205,3,33.2539169380859,30.0739680339275,1.57469548285007,-1.52910714969039,1.26048542713278,-1.25454638297944,1.25751590505611,
13670,13670,2,4559.539,3,33.2520572730945,30.0740105022386,1.56876295804977,-1.52992717921734,1.25990763459825,-1.25440677772327,1.25715720616076,
13680,13680,2,4562.872,3,33.2531368622662,30.073505352854,1.571274548769,-1.5292284078896,1.2612944670663,-1.2543343208258,1.25781439394605,
13690,13690,2,4566.205,3,33.2526004204417,30.0740328539813,1.57080870121717,-1.52888065204024,1.26050563683298,-1.25442773248153,1.25746668465725,
13700,13700,2,4569.539,3,33.2542253921349,30.0758299340932,1.57243832945824,-1.52996564283967,1.26164725206321,-1.25386800760523,1.25775762983422,
13710,13710,2,4572.872,3,33.2533715555643,30.0740820278152,1.57222226262093,-1.52995148673654,1.26085451027501,-1.25351037973086,1.25718244500293,
13720,13720,2,4576.205,3,33.2538029441982,30.074030618807,1.57488901168108,-1.52927506715059,1.26190178252692,-1.25470340396803,1.25830259324747,
13730,13730,2,4579.539,3,33.2541985700437,30.0750967969331,1.57537925988436,-1.53053998947144,1.26130908883095,-1.25453055049541,1.25791981966318,
13740,13740,2,4582.872,3,33.2539616415712,30.073963563579,1.57613251358271,-1.53006045147777,1.2622074426008,-1.25401254887113,1.25810999573596,
13750,13750,2,4586.205,3,33.2528641710054,30.0742764879766,1.57163813710213,-1.52853382751346,1.26075169226113,-1.25421594972468,1.2574838209929,
13760,13760,2,4589.539,3,33.2522249111646,30.0743100155906,1.57084707170725,-1.52935907244682,1.26068659281212,-1.2537657483849,1.25722617059851,
13770,13770,2,4592.872,3,33.2530139276814,30.0730449069546,1.57206729054451,-1.52902388945222,1.26132445565368,-1.25435508931955,1.25783977248661,
13780,13780,2,4596.205,3,33.2536084840368,30.074996214091,1.5737084671855,-1.52985425665975,1.26191416911736,-1.25410130391391,1.25800773651563,
13790,13790,2,4599.539,3,33.2531838009258,30.0741982568772,1.5724703669548,-1.52873359620571,1.26060035234033,-1.25370046267138,1.25715040750585,
13800,13800,2,4602.872,3,33.2527680585118,30.0733131278669,1.57491490244865,-1.53100676834583,1.26176934845469,-1.25457264627646,1.25817099736558,
13810,13810,2,4606.205,3,33.2533670852158,30.0737355758036,1.57315023243427,-1.5287728048861,1.26106554797379,-1.2534140809751,1.25723981447445,
13820,13820,2,4609.539,3,33.2531234512205,30.0743726004701,1.57289002090693,-1.52969742193818,1.26043709149039,-1.25366004327099,1.25704856738069,
13830,13830,2,4612.872,3,33.2547216008225,30.073331009261,1.57529059797525,-1.53090376406908,1.26245703705479,-1.25360136994785,1.25802920350132,
13840,13840,2,4616.205,3,33.2527010032838,30.0743569542502,1.57592408359051,-1.5279958024621,1.26138899630913,-1.25339713090397,1.25739306360655,
13850,13850,2,4619.539,3,33.2527792343832,30.074180375483,1.57300010323524,-1.52997234836221,1.26115299916495,-1.25345524543356,1.25730412229925,
13860,13860,2,4622.872,3,33.2525579521306,30.0741379071719,1.57210491597652,-1.52861904352903,1.2606936708638,-1.25364793607733,1.25717080347056,
13870,13870,2,4626.205,3,33.2523500809236,30.0731030214856,1.57188456505537,-1.5305744484067,1.2612892516598,-1.25431448365465,1.25780186765722,
13880,13880,2,4629.539,3,33.2521757373307,30.0735478211651,1.57365556806326,-1.52940806001425,1.25964565355382,-1.2550807758813,1.25736321471756,
13890,13890,2,4632.872,3,33.2522852608699,30.0737668682434,1.57274939119816,-1.52937602251768,1.26071080719945,-1.25440705712004,1.25755893215975,
13900,13900,2,4636.205,3,33.253543663983,30.0723005939232,1.5713207423687,-1.53016289696097,1.26076845606774,-1.25467583681938,1.25772214644356,
13910,13910,2,4639.539,3,33.253335792776,30.0739859153217,1.57221518456936,-1.53062446042895,1.26054354166237,-1.25389659920873,1.25722007043555,
13920,13920,2,4642.872,3,33.2527099439809,30.0727699805196,1.56830810010433,-1.53013188391924,1.26089735111413,-1.25446647550126,1.25768191330769,
13930,13930,2,4646.205,3,33.2533961424813,30.0741356719977,1.57283842563629,-1.52903003618121,1.26276046195446,-1.25378651687865,1.25827348941655,
13940,13940,2,4649.539,3,33.2517376431741,30.0737914551603,1.57137773931026,-1.53034422546625,1.26050386732006,-1.25361757496091,1.25706072114048,
13950,13950,2,4652.872,3,33.2532262692369,30.0735657025592,1.57080944627523,-1.5292732976377,1.26166606477951,-1.25410605365911,1.25788605921931,
13960,13960,2,4656.205,3,33.2526294777072,30.0735411156422,1.5729671344161,-1.52973914518952,1.26145810044527,-1.25445474083663,1.25795642064095,
13970,13970,2,4659.539,3,33.2525132486452,30.0728772688845,1.57072935253382,-1.5277081169188,1.26066219216027,-1.25434074695167,1.25750146955597,
13980,13980,2,4662.872,3,33.2533156762076,30.0728571523161,1.57163385301828,-1.53136309236288,1.26134932196682,-1.25452496255988,1.25793714226335,
13990,13990,2,4666.205,3,33.2524461934172,30.0729666758552,1.57212391495705,-1.52930114418268,1.26090908577875,-1.25443825642679,1.25767367110277,
14000,14000,2,4669.539,3,33.2523970195833,30.0728258598763,1.57153364270926,-1.5283047221601,1.26052193497829,-1.25453408952125,1.25752801224977,
14010,14010,2,4672.872,3,33.2540376374963,30.0726492811091,1.57271828502417,-1.53181022033095,1.26144291988707,-1.25422423849572,1.25783357919139,
14020,14020,2,4676.205,3,33.2529871055902,30.0728929151044,1.57572720199823,-1.52986058965325,1.26164138473089,-1.25483919080158,1.25824028776624,
14030,14030,2,4679.539,3,33.2529736945446,30.0724503505992,1.57112963497639,-1.52983292937279,1.26123840144641,-1.25437734792944,1.25780787468792,
14040,14040,2,4682.872,3,33.2531301567433,30.0732684243815,1.57472379505634,-1.53136681765318,1.26164473749221,-1.25465572025145,1.25815022887183,
14050,14050,2,4686.205,3,33.2531145105235,30.0716523933854,1.57024320214987,-1.52952140197158,1.26112999549699,-1.25487020384381,1.2580000996704,
14060,14060,2,4689.539,3,33.2535838971198,30.071998845397,1.57250016927719,-1.53100341558456,1.26144776276453,-1.25463895644483,1.25804335960468,
14070,14070,2,4692.872,3,33.2529647538475,30.0729934979465,1.57209038734436,-1.53009137138724,1.26095872527278,-1.25406926641683,1.2575139958448,
14080,14080,2,4696.205,3,33.2527457067692,30.0718066204099,1.57252550125122,-1.52947306632996,1.26105148500269,-1.25489665340535,1.25797406920402,
14090,14090,2,4699.539,3,33.2526965329353,30.072298358749,1.57255250960588,-1.53105603531003,1.26082293843922,-1.25501847040006,1.25792070441964,
14100,14100,2,4702.872,3,33.2517018803858,30.0718312073269,1.57352462410927,-1.53198232874274,1.26058796574989,-1.25482764240147,1.25770780407568,
14110,14110,2,4706.205,3,33.2538655290777,30.0717306244848,1.57400574535131,-1.53090953826904,1.26123141652699,-1.25506373267791,1.25814757460245,
14120,14120,2,4709.539,3,33.251453776042,30.0722424793923,1.56958270817995,-1.53037682175636,1.25976523537431,-1.25440156231677,1.25708339884554,
14130,14130,2,4712.872,3,33.2531793305773,30.0724056471139,1.57570987939835,-1.53043055906892,1.26100165924415,-1.25463914270935,1.25782040097675,
14140,14140,2,4716.205,3,33.2525400707365,30.0726738680261,1.57613139599562,-1.53073826804757,1.26083029588768,-1.25473367195219,1.25778198391993,
14150,14150,2,4719.539,3,33.2520729193144,30.0728236247021,1.57003086060286,-1.53060210868716,1.26004351456406,-1.25410307342683,1.25707329399544,
14160,14160,2,4722.872,3,33.2530541608182,30.0726448107606,1.57548226416111,-1.53185361996293,1.26174094311571,-1.25439420486831,1.25806757399201,
14170,14170,2,4726.205,3,33.2511564978643,30.0729890275979,1.57051272690296,-1.52913108468056,1.26048272629727,-1.25407587880721,1.25727930255224,
14180,14180,2,4729.539,3,33.2518873998501,30.0718557942438,1.57144740223885,-1.53018534183502,1.26021888260766,-1.25423560063131,1.25722724161949,
14190,14190,2,4732.872,3,33.252669710844,30.0721620131186,1.57169494777918,-1.53122870251536,1.26129651597599,-1.25428365687693,1.25779008642646,
14200,14200,2,4736.205,3,33.2514917740045,30.0720748413221,1.57243423163891,-1.52967153117061,1.26086251964928,-1.25457134242484,1.25771693103706,
14210,14210,2,4739.539,3,33.2514515408677,30.0712120640545,1.57002992928028,-1.53077468276024,1.26057958384658,-1.25444719712365,1.25751339048512,
14220,14220,2,4742.872,3,33.2524081954546,30.0713685262533,1.57399848103523,-1.53083745390177,1.26176506437078,-1.25486405711472,1.25831456074275,
14230,14230,2,4746.205,3,33.2520058640863,30.0715316939749,1.57394390553236,-1.5308883972466,1.26138527101877,-1.25471588369073,1.25805057735475,
14240,14240,2,4749.539,3,33.2514426001706,30.0720189619654,1.57050509005785,-1.52854071930051,1.26047462379075,-1.25470638420032,1.25759050399553,
14250,14250,2,4752.872,3,33.2514001318595,30.0708589065201,1.57150998711586,-1.53224943205714,1.26173442385758,-1.25452757026313,1.25813099706036,
14260,14260,2,4756.205,3,33.2517376431741,30.0713014710252,1.57002508640289,-1.52892637997866,1.26079425370347,-1.25447262223035,1.25763343796691,
14270,14270,2,4759.539,3,33.2514001318595,30.0714445221784,1.56932529062033,-1.53020666912198,1.26092855042088,-1.2550599142553,1.25799423233809,
14280,14280,2,4762.872,3,33.2504211255299,30.0713752317761,1.5721632167697,-1.52987232431769,1.26034293477659,-1.25465013231591,1.25749653354625,
14290,14290,2,4766.205,3,33.2510603853707,30.0714065242158,1.57195013016462,-1.52993509545922,1.26089790990768,-1.25455290223756,1.25772540607262,
14300,14300,2,4769.539,3,33.2510134467111,30.0718133259327,1.56959909945726,-1.5312691219151,1.26089520907217,-1.25491844635395,1.25790682771306,
14310,14310,2,4772.872,3,33.2508346327696,30.071574162286,1.57151166349649,-1.5306512825191,1.26067467188297,-1.25515071820777,1.25791269504537,
14320,14320,2,4776.205,3,33.2518806943273,30.0715227532778,1.56996008008718,-1.53099428862333,1.26037627612529,-1.25515453663039,1.25776540637784,
14330,14330,2,4779.539,3,33.2519656309495,30.0714847553152,1.57311148941517,-1.52905248105526,1.26037031566072,-1.25464528943844,1.25750780254958,
14340,14340,2,4782.872,3,33.2521802076792,30.0708611416943,1.5743738040328,-1.53204333037138,1.26134885630552,-1.25503877323251,1.25819381476902,
14350,14350,2,4786.205,3,33.2518963405471,30.0711271274323,1.57124511897564,-1.5314900316298,1.26201493822155,-1.25513740029474,1.25857616925815,
14360,14360,2,4789.539,3,33.2517085859086,30.071066777727,1.57174821943045,-1.52955818921328,1.260386241277,-1.25431858147404,1.25735241137552,
14370,14370,2,4792.872,3,33.2522204408161,30.0712031233574,1.57106015831232,-1.53110027313232,1.26096403381154,-1.25439727823285,1.2576806560222,
14380,14380,2,4796.205,3,33.2510313281052,30.0719362605175,1.57214738428593,-1.52823738753796,1.26088375380432,-1.25479225214307,1.25783800297369,
14390,14390,2,4799.539,3,33.2518985757214,30.0709505486651,1.57190263271332,-1.53091019019485,1.26147886893902,-1.25508431490714,1.25828159192308,
14400,14400,2,4802.872,3,33.2507653423673,30.0705258655541,1.57172083854675,-1.53089417144656,1.26021860321089,-1.25503895949703,1.25762878135396,
14410,14410,2,4806.205,3,33.2524149009774,30.0718043852356,1.57205872237682,-1.53109580278397,1.26186704419433,-1.25538280379708,1.25862492399571,
14420,14420,2,4809.539,3,33.2516929396887,30.0712835896311,1.57131403684616,-1.53038147836924,1.2612211719785,-1.25406218836515,1.25764168017182,
14430,14430,2,4812.872,3,33.2511967310011,30.0702531742933,1.57211069017649,-1.53183247894049,1.26146340898404,-1.25489674653761,1.25818007776082,
14440,14440,2,4816.205,3,33.2516772934688,30.0712858248053,1.57177988439798,-1.52903478592634,1.26069255327669,-1.25459984089607,1.25764619708638,
14450,14450,2,4819.539,3,33.2526920625867,30.0713618207305,1.57252233475447,-1.53089677914977,1.26217456691339,-1.25450112070159,1.25833784380749,
14460,14460,2,4822.872,3,33.2511810847812,30.071332763465,1.56988352537155,-1.53266359120607,1.26246672280972,-1.2549351170283,1.25870091991901,
14470,14470,2,4826.205,3,33.2516258844607,30.0714020538673,1.57365202903748,-1.53069207444787,1.26063956102135,-1.25498922687075,1.25781439394605,
14480,14480,2,4829.539,3,33.2508167513755,30.0705772745622,1.57071202993393,-1.53041053563356,1.26008328203863,-1.2543774410617,1.25723036155016,
14490,14490,2,4832.872,3,33.2501171418294,30.0707270312382,1.57135054469109,-1.53072960674763,1.26075904970958,-1.25473525520059,1.25774715245509,
14500,14500,2,4836.205,3,33.2504859455837,30.0706108021763,1.57076716423035,-1.53197003528476,1.26068873485408,-1.25525744777653,1.2579730913153,
14510,14510,2,4839.539,3,33.2497103401126,30.070150356277,1.57200582325459,-1.53030091896653,1.26066526552482,-1.25469520832924,1.25768023692703,
14520,14520,2,4842.872,3,33.24967234215,30.0711897123118,1.57097037881613,-1.53075307607651,1.26075094720305,-1.25445213313338,1.25760154016822,
14530,14530,2,4846.205,3,33.2500992604353,30.0708723175657,1.57172791659832,-1.52962571009994,1.26100128671512,-1.25488370802136,1.25794249736824,
14540,14540,2,4849.539,3,33.2506826409194,30.0705370414254,1.57374292612076,-1.53062762692571,1.26082657059732,-1.25409189755575,1.25745923407654,
14550,14550,2,4852.872,3,33.2522025594219,30.0711561846978,1.57530438154936,-1.53166446834803,1.26291180187525,-1.25401385272275,1.258462827299,
14560,14560,2,4856.205,3,33.2511833199555,30.0719876695257,1.5719085931778,-1.52864214032888,1.26182047806486,-1.25349110135325,1.25765578970906,
14570,14570,2,4859.539,3,33.2509910949684,30.0709147858768,1.57138630747795,-1.53167210519314,1.2609334864306,-1.25439774389415,1.25766561516237,
14580,14580,2,4862.872,3,33.2510514446737,30.0718669701152,1.57465748488903,-1.53229115530849,1.26175416789648,-1.254432575359,1.25809337162774,
14590,14590,2,4866.205,3,33.2507921644585,30.0712657082369,1.57359819859266,-1.52979446575046,1.26097167065677,-1.25455634813114,1.25776400939396,
14600,14600,2,4869.539,3,33.2509262749146,30.0714020538673,1.57120730727911,-1.5292739495635,1.26110987892905,-1.25389464343129,1.25750226118017,
14610,14610,2,4872.872,3,33.2517264673027,30.0711874771375,1.57522205263376,-1.53196090832353,1.26253796898782,-1.25435648630343,1.25844722764563,
14620,14620,2,4876.205,3,33.2521019765798,30.0710623073785,1.57007183879614,-1.52954943478107,1.26125889054338,-1.25423895339264,1.25774892196801,
14630,14630,2,4879.539,3,33.251245904835,30.0716456878626,1.57324131578207,-1.53044508770108,1.26188203848802,-1.25456491629897,1.2582234773935,
14640,14640,2,4882.872,3,33.2509240397404,30.0706867981014,1.57083552330732,-1.53016177937388,1.26080431198743,-1.25413390020454,1.25746910609599,
14650,14650,2,4886.205,3,33.2508972176491,30.0709527838393,1.57266538590193,-1.53071470558643,1.2613470867926,-1.25471150647456,1.25802929663358,
14660,14660,2,4889.539,3,33.2515051850502,30.0709371376195,1.57211609184742,-1.53047386556864,1.26168972037329,-1.25470657046483,1.25819814541906,
14670,14670,2,4892.872,3,33.2511833199555,30.070666681533,1.57291665673256,-1.52957681566477,1.26122210330109,-1.25436365748737,1.25779288039423,
14680,14680,2,4896.205,3,33.2517979928793,30.0718557942438,1.57136097550392,-1.53004331514239,1.26162601790816,-1.25451527680495,1.25807064735656,
14690,14690,2,4899.539,3,33.2497684546435,30.0707069146698,1.57228223979473,-1.52888493612409,1.26051681270405,-1.25471411417781,1.25761546344093,
14700,14700,2,4902.872,3,33.2503540703019,30.0703582274839,1.57306715846062,-1.53027651831508,1.26100873729583,-1.25393981257688,1.25747427493636,
14710,14710,2,4906.205,3,33.2505731173802,30.0704766917202,1.57172884792089,-1.5298186801374,1.26118652677817,-1.2551910444759,1.25818878562704,
14720,14720,2,4909.539,3,33.2498668023114,30.0712142992288,1.5700988471508,-1.52943776920438,1.26007182677078,-1.25467546429034,1.25737364553056,
14730,14730,2,4912.872,3,33.2502668985054,30.0711606550463,1.57180335372686,-1.53060909360647,1.26082722252314,-1.2539951331387,1.25741117783092,
14740,14740,2,4916.205,3,33.2510939129848,30.0709952521504,1.57582778483629,-1.52863301336765,1.26197898916959,-1.25445464770437,1.25821681843698,
14750,14750,2,4919.539,3,33.2498511560915,30.0702040004594,1.57170556485653,-1.53126213699579,1.26053255205581,-1.25481739785299,1.2576749749544,
14760,14760,2,4922.872,3,33.2506669946995,30.0704543399775,1.57270599156618,-1.53090441599488,1.2620513529348,-1.25452272738566,1.25828704016023,
14770,14770,2,4926.205,3,33.2500210293359,30.0704856324172,1.57151166349649,-1.52967134490609,1.26130880943418,-1.2545605390828,1.25793467425849,
14780,14780,2,4929.539,3,33.2499204464938,30.0705035138114,1.57088208943605,-1.53056401759386,1.26080207681322,-1.2544071502523,1.25760461353276,
14790,14790,2,4932.872,3,33.2498310395231,30.0710421908101,1.57194565981627,-1.52957616373897,1.26062130709859,-1.25389659920873,1.25725895315366,
14800,14800,2,4936.205,3,33.2500254996844,30.0706152725248,1.57089792191982,-1.52870258316398,1.26119975155894,-1.25441394890721,1.25780685023308,
14810,14810,2,4939.539,3,33.2491738982881,30.0703626978325,1.57037880271673,-1.52882440015674,1.26004332829954,-1.25405473778443,1.25704903304199,
14820,14820,2,4942.872,3,33.2509933301427,30.0706376242675,1.57127659767866,-1.53064010664821,1.26175090826742,-1.25431774328371,1.25803432577556,
14830,14830,2,4946.205,3,33.2503585406504,30.0694753336479,1.57299321144819,-1.52968969196081,1.26055965354317,-1.25470163445511,1.25763064399914,
14840,14840,2,4949.539,3,33.2494577654202,30.06994248507,1.57043635845184,-1.53110744431615,1.26118233582652,-1.25480687390772,1.25799460486712,
14850,14850,2,4952.872,3,33.2499651499792,30.06994248507,1.57173294574022,-1.53064532205462,1.2621330299259,-1.25481059919808,1.25847181456199,
14860,14860,2,4956.205,3,33.250488180758,30.0698776650162,1.57333053648472,-1.53075642883778,1.26073520785129,-1.25471374164877,1.25772447475003,
14870,14870,2,4959.539,3,33.2494778819886,30.0689947711802,1.56993344426155,-1.53123373165727,1.26101832991851,-1.25484319548872,1.25793076270361,
14880,14880,2,4962.872,3,33.2493035383957,30.0697860228712,1.5722319483757,-1.53162069618702,1.26115420988432,-1.25443192343318,1.25779306665875,
14890,14890,2,4966.205,3,33.2499740906762,30.0696854400291,1.57033577561378,-1.53092769905925,1.26030968656014,-1.25502294074849,1.25766631365432,
14900,14900,2,4969.539,3,33.2496455200588,30.0694172191169,1.57166793942451,-1.53114851564169,1.26049725492967,-1.25539044064231,1.25794384778599,
14910,14910,2,4972.872,3,33.2481099553363,30.0705057489856,1.56977660953999,-1.53213357552886,1.26059327428865,-1.25477008666544,1.25768168047704,
14920,14920,2,4976.205,3,33.2484854646134,30.0689947711802,1.56858135014772,-1.53074897825718,1.25961752761161,-1.25566806790625,1.25764279775893,
14930,14930,2,4979.539,3,33.248581577107,30.0684672700528,1.57226640731096,-1.53195215389133,1.26096785223415,-1.25533493381598,1.25815139302507,
14940,14940,2,4982.872,3,33.24985562644,30.0687265502679,1.57113689929247,-1.53237534686923,1.2614094854061,-1.25486564036312,1.25813756288461,
14950,14950,2,4986.205,3,33.2486911006461,30.0705213952055,1.57047808170319,-1.52918184176087,1.26052575340091,-1.25442503164602,1.25747539252347,
14960,14960,2,4989.539,3,33.2500232645102,30.0701481211027,1.57109852880239,-1.52914449572563,1.26064030607942,-1.25458428780883,1.25761229694413,
14970,14970,2,4992.872,3,33.2498265691745,30.0697100269461,1.57005041837692,-1.5325321815908,1.26236725755716,-1.25488324236006,1.25862524995861,
14980,14980,2,4996.205,3,33.2498355098716,30.0696183848011,1.56961902976036,-1.52919441461563,1.26088831728501,-1.25462340335759,1.2577558603213,
14990,14990,2,4999.539,3,33.2497751601664,30.0690886484994,1.57131943851709,-1.5308303758502,1.26062121396634,-1.25449553276605,1.25755837336619,
15000,15000,2,5002.872,3,33.2496678718015,30.0680381165932,1.57295204699039,-1.52991926297545,1.26199510105039,-1.25547388714634,1.25873449409836,
15010,15010,2,5006.205,3,33.2489235587701,30.070000599601,1.57444328069687,-1.5281961299479,1.26135239533136,-1.25571789366479,1.25853514449808,
15020,15020,2,5009.539,3,33.2486620433806,30.0693367528432,1.56955737620592,-1.53185753151774,1.26135919398627,-1.25488305609555,1.25812112504091,
15030,15030,2,5012.872,3,33.2489235587701,30.0687533723592,1.57298222184181,-1.5301363542676,1.26052994435256,-1.25496259104469,1.25774626769863,
15040,15040,2,5016.205,3,33.2491940148565,30.0682616340201,1.56968720257282,-1.53129110112786,1.26023322497554,-1.25544324663314,1.25783823580434,
15050,15050,2,5019.539,3,33.2490040250437,30.0685969101604,1.5699839219451,-1.53128243982792,1.26069376399606,-1.25488473247621,1.25778924823613,
15060,15060,2,5022.872,3,33.2490308471349,30.0687958406703,1.57185401767492,-1.53061160817742,1.26165535456973,-1.25516748201438,1.25841141829206,
15070,15070,2,5026.205,3,33.2498198636517,30.0690059470515,1.57326813787222,-1.53060872107744,1.26087602382683,-1.25525996234752,1.25806799308718,
15080,15080,2,5029.539,3,33.2489682622554,30.0686639653884,1.5709089115262,-1.53013877570629,1.26125870427886,-1.25531798374485,1.25828834401186,
15090,15090,2,5032.872,3,33.2490286119607,30.0680962311242,1.56952273100615,-1.53047079220414,1.26062708129865,-1.25527346652507,1.25795027391186,
15100,15100,2,5036.205,3,33.2489280291186,30.0680023538049,1.56928971409798,-1.53120122849941,1.26063415935033,-1.25560604182179,1.25812010058606,
15110,15110,2,5039.539,3,33.2470214254676,30.0676648424904,1.56721472740173,-1.53117850422859,1.25968197513481,-1.25554327067925,1.25761262290703,
15120,15120,2,5042.872,3,33.24819042161,30.067702840453,1.5712508931756,-1.53102362528443,1.26095285794046,-1.25522969436336,1.25809127615191,
15130,15130,2,5046.205,3,33.2480496056311,30.0676402555735,1.56761351972818,-1.53207657858729,1.26002395678968,-1.25567095500628,1.25784745589798,
15140,15140,2,5049.539,3,33.2481747753901,30.0685745584177,1.57205015420914,-1.53188863769174,1.25978758711646,-1.25463578994803,1.25721168853224,
15150,15150,2,5052.872,3,33.2494868226857,30.0681901084435,1.57142709940672,-1.53231592848897,1.26155803135913,-1.25508589815554,1.25832196475734,
15160,15160,2,5056.205,3,33.2491068430601,30.0691422926819,1.57110150903463,-1.53036788105965,1.26181302748414,-1.25479802634312,1.25830552691363,
15170,15170,2,5059.539,3,33.2483379431117,30.068185638095,1.57219748944044,-1.52989579364657,1.25982465375552,-1.25420337686972,1.25701401531262,
15180,15180,2,5062.872,3,33.2491604872425,30.0688248979357,1.57398730516434,-1.53051251545548,1.26158289767227,-1.25450475285968,1.25804382526598,
15190,15190,2,5066.205,3,33.2488587387163,30.067953179971,1.57501753419638,-1.53126325458288,1.26084407946201,-1.25546392199463,1.25815400072832,
15200,15200,2,5069.539,3,33.2491537817197,30.0668445335339,1.57121028751135,-1.53166595846415,1.26122927448503,-1.25504985597133,1.25813956522818,
15210,15210,2,5072.872,3,33.2481948919585,30.0680559979874,1.57081317156553,-1.53206549584866,1.2615161218426,-1.255374142497,1.2584451321698,
15220,15220,2,5076.205,3,33.2486106343725,30.0678213046892,1.57092977315187,-1.53096718713641,1.26155607558169,-1.25566993055143,1.25861300306656,
15230,15230,2,5079.539,3,33.248165834693,30.0667864190029,1.56982522457838,-1.53290824964643,1.26147682002932,-1.25581046713019,1.25864364357976,
15240,15240,2,5082.872,3,33.2482887692778,30.0665830181445,1.57026071101427,-1.53178563341498,1.26115681758757,-1.25545675081069,1.25830678419913,
15250,15250,2,5086.205,3,33.2486374564637,30.0674927340717,1.56990475952625,-1.52988880872726,1.26044063051623,-1.25561228168314,1.25802645609968,
15260,15260,2,5089.539,3,33.2496656366272,30.0679352985769,1.57022345811129,-1.53242191299796,1.26142513162561,-1.25462573166406,1.25802543164483,
15270,15270,2,5092.872,3,33.2494600005945,30.0679978834564,1.57276354730129,-1.53319472447038,1.26146732053891,-1.25463374103833,1.25805053078862,
15280,15280,2,5096.205,3,33.2487626262227,30.0670635806122,1.57569795846939,-1.53029905632138,1.26142960197404,-1.25535793748394,1.25839376972899,
15290,15290,2,5099.539,3,33.2481390126018,30.0669428812017,1.5713257715106,-1.53184961527586,1.26163123331467,-1.25520212721471,1.25841668026469,
15300,15300,2,5102.872,3,33.2479870207516,30.0662253902615,1.57080870121717,-1.53152486309409,1.26183584488758,-1.25490410398607,1.25836997443683,
15310,15310,2,5106.205,3,33.2458278424082,30.0679151820085,1.56730748713017,-1.532082259655,1.2604450077324,-1.25552278158229,1.25798389465734,
15320,15320,2,5109.539,3,33.2463933414981,30.0674770878518,1.56543850898743,-1.53074814006686,1.26039918666099,-1.25551421341446,1.25795670003773,
15330,15330,2,5112.872,3,33.2464134580666,30.0661739812533,1.5697805210948,-1.53319910168648,1.26026982595331,-1.25531891506744,1.25779437051038,
15340,15340,2,5116.205,3,33.2462927586561,30.0677140163243,1.56728848814964,-1.52980843558908,1.26081520846173,-1.25502163689687,1.2579184226793,
15350,15350,2,5119.539,3,33.247432697533,30.0664980815223,1.56987272202969,-1.53167964890599,1.260968876689,-1.25525120791518,1.25811004230209,
15360,15360,2,5122.872,3,33.2476696260054,30.0677967177722,1.56943164765835,-1.53275979682803,1.26163402728243,-1.25516487431113,1.25839945079678,
15370,15370,2,5126.205,3,33.2474863417154,30.0671731041513,1.57232172787189,-1.53087461367249,1.26229060970804,-1.25563798618661,1.25896429794733,
15380,15380,2,5129.539,3,33.2476025707774,30.0669026480649,1.57122872769833,-1.53332464396954,1.26125786608853,-1.25543169823303,1.25834478216078,
15390,15390,2,5132.872,3,33.2473187036453,30.0669026480649,1.57110895961523,-1.53145147487521,1.26120943731387,-1.25544399169121,1.25832671450254,
15400,15400,2,5136.205,3,33.2468716687916,30.0670568750894,1.56778078526258,-1.53220146894455,1.26075625574182,-1.25554680970509,1.25815153272345,
15410,15410,2,5139.539,3,33.246100533669,30.0673273311759,1.56852267682552,-1.52993490919471,1.26006959159656,-1.25498764362235,1.25752861760946,
15420,15420,2,5142.872,3,33.2473477609108,30.0664824353024,1.57062988728285,-1.53238782659173,1.26183509982951,-1.25554923114383,1.25869216548667,
15430,15430,2,5146.205,3,33.2462815827847,30.0666232512813,1.56861934810877,-1.53132705017924,1.26049101506832,-1.25527458411218,1.25788279959025,
15440,15440,2,5149.539,3,33.2463396973157,30.0675083802916,1.56870596110821,-1.53095070272684,1.26070261156066,-1.25504920404552,1.25787590780309,
15450,15450,2,5152.872,3,33.2462614662163,30.0659169362124,1.56922489404678,-1.53249483555555,1.26105241632528,-1.25517754029835,1.25811497831182,
15460,15460,2,5156.205,3,33.2463531083613,30.0664846704766,1.56752355396748,-1.53055563569069,1.25956723619178,-1.25527281459926,1.25742002539552,
15470,15470,2,5159.539,3,33.2459217197275,30.0663639710661,1.56908389180899,-1.5307410620153,1.26016989503946,-1.255675891016,1.25792289302773,
15480,15480,2,5162.872,3,33.2470057792477,30.0666612492439,1.56879127025604,-1.5314388088882,1.26069944506385,-1.25487914454067,1.25778929480226,
15490,15490,2,5166.205,3,33.2472292966745,30.0669562922473,1.56716834753752,-1.53010105714202,1.26037664865433,-1.2552883676865,1.25783250817042,
15500,15500,2,5169.539,3,33.2463776952783,30.0666500733725,1.56926363706589,-1.53040792793036,1.26058926960151,-1.25508217286519,1.25783572123335,
15510,15510,2,5172.872,3,33.2458189017111,30.065887878947,1.57033130526543,-1.53236091136932,1.26118661991043,-1.25525856536364,1.25822259263704,
15520,15520,2,5176.205,3,33.2460379487895,30.0674055622753,1.56907737255096,-1.53060294687748,1.26013292153265,-1.2553387522386,1.25773583688562,
15530,15530,2,5179.539,3,33.2450924700739,30.0660979853282,1.56787019222975,-1.53206335380673,1.26020305012364,-1.25575971004906,1.25798138008635,
15540,15540,2,5182.872,3,33.2461251205859,30.0657247112254,1.57114770263433,-1.53240757063031,1.26095360299853,-1.25569647324523,1.25832503812188,
15550,15550,2,5186.205,3,33.2471510655752,30.0675553189512,1.56967025250196,-1.53100611642003,1.26110447725804,-1.25558853295711,1.25834650510757,
15560,15560,2,5189.539,3,33.2461072391918,30.0675217913372,1.56692564487457,-1.53248440474272,1.26066601058289,-1.25531202328028,1.25798901693158,
15570,15570,2,5192.872,3,33.2480429001083,30.0669674681186,1.57018322497606,-1.53116378933191,1.26193614833047,-1.25537134852923,1.25865374842985,
15580,15580,2,5196.205,3,33.2464648670747,30.0664153800743,1.56993921846151,-1.53144430369139,1.260474716923,-1.25537023094212,1.25792247393256,
15590,15590,2,5199.539,3,33.2467554397296,30.0667886541772,1.56861580908298,-1.53209688141942,1.26070279782518,-1.25590704528272,1.25830492155395,
15600,15600,2,5202.872,3,33.2463933414981,30.0663103268837,1.56917497515678,-1.53249492868781,1.26082470795214,-1.25572590303906,1.2582753054956,
15610,15610,2,5206.205,3,33.2462391144736,30.0665852533187,1.56962964683771,-1.53197254985571,1.26089940002382,-1.25575477403933,1.25832708703158,
15620,15620,2,5209.539,3,33.246925312974,30.0656621263458,1.57184079289436,-1.53366085141897,1.2612783551855,-1.25618448628214,1.25873142073382,
15630,15630,2,5212.872,3,33.247466225147,30.0662477420042,1.56930666416883,-1.53251569718122,1.26172818399623,-1.25493651401218,1.25833234900421,
15640,15640,2,5216.205,3,33.2466079182279,30.0667774783058,1.57009977847338,-1.53158465400338,1.26075644200633,-1.25556310785041,1.25815977492837,
15650,15650,2,5219.539,3,33.2469208426255,30.0662499771785,1.56940929591656,-1.53208170086145,1.26101916810884,-1.25575356331997,1.2583863657144,
15660,15660,2,5222.872,3,33.2466280347963,30.0665964291901,1.56929176300764,-1.53077840805054,1.26079742020027,-1.25589298231162,1.25834520125595,
15670,15670,2,5226.205,3,33.2470728344758,30.0662767992697,1.5688706189394,-1.53144216164947,1.25991881046932,-1.25534145307411,1.25763013177171,
15680,15680,2,5229.539,3,33.2468046135635,30.0662812696182,1.56952869147062,-1.53295369818807,1.26096189176958,-1.25546848547532,1.25821518862245,
15690,15690,2,5232.872,3,33.2463195807473,30.0672625111221,1.57080702483654,-1.5313102863729,1.26170974380896,-1.25466400902249,1.25818687641573,
15700,15700,2,5236.205,3,33.2478976137808,30.0665807829702,1.5691677108407,-1.5313315205276,1.26116771406186,-1.2549616597221,1.25806468689198,
15710,15710,2,5239.539,3,33.2462234682537,30.0657269463996,1.56714245676994,-1.5326339751482,1.25977464173246,-1.25631459204789,1.25804461689018,
15720,15720,2,5242.872,3,33.2456222063755,30.0663639710661,1.56601760536432,-1.53141934424639,1.26001008008309,-1.25543728616857,1.25772368312583,
15730,15730,2,5246.205,3,33.246283817959,30.0666076050614,1.57278180122375,-1.53190912678838,1.26009790380329,-1.25601610315795,1.25805700348062,
15740,15740,2,5249.539,3,33.2457339650889,30.0662499771785,1.57026685774326,-1.53288133442402,1.26138564354781,-1.25577153784595,1.25857859069688,
15750,15750,2,5252.872,3,33.2470057792477,30.0665941940158,1.56938377767801,-1.53277525678277,1.2612867370888,-1.25567617041278,1.25848145375079,
15760,15760,2,5256.205,3,33.2466794438045,30.0659526990007,1.57045125961304,-1.53208086267114,1.26038139839953,-1.25549512130138,1.25793825985046,
15770,15770,2,5259.539,3,33.2473857588733,30.0667350099947,1.57064069062471,-1.53041454032063,1.26069562664124,-1.25535151135807,1.25802356899966,
15780,15780,2,5262.872,3,33.2469364888454,30.0670009957327,1.57148446887732,-1.53183825314045,1.2613813594639,-1.25523761060538,1.25830948503464,
15790,15790,2,5266.205,3,33.2469320184968,30.066162805382,1.57021898776293,-1.53126362711191,1.2602442145821,-1.25563668233498,1.25794044845854,
15800,15800,2,5269.539,3,33.247099656567,30.0665696070988,1.5716316178441,-1.53062446042895,1.26076780414193,-1.25548338663675,1.25812559538934,
15810,15810,2,5272.872,3,33.2469320184968,30.0665763126217,1.57078057527542,-1.53260808438063,1.26079956224223,-1.25539956760369,1.25809956492296,
15820,15820,2,5276.205,3,33.246250290345,30.0666254864556,1.56928300857544,-1.53055330738425,1.26053497349455,-1.2556711412708,1.25810305738267,
15830,15830,2,5279.539,3,33.2473388202137,30.0676335500506,1.5713581815362,-1.53382774442434,1.26181963987453,-1.2554630838043,1.25864136183941,
15840,15840,2,5282.872,3,33.2480384297597,30.066312562058,1.57049875706434,-1.53269460424781,1.26189107231714,-1.25531686615774,1.25860396923744,
15850,15850,2,5286.205,3,33.2472650594628,30.0657940016277,1.57130658626556,-1.53155038133264,1.26012770612615,-1.25544427108799,1.25778598860707,
15860,15860,2,5289.539,3,33.2470638937787,30.0664086745515,1.57143846154213,-1.53127694502473,1.26106545484153,-1.25538196560675,1.25822371022414,
15870,15870,2,5292.872,3,33.2470951862184,30.0658163533704,1.56925637274981,-1.53300408273935,1.26168096594095,-1.25545591262036,1.25856843928065,
15880,15880,2,5296.205,3,33.2481725402158,30.066162805382,1.56989768147469,-1.53166763484478,1.26141442141583,-1.25551132631443,1.25846287386513,
15890,15890,2,5299.539,3,33.2478976137808,30.0673027442589,1.56971421092749,-1.53280859813094,1.2612742573661,-1.25504939031003,1.25816182383807,
15900,15900,2,5302.872,3,33.2481993623071,30.0665651367503,1.57084465026855,-1.5323244035244,1.26166401586982,-1.25527830940254,1.25847116263618,
15910,15910,2,5306.205,3,33.2472002394091,30.0666903065093,1.57029908150434,-1.52953788638115,1.26001706500252,-1.25536715757758,1.25769211129005,
15920,15920,2,5309.539,3,33.2467822618209,30.0663438544977,1.57120041549206,-1.53115335851908,1.26027681087273,-1.25525996234752,1.25776838661013,
15930,15930,2,5312.872,3,33.2460446543123,30.0658387051131,1.56777836382389,-1.53058730065823,1.25992216323064,-1.25506708543923,1.25749462433494,
15940,15940,2,5316.205,3,33.2468247301319,30.0658141181961,1.56868081539869,-1.53247676789761,1.26007946361601,-1.25594150421853,1.25801048391727,
15950,15950,2,5319.539,3,33.2470594234301,30.065988461789,1.56969279050827,-1.53086967766285,1.26063639452454,-1.25516571250146,1.257901053513,
15960,15960,2,5322.872,3,33.2462391144736,30.0660286949259,1.56922601163387,-1.53155475854874,1.26031359811502,-1.25521320995353,1.25776340403427,
15970,15970,2,5326.205,3,33.2467464990326,30.0655771897236,1.56759805977345,-1.53038203716278,1.26193614833047,-1.25574220118438,1.25883917475742,
15980,15980,2,5329.539,3,33.2464134580666,30.066138218465,1.57168097794056,-1.53160123154521,1.26138946197043,-1.25508431490714,1.25823688843878,
15990,15990,2,5332.872,3,33.2464313394607,30.0659817562662,1.56893413513899,-1.53094800189137,1.26149377010045,-1.2555619902633,1.25852788018188,
16000,16000,2,5336.205,3,33.2466414458419,30.0657895312791,1.57125182449818,-1.53072783723474,1.26034815018309,-1.25600194705459,1.25817504861884,
16010,16010,2,5339.539,3,33.2460603005321,30.0660018728347,1.57021638005972,-1.53241567313671,1.26190075807207,-1.25562988368008,1.25876532087608,
16020,16020,2,5342.872,3,33.2466146237507,30.0663930283316,1.57067328691483,-1.53121585026383,1.26169186241524,-1.25550741475956,1.2585996385874,
16030,16030,2,5346.205,3,33.2454277462141,30.0653648481681,1.57021395862103,-1.53176728636026,1.25999536518618,-1.25578839478482,1.2578918799855,
16040,16040,2,5349.539,3,33.2465073353858,30.0666567788953,1.56770218163729,-1.53028639033437,1.2610884585095,-1.25489832978601,1.25799339414776,
16050,16050,2,5352.872,3,33.2463262862701,30.0663729117632,1.57061628997326,-1.53127973899245,1.26128440878233,-1.25475322972657,1.25801881925445,
16060,16060,2,5356.205,3,33.2472561187658,30.0660733984112,1.56747568398714,-1.53161799535155,1.26128804094043,-1.25557074469565,1.25842939281804,
16070,16070,2,5359.539,3,33.2459105438561,30.0647457048958,1.57147664576769,-1.53228091076016,1.26132482818271,-1.25590704528272,1.25861593673272,
16080,16080,2,5362.872,3,33.2465810961367,30.0650318072021,1.56880039721727,-1.53270252048969,1.26123923963674,-1.25517996173708,1.25820960068691,
16090,16090,2,5366.205,3,33.2463933414981,30.0656353042546,1.570675522089,-1.53139578178525,1.26032151435703,-1.25524534058287,1.25778342746995,
16100,16100,2,5369.539,3,33.2452399915756,30.0654900179272,1.56881120055914,-1.53114264830947,1.25997608680858,-1.2550823591297,1.25752922296914,
16110,16110,2,5372.872,3,33.246833670829,30.0653067336372,1.56957227736712,-1.53022715821862,1.26068174993465,-1.25505367439395,1.2578677121643,
16120,16120,2,5376.205,3,33.2451461142563,30.0644327804982,1.56746506690979,-1.53205562382936,1.2607467562514,-1.25677047445546,1.25875861535343,
16130,16130,2,5379.539,3,33.2453204578493,30.0657805905821,1.56760513782501,-1.53196817263961,1.26076342692575,-1.25515211519166,1.25795777105871,
16140,16140,2,5382.872,3,33.2451952880902,30.0650765106875,1.57146099954844,-1.53257353231311,1.26054559057207,-1.25514252256899,1.25784405657053,
16150,16150,2,5386.205,3,33.244386155005,30.0653246150313,1.56930107623339,-1.53194796293974,1.25985603932679,-1.25622145978894,1.25803874955786,
16160,16160,2,5389.539,3,33.2446879035313,30.0653715536909,1.56869944185019,-1.53219625353813,1.2609262221144,-1.2558465093144,1.2583863657144,
16170,16170,2,5392.872,3,33.2460200673953,30.0647926435554,1.5713619068265,-1.53199844062328,1.26126187077566,-1.25553628575983,1.25839907826775,
16180,16180,2,5396.205,3,33.2449762410119,30.0653827295623,1.56746245920658,-1.53110111132264,1.2593677468931,-1.25541558635223,1.25739166662267,
16190,16190,2,5399.539,3,33.2458636051965,30.0652665005003,1.57073270529509,-1.53356706723571,1.26158690235941,-1.25591598597958,1.25875144416949,
16200,16200,2,5402.872,3,33.2449069506096,30.0656598911716,1.56789515167475,-1.53146758675575,1.25977873955186,-1.25520119589213,1.25748996772199,
16210,16210,2,5406.205,3,33.2468090839121,30.0652419135834,1.56990978866816,-1.5310337767005,1.2610630334028,-1.25506410520695,1.25806356930488,
16220,16220,2,5409.539,3,33.2461832351169,30.0659147010382,1.56891830265522,-1.53079843148589,1.26188669510097,-1.25502778362596,1.25845723936346,
16230,16230,2,5412.872,3,33.2461944109882,30.0649424002314,1.57280955463648,-1.53161231428385,1.26184003583924,-1.25541372370705,1.25862687977314,
16240,16240,2,5416.205,3,33.2453361040691,30.0656107173377,1.56902968883514,-1.5309751033783,1.26018973221061,-1.2548747673245,1.25753224976756,
16250,16250,2,5419.539,3,33.2462435848221,30.0647099421075,1.570775359869,-1.53402630239725,1.26083783960066,-1.25508096214582,1.25795940087324,
16260,16260,2,5422.872,3,33.2457272595661,30.0648909912232,1.56958214938641,-1.5312772244215,1.26131206906324,-1.25482596602081,1.25806901754202,
16270,16270,2,5426.205,3,33.2449918872318,30.0647926435554,1.57015044242144,-1.5307336114347,1.26086857324611,-1.25630397497037,1.25858627410824,
16280,16280,2,5429.539,3,33.2442051058893,30.0646294758338,1.56814847141504,-1.53349824249744,1.26056347196579,-1.25538950931973,1.25797649064276,
16290,16290,2,5432.872,3,33.245467979351,30.0656509504745,1.57025698572397,-1.53259998187423,1.26204678945411,-1.2553882054681,1.2587174974611,
16300,16300,2,5436.205,3,33.245467979351,30.06438137149,1.56857259571552,-1.532809343189,1.26012900997778,-1.25574201491986,1.25793551244882,
16310,16310,2,5439.539,3,33.2451148218166,30.065072040339,1.56713500618935,-1.53444176539779,1.26117302260062,-1.25547863689154,1.25832582974608,
16320,16320,2,5442.872,3,33.2441514617068,30.0638605758854,1.57192517071962,-1.53296086937189,1.26114210269065,-1.2552586584959,1.25820038059328,
16330,16330,2,5446.205,3,33.2454188055171,30.0649424002314,1.56825091689825,-1.53146181255579,1.26121707415911,-1.25524021830863,1.25822864623387,
16340,16340,2,5449.539,3,33.2452221101815,30.0651010976045,1.56651884317398,-1.53215155005455,1.26101628100881,-1.25546038296879,1.2582383319888,
16350,16350,2,5452.872,3,33.2441268747899,30.0645624206057,1.56634915620089,-1.53254829347134,1.26015955735871,-1.25528641190907,1.25772298463389,
16360,16360,2,5456.205,3,33.2444040363992,30.0645803019999,1.57026033848524,-1.53341861441731,1.26035867412835,-1.25523649301827,1.25779758357331,
16370,16370,2,5459.539,3,33.2454523331311,30.0647993490782,1.56969595700502,-1.53471864759922,1.26158951006266,-1.25489395256984,1.25824173131625,
16380,16380,2,5462.872,3,33.2447817808506,30.0650161609823,1.57135222107172,-1.53128765523434,1.26201437942799,-1.25434857006142,1.25818147474471,
16390,16390,2,5466.205,3,33.244652140743,30.063932101462,1.56817883253098,-1.53297502547503,1.26139104521883,-1.25542666909105,1.25840885715494,
16400,16400,2,5469.539,3,33.2442900425115,30.0643657252701,1.57231315970421,-1.53430262580514,1.26260511734652,-1.25538448017774,1.25899479876213,
16410,16410,2,5472.872,3,33.2446744924857,30.0647322938502,1.57033335417509,-1.53144421055913,1.2617455065964,-1.25439047957795,1.25806799308718,
16420,16420,2,5476.205,3,33.2447974270704,30.0643120810877,1.56725253909826,-1.53162544593215,1.26078065639366,-1.25528790202521,1.25803427920944,
16430,16430,2,5479.539,3,33.2442296928062,30.0638449296656,1.56972967088223,-1.53285767883062,1.26151370040387,-1.25569004711936,1.25860187376162,
16440,16440,2,5482.872,3,33.2442341631548,30.0638739869311,1.56878940761089,-1.53173012658954,1.26110056570316,-1.25489981990216,1.25800019280266,
16450,16450,2,5486.205,3,33.2438899463174,30.0635722384048,1.5678521245718,-1.53093822300434,1.260263958621,-1.25590834913435,1.25808615387767,
16460,16460,2,5489.539,3,33.2441179340928,30.0639745697731,1.56882889568806,-1.53432553634048,1.26164175725993,-1.2560899570393,1.25886585714961,
16470,16470,2,5492.872,3,33.2443213349512,30.0634761259113,1.56810488551855,-1.53032876551151,1.26107560625776,-1.2555495105406,1.25831255839918,
16480,16480,2,5496.205,3,33.2445247358097,30.0646115944397,1.56884118914604,-1.53157887980342,1.2611109033839,-1.25543859002019,1.25827474670205,
16490,16490,2,5499.539,3,33.2443906253536,30.0638136372258,1.56863890588284,-1.53110530227423,1.26168189726354,-1.25558415574093,1.25863302650224,
16500,16500,2,5502.872,3,33.2438564187034,30.0634873017826,1.57084055244923,-1.53378043323755,1.26202574156359,-1.25598024723826,1.25900299440092,
16510,16510,2,5506.205,3,33.2422113304418,30.064356784573,1.56631488353014,-1.53215192258358,1.25983853046211,-1.25504296418417,1.25744074732314,
16520,16520,2,5509.539,3,33.2433222120532,30.0636258825873,1.56826283782721,-1.53242023661733,1.2604949266232,-1.25574778911991,1.25812135787155,
16530,16530,2,5512.872,3,33.2431322222404,30.0634269520774,1.56800094991922,-1.53221385553479,1.26110447725804,-1.25574937236831,1.25842692481318,
16540,16540,2,5516.205,3,33.2414647822361,30.0636504695042,1.56545992940664,-1.53099987655878,1.25845877604574,-1.25543579605242,1.25694728604908,
16550,16550,2,5519.539,3,33.2422895615412,30.0635632977077,1.56615134328604,-1.53184439986944,1.2599013947369,-1.25578317937831,1.25784228705761,
16560,16560,2,5522.872,3,33.2430584614896,30.063599060496,1.56631767749786,-1.53219420462847,1.26150615669089,-1.25522857677626,1.25836736673358,
16570,16570,2,5526.205,3,33.2428282385399,30.0643836066643,1.56786553561687,-1.53248468413949,1.2604554385454,-1.25583300513685,1.25814422184113,
16580,16580,2,5529.539,3,33.2432395106053,30.0639633939018,1.56907793134451,-1.53207955881953,1.26197628833408,-1.25523509603438,1.25860569218423,
16590,16590,2,5532.872,3,33.2424594347856,30.0636862322925,1.56945046037436,-1.53227597475052,1.26104189238002,-1.25465208809335,1.25784699023668,
16600,16600,2,5536.205,3,33.2426494245984,30.0647591159414,1.56728215515614,-1.53106199577451,1.26059178417251,-1.25513656210441,1.25786417313846,
16610,16610,2,5539.539,3,33.2423163836324,30.0634627148657,1.5666700899601,-1.53304310515523,1.26143453798376,-1.25544613373317,1.25844033585846,
16620,16620,2,5542.872,3,33.2432640975223,30.0628525122904,1.56790241599083,-1.53146497905254,1.26079956224223,-1.25572338846807,1.25826147535515,
16630,16630,2,5546.205,3,33.2419408743553,30.0642785534736,1.56799461692572,-1.53205273672938,1.26023247991747,-1.2548602386921,1.25754635930479,
16640,16640,2,5549.539,3,33.2422448580558,30.0643590197473,1.56679060310125,-1.53239201754332,1.26021031443984,-1.25465069110946,1.25743050277465,
16650,16650,2,5552.872,3,33.2428505902826,30.0637465819978,1.57083887606859,-1.53247443959117,1.2613459692055,-1.2552461787732,1.25829607398935,
16660,16660,2,5556.205,3,33.2431813960743,30.0633263692353,1.56765058636665,-1.53276128694415,1.26046829079714,-1.25606015471644,1.25826422275679,
16670,16670,2,5559.539,3,33.242653894947,30.0639477476819,1.56773645430803,-1.53079694136977,1.2607041016768,-1.25511048507191,1.25790729337435,
16680,16680,2,5562.872,3,33.2429578786475,30.0630849704143,1.56985390931368,-1.53382914140821,1.26092482513052,-1.25476477812668,1.2578448016286,
16690,16690,2,5566.205,3,33.2415184264186,30.0636884674668,1.56604591757059,-1.5315187163651,1.260115785197,-1.25517418753703,1.25764498636702,
16700,16700,2,5569.539,3,33.243686545459,30.0631319090739,1.57021787017584,-1.53362890705466,1.26111807456784,-1.25530168559953,1.25820988008369,
16710,16710,2,5572.872,3,33.2423454408979,30.0640662119181,1.57023742794991,-1.53250228613615,1.26116063601018,-1.2544035180942,1.25778207705219,
16720,16720,2,5576.205,3,33.2428349440627,30.0635722384048,1.56842283904552,-1.53112467378378,1.2603617474929,-1.2547801449494,1.25757094622115,
16730,16730,2,5579.539,3,33.2426360135528,30.0635968253218,1.56879611313343,-1.5353586524725,1.26175388849971,-1.25571686920994,1.25873537885482,
16740,16740,2,5582.872,3,33.2422761504956,30.0631676718622,1.56732425093651,-1.52997896075249,1.259702184835,-1.25457078363128,1.25713648423314,
16750,16750,2,5586.205,3,33.2415541892069,30.0628055736307,1.56857874244452,-1.53278727084398,1.25957841206285,-1.25614918915599,1.25786380060942,
16760,16760,2,5589.539,3,33.24226273945,30.062566409984,1.56744625419378,-1.53302531689405,1.26130731931803,-1.25589521748583,1.25860126840193,
16770,16770,2,5592.872,3,33.2426427190756,30.063348720978,1.56904123723507,-1.53257912024856,1.2616654128537,-1.25514578219805,1.25840559752588,
16780,16780,2,5596.205,3,33.2420481627202,30.062874864033,1.56912133097649,-1.53092136606574,1.26012612287775,-1.25518201064678,1.25765406676226,
16790,16790,2,5599.539,3,33.2419744019693,30.0633218988867,1.56788360327482,-1.53210936114192,1.26092268308856,-1.25518079992741,1.25805174150799,
16800,16800,2,5602.872,3,33.2416480665261,30.063174377385,1.56741347163916,-1.53386108577251,1.2612216376398,-1.25499742250954,1.25810953007467,
16810,16810,2,5606.205,3,33.2417754714594,30.0626513466062,1.56631395220757,-1.53171829879284,1.26028156061794,-1.25621689630825,1.2582492284631,
16820,16820,2,5609.539,3,33.2413753752654,30.0623943015653,1.56724229454994,-1.53324054554105,1.2602385335143,-1.25530634221248,1.25777243786339,
16830,16830,2,5612.872,3,33.2401125018037,30.0627452239255,1.5658350661397,-1.53174204751849,1.2601620719297,-1.25512818020111,1.25764512606541,
16840,16840,2,5616.205,3,33.2400968555838,30.0631006166342,1.56783778220415,-1.53275085613132,1.25979988057464,-1.25551439967898,1.25765714012681,
16850,16850,2,5619.539,3,33.2410848026105,30.0629530951324,1.56694166362286,-1.53224896639585,1.26120794719773,-1.25512054335587,1.2581642452768,
16860,16860,2,5622.872,3,33.2413932566595,30.0625552341126,1.57025475054979,-1.53239695355296,1.26041529854179,-1.2550240583356,1.2577196784387,
16870,16870,2,5626.205,3,33.2407852892585,30.0629933282693,1.56744215637445,-1.53095321729779,1.26015117545541,-1.25549307239168,1.25782212392354,
16880,16880,2,5629.539,3,33.2425063734452,30.0625217064986,1.57094858586788,-1.5334133990109,1.26161642528549,-1.25575384271674,1.25868513400112,
16890,16890,2,5632.872,3,33.2408322279181,30.0617125734134,1.56891848891973,-1.53334140777588,1.26086941143644,-1.25590536890206,1.25838739016925,
16900,16900,2,5636.205,3,33.2415206615928,30.0623697146484,1.5660248696804,-1.53152653947473,1.26005338658351,-1.25571072248085,1.25788205453218,
16910,16910,2,5639.539,3,33.241779941808,30.0626044079466,1.56692750751972,-1.53283383697271,1.26075029527724,-1.25542825233945,1.25808927380835,
16920,16920,2,5642.872,3,33.2398845140283,30.062682639046,1.56432408839464,-1.53148295357823,1.26024020989496,-1.25540506240697,1.25782263615097,
16930,16930,2,5646.205,3,33.2423767333377,30.0629598006552,1.56895946711302,-1.53235858306289,1.26073287954482,-1.25522559654397,1.25797923804439,
16940,16940,2,5649.539,3,33.2416815941402,30.062450180922,1.5700351446867,-1.53298079967499,1.26069246014443,-1.25584352908211,1.25826799461327,
16950,16950,2,5652.872,3,33.2410468046479,30.0619383260145,1.56931821256876,-1.53200775384903,1.26053245892355,-1.2561029024233,1.25831768067342,
16960,16960,2,5656.205,3,33.239307839067,30.0626602873033,1.567243039608,-1.53198940679431,1.2588028066103,-1.25566601899655,1.25723441280343,
16970,16970,2,5659.539,3,33.2400521520984,30.0617706879444,1.56601499766111,-1.53221115469933,1.26051476379435,-1.25596478728327,1.25823977553881,
16980,16980,2,5662.872,3,33.2417128865799,30.0623786553454,1.56673118472099,-1.53258824720979,1.26157712347222,-1.25532645878042,1.25845179112632,
16990,16990,2,5666.205,3,33.2418939356957,30.062566409984,1.56546235084534,-1.53159163892269,1.26010442306141,-1.255777312046,1.25794086755371,
17000,17000,2,5669.539,3,33.2408635203579,30.0628212198506,1.56626533716917,-1.53168980032206,1.26016030241678,-1.25495057698329,1.25755543970004,
17010,17010,2,5672.872,3,33.2419945185378,30.0630715593687,1.56458895653486,-1.53163438662887,1.26181004725185,-1.25489022727949,1.25835013726567,
17020,17020,2,5676.205,3,33.2422068600933,30.0626468762577,1.571199670434,-1.53326382860541,1.26173917360279,-1.25597736013823,1.25885826687051,
17030,17030,2,5679.539,3,33.2430092876556,30.0629396840868,1.56898032873869,-1.53218703344464,1.26235375337961,-1.25531817000937,1.25883596169449,
17040,17040,2,5682.872,3,33.2421688621307,30.0630380317546,1.56784690916538,-1.53292547911406,1.26162806681786,-1.25555621606325,1.25859214144056,
17050,17050,2,5686.205,3,33.2418425266875,30.0631855532564,1.56582947820425,-1.53269181028008,1.26074899142562,-1.25559775305074,1.25817337223818,
17060,17060,2,5689.539,3,33.2415810112981,30.062233369018,1.56852249056101,-1.53178675100207,1.26093097185961,-1.25524925213774,1.25809011199868,
17070,17070,2,5692.872,3,33.241272557249,30.0631877884306,1.56527664512396,-1.53252659365535,1.26124166107547,-1.25546969619468,1.25835567863508,
17080,17080,2,5696.205,3,33.2416167740864,30.0625015899302,1.56792663037777,-1.53196519240737,1.25992607478552,-1.25533474755146,1.25763041116849,
17090,17090,2,5699.539,3,33.2417285327998,30.0625105306273,1.5673266723752,-1.53257520869374,1.26079453310024,-1.25531481724805,1.25805467517415,
17100,17100,2,5702.872,3,33.2420772199857,30.0623674794741,1.5649726614356,-1.53198353946209,1.26114722496489,-1.25492580380241,1.25803651438365,
17110,17110,2,5706.205,3,33.2419498150524,30.0629195675184,1.56657602638006,-1.53199201449752,1.26124762154004,-1.25550247874983,1.25837505014494,
17120,17120,2,5709.539,3,33.241055745345,30.062059025425,1.56873427331448,-1.53330126777291,1.26122787750115,-1.25590443757947,1.25856615754031,
17130,17130,2,5712.872,3,33.2423163836324,30.0625440582413,1.5680568292737,-1.53356408700347,1.26197265617598,-1.25601181907404,1.25899223762501,
17140,17140,2,5716.205,3,33.241755354891,30.0624993547559,1.5661608427763,-1.53242740780115,1.26075774585796,-1.25566052419327,1.25820913502562,
17150,17150,2,5719.539,3,33.2423588519435,30.061875741135,1.56744029372931,-1.53123578056693,1.26120422190737,-1.25551132631443,1.2583577741109,
17160,17160,2,5722.872,3,33.2414871339788,30.0620724364707,1.56587213277817,-1.53500232845545,1.26119788891376,-1.25575542596515,1.25847665743946,
17170,17170,2,5726.205,3,33.2420146351062,30.0615315242977,1.56879182904959,-1.53136001899838,1.26009501670326,-1.25590676588594,1.2580008912946,
17180,17180,2,5729.539,3,33.2415273671156,30.0622981890718,1.56609993427992,-1.53291709721088,1.26113474524219,-1.25511225458483,1.25812349991351,
17190,17190,2,5732.872,3,33.2425734286733,30.0625619396355,1.56824197620153,-1.53267690911889,1.26167602993122,-1.25529907789628,1.25848755391375,
17200,17200,2,5736.205,3,33.2418291156419,30.0629843875722,1.56766418367624,-1.53115531429648,1.26008132626119,-1.2551697171886,1.2576255217249,
17210,17210,2,5739.539,3,33.2408232872211,30.0621819600098,1.56833752989769,-1.53159210458398,1.2611748852458,-1.25559458655394,1.25838473589987,
17220,17220,2,5742.872,3,33.2417508845425,30.0623048945946,1.56581066548824,-1.53159536421299,1.26153325817825,-1.25574294624245,1.25863810221035,
17230,17230,2,5746.205,3,33.2418112342477,30.0624278291793,1.56833436340094,-1.53141543269157,1.26015080292637,-1.2554095327554,1.25778016784089,
17240,17240,2,5749.539,3,33.2416726534431,30.062416653308,1.56716238707304,-1.53300268575549,1.26150969571673,-1.25639906300676,1.25895437936175,
17250,17250,2,5752.872,3,33.241239029635,30.0619047984005,1.56685709953308,-1.53292343020439,1.2614063189093,-1.25589018834385,1.25864825362657,
17260,17260,2,5756.205,3,33.2419676964465,30.062383125694,1.56660322099924,-1.53090339154005,1.26011839290026,-1.25594196987983,1.25803018139004,
17270,17270,2,5759.539,3,33.2426047211131,30.0619606777572,1.5681428834796,-1.53410714119673,1.2612341173625,-1.25582713780454,1.25853062758352,
17280,17280,2,5762.872,3,33.2426360135528,30.0620970233876,1.56770348548889,-1.53100686147809,1.26211272709345,-1.25608874631993,1.25910073670669,
17290,17290,2,5766.205,3,33.2411943261496,30.062416653308,1.56710017472506,-1.53146693482995,1.26047294741008,-1.25572292280677,1.25809793510843,
17300,17300,2,5769.539,3,33.2426673059926,30.0620187922882,1.56762730330229,-1.53289381414652,1.2622178734138,-1.25571463403573,1.25896625372476,
17310,17310,2,5772.872,3,33.2424750810055,30.0624255940051,1.57114621251822,-1.53223425149918,1.26218192436185,-1.2555567748568,1.25886934960933,
17320,17320,2,5776.205,3,33.2418447618618,30.062416653308,1.56666487455368,-1.52976475656033,1.25996407274717,-1.25503411661957,1.25749909468337,
17330,17330,2,5779.539,3,33.2431590443316,30.0624702974904,1.56936980783939,-1.53387514874339,1.26114405846809,-1.25573838276176,1.25844122061492,
17340,17340,2,5782.872,3,33.242513078968,30.0629620358295,1.56831666827202,-1.53231443837285,1.26224842079474,-1.255686321829,1.25896737131187,
17350,17350,2,5786.205,3,33.2409037534947,30.0611604853691,1.56525708734989,-1.53080439195037,1.26055937414639,-1.25589661446972,1.25822799430805,
17360,17360,2,5789.539,3,33.2407405857731,30.0627899274108,1.56502146273851,-1.53131652623415,1.26014502872632,-1.2558433428176,1.25799418577196,
17370,17370,2,5792.872,3,33.2403047267908,30.0620299681596,1.56903229653835,-1.53219234198332,1.26041464661598,-1.25573577505851,1.25807521083724,
17380,17380,2,5796.205,3,33.2412949089917,30.0625708803325,1.56639944761992,-1.53202842921019,1.25956025127236,-1.25669103263857,1.25812564195547,
17390,17390,2,5799.539,3,33.24151395607,30.0630000337921,1.56810916960239,-1.53370331972837,1.26060165619196,-1.25544762384931,1.25802464002063,
17400,17400,2,5802.872,3,33.2404142503299,30.0623071297688,1.56845264136791,-1.53167583048344,1.26111323169038,-1.25587407646305,1.25849365407671,
17410,17410,2,5806.205,3,33.2409618680257,30.0620925530391,1.56757775694132,-1.53246261179447,1.2604345769194,-1.25529209297686,1.25786333494813,
17420,17420,2,5809.539,3,33.2419207577869,30.062383125694,1.56674720346928,-1.53008345514536,1.26106238147699,-1.25538801920358,1.25822520034029,
17430,17430,2,5812.872,3,33.2405908290972,30.061933855666,1.56567692756653,-1.53175024315715,1.26082917830057,-1.25476561631701,1.25779739730879,
17440,17440,2,5816.205,3,33.2411540930128,30.0619427963631,1.56761687248945,-1.52941606938839,1.26092231055953,-1.25535523664843,1.25813877360398,
17450,17450,2,5819.539,3,33.2412457351578,30.0613392993106,1.56949944794178,-1.53344450518489,1.26173786975117,-1.25661699249271,1.25917743112194,
17460,17460,2,5822.872,3,33.2417128865799,30.0622199579724,1.56739205121994,-1.53156807646155,1.2614916280585,-1.2554501384203,1.2584708832394,
17470,17470,2,5826.205,3,33.241239029635,30.0618802114836,1.56537592411041,-1.53131522238255,1.2603379056346,-1.25561293360895,1.25797541962178,
17480,17480,2,5829.539,3,33.2395894710249,30.0624390050507,1.56547222286463,-1.53090246021748,1.26075234418694,-1.25490214820863,1.25782724619779,
17490,17490,2,5832.872,3,33.2412837331204,30.0624546512706,1.56901869922876,-1.53092592954636,1.26091430118526,-1.2544305264493,1.25767241381728,
17500,17500,2,5836.205,3,33.2403673116703,30.0618332728239,1.56618356704712,-1.53026208281517,1.25966260362495,-1.25548739132388,1.25757499747441,
17510,17510,2,5839.539,3,33.2411607985356,30.0619092687491,1.56681817024946,-1.53135694563389,1.26109637475151,-1.25508450117166,1.25809043796158,
17520,17520,2,5842.872,3,33.2411160950502,30.0623361870343,1.56763829290867,-1.53197674080729,1.26150736741026,-1.25542760041364,1.25846748391195,
17530,17530,2,5846.205,3,33.2408523444866,30.0623943015653,1.56869292259216,-1.52974063530564,1.26062736069543,-1.254937165938,1.25778226331671,
17540,17540,2,5849.539,3,33.2400946204096,30.0625731155068,1.56706888228655,-1.53082171455026,1.26134699366035,-1.25492617633144,1.25813658499589,
17550,17550,2,5852.872,3,33.2407428209474,30.0630626186716,1.56841780990362,-1.52935218065977,1.25952001813649,-1.25430442537068,1.25691222175359,
17560,17560,2,5856.205,3,33.2408590500094,30.0619092687491,1.56567916274071,-1.53218600898981,1.26057632421752,-1.25565065217383,1.25811348819567,
17570,17570,2,5859.539,3,33.2415899519952,30.0632749602271,1.56695060431957,-1.53067894279957,1.26105791112856,-1.25524496805383,1.2581514395912,
17580,17580,2,5862.872,3,33.2412837331204,30.0621238454788,1.56872831285,-1.53047479689121,1.26066731443452,-1.25527281459926,1.25797006451689,
17590,17590,2,5866.205,3,33.2415854816466,30.0622378393665,1.56977921724319,-1.53039405122399,1.26020565782689,-1.25514140498188,1.25767353140439,
17600,17600,2,5869.539,3,33.2420816903342,30.0625440582413,1.56908966600895,-1.53173999860883,1.26022484307224,-1.25491462793133,1.25756973550178,
17610,17610,2,5872.872,3,33.2424326126944,30.0628301605477,1.56826768070459,-1.53067382052541,1.26171887077034,-1.25456826906029,1.25814356991531,
17620,17620,2,5876.205,3,33.2415877168209,30.0628502771161,1.56754925847054,-1.53068425133824,1.26018349234926,-1.25566061732553,1.2579220548374,
17630,17630,2,5879.539,3,33.2420906310313,30.0626222893407,1.56713891774416,-1.53261749073863,1.26124669021745,-1.25450819875327,1.25787744448536,
17640,17640,2,5882.872,3,33.2412524406806,30.0635588273592,1.56654641032219,-1.52944037690759,1.2607274778738,-1.25457786168296,1.25765266977838,
17650,17650,2,5886.205,3,33.2415698354267,30.0634783610855,1.57021339982748,-1.53134446591139,1.26135127774426,-1.25452822218894,1.2579397499666,
17660,17660,2,5889.539,3,33.2408612851836,30.0614912911609,1.56550072133541,-1.53006818145514,1.26183295778756,-1.2547275252231,1.25828024150533,
17670,17670,2,5892.872,3,33.2416614775718,30.0634694203885,1.57108437269926,-1.5298749320209,1.26156846217213,-1.25451276223395,1.25804061220304,
17680,17680,2,5896.205,3,33.2411384467929,30.0623563036028,1.56678073108196,-1.53138050809503,1.2615462966945,-1.25537293177763,1.25845961423607,
17690,17690,2,5899.539,3,33.2414379601449,30.0618578597409,1.56885143369436,-1.52923865243793,1.26104235804131,-1.25532953214496,1.25818594509314,
17700,17700,2,5902.872,3,33.2418492322103,30.0624881788846,1.56656485050917,-1.53319034725428,1.26134820437971,-1.25546792668176,1.25840806553074,
17710,17710,2,5906.205,3,33.2410266880795,30.0628949806015,1.56489498913288,-1.52965821325779,1.26028863866962,-1.25510173063956,1.25769518465459,
17720,17720,2,5909.539,3,33.2414893691531,30.0621841951841,1.56688708811998,-1.53025034815073,1.26082619806829,-1.25444030533649,1.25763325170239,
17730,17730,2,5912.872,3,33.2426248376815,30.0627027556144,1.56775750219822,-1.53130255639553,1.2611914627879,-1.2546703420161,1.257930902402,
17740,17740,2,5916.205,3,33.2416346554805,30.0627251073571,1.5685211867094,-1.53091438114643,1.26063183104386,-1.25536129024526,1.25799656064456,
17750,17750,2,5919.539,3,33.2424639051341,30.062991093095,1.5666414052248,-1.53004312887788,1.26123989156255,-1.25427154968327,1.25775572062291,
17760,17760,2,5922.872,3,33.2414200787508,30.0625261768472,1.56642775982618,-1.53059735894203,1.25995345566965,-1.25519486289852,1.25757415928408,
17770,17770,2,5926.205,3,33.2408948127977,30.062774281191,1.56839117407799,-1.52995362877846,1.26018488933315,-1.25466913129673,1.25742701031494,
17780,17780,2,5929.539,3,33.2406444732796,30.0626155838179,1.56811214983463,-1.53105799108744,1.26165032542775,-1.25491388287326,1.25828210415051,
17790,17790,2,5932.872,3,33.24021531982,30.0626446410834,1.56955812126398,-1.53067773208022,1.26040645097719,-1.25516301166596,1.25778473132157,
17800,17800,2,5936.205,3,33.2399850968704,30.0629530951324,1.56572517007589,-1.52886202558875,1.26053888504942,-1.25528622564455,1.25791255534698,
17810,17810,2,5939.539,3,33.2406198863626,30.062599937598,1.5664903447032,-1.53078334406018,1.26080505704551,-1.25465776916114,1.25773141310332,
17820,17820,2,5942.872,3,33.2410445694737,30.0625261768472,1.56545788049698,-1.53123158961535,1.2604429588227,-1.25514689978516,1.25779492930393,
17830,17830,2,5946.205,3,33.24133067178,30.062807808805,1.56638398766518,-1.5291434712708,1.26025930200805,-1.25458978261211,1.25742454231008,
17840,17840,2,5949.539,3,33.2412099723695,30.0630782648915,1.56640149652958,-1.53002478182316,1.261215956572,-1.25438740621341,1.2578016813927,
17850,17850,2,5952.872,3,33.2410423342994,30.0638471648398,1.56680420041084,-1.53196305036545,1.26110699182903,-1.25480575632062,1.25795637407482,
17860,17860,2,5956.205,3,33.2409149293661,30.0634358927744,1.5648178756237,-1.52905844151974,1.26075877031281,-1.25510117184601,1.25792997107941,
17870,17870,2,5959.539,3,33.2413262014315,30.0630402669289,1.56728699803352,-1.53018366545439,1.26108529201269,-1.25481208931423,1.25794869066346,
17880,17880,2,5962.872,3,33.2409663383743,30.0639142200679,1.56488381326199,-1.52955846861005,1.2609153256401,-1.25453474144707,1.25772503354359,
17890,17890,2,5966.205,3,33.2409417514573,30.0640863284866,1.56844612210989,-1.5287940390408,1.26050917585882,-1.25454675550847,1.25752796568364,
17900,17900,2,5969.539,3,33.2403002564422,30.063257078833,1.56858321279287,-1.53198493644595,1.26153763539442,-1.25518918183072,1.25836340861257,
17910,17910,2,5972.872,3,33.240872461055,30.0628100439793,1.5678633004427,-1.52942351996899,1.26143817014186,-1.25540292036501,1.25842054525344,
17920,17920,2,5976.205,3,33.2413977270081,30.0624390050507,1.56579148024321,-1.5291347168386,1.25994051028566,-1.25478368397525,1.25736209713045,
17930,17930,2,5979.539,3,33.2420101647576,30.0636437639814,1.56621802598238,-1.5291715040803,1.26139635375759,-1.2545637055796,1.2579800296686,
17940,17940,2,5982.872,3,33.2418492322103,30.0633129581897,1.5673965215683,-1.53015404939651,1.26127137026608,-1.2547452203523,1.25800829530919,
17950,17950,2,5986.205,3,33.2416033630408,30.0643344328304,1.56524665653706,-1.52690904214978,1.2592459298984,-1.2534478879851,1.25634690894175,
17960,17960,2,5989.539,3,33.2413574938712,30.0635208293966,1.56665220856667,-1.53089547529817,1.2608980961722,-1.25445427517533,1.25767618567377,
17970,17970,2,5992.872,3,33.2416212444349,30.0630514428003,1.56602598726749,-1.52872679755092,1.25978367556158,-1.25470927130034,1.25724647343096,
17980,17980,2,5996.205,3,33.2402488474341,30.0636795267697,1.56682226806879,-1.52824800461531,1.25952821377528,-1.2555073216273,1.25751776770129,
17990,17990,2,5999.539,3,33.2408389334409,30.0639857456445,1.5657177194953,-1.53075782582164,1.25991927613062,-1.25454796622784,1.25723362117923,
18000,18000,2,6002.872,3,33.2405528311346,30.063806931703,1.56757459044456,-1.52902314439416,1.26026442428229,-1.25433152685803,1.25729797557016,
18010,18010,2,6006.205,3,33.2397280518295,30.0639097497194,1.56552139669657,-1.52897136285901,1.25909971225184,-1.25390684375722,1.25650327800453,
18020,18020,2,6009.539,3,33.2421018069026,30.0634940073054,1.56450942158699,-1.5305632725358,1.26085078498465,-1.2539440966608,1.25739744082272,
18030,18030,2,6012.872,3,33.2418872301729,30.0636996433381,1.56730972230434,-1.53090283274651,1.26069851374127,-1.25465683783855,1.25767767578991,
18040,18040,2,6016.205,3,33.241871583953,30.06326601953,1.56771373003721,-1.52969378978014,1.26064030607942,-1.25469502206472,1.25766766407207,
18050,18050,2,6019.539,3,33.2428550606311,30.06401480291,1.56893450766802,-1.52811650186777,1.26152841530078,-1.2533573634294,1.25744288936509,
18060,18060,2,6022.872,3,33.2423968499061,30.0647658214642,1.56695116311312,-1.52762839570642,1.26144310615158,-1.25405967379415,1.25775138997287,
18070,18070,2,6026.205,3,33.2422985022383,30.06438137149,1.57105829566717,-1.5274915844202,1.26022791643678,-1.25370968276501,1.2569687996009,
18080,18080,2,6029.539,3,33.2431858664229,30.0639723345989,1.56680997461081,-1.53031926602125,1.26105325451561,-1.25466503347734,1.25785914399648,
18090,18090,2,6032.872,3,33.2429131751621,30.064589242697,1.57129652798176,-1.52700860053301,1.26195021130158,-1.2538084029595,1.25787930713054,
18100,18100,2,6036.205,3,33.2425823693704,30.0648731098291,1.56665612012148,-1.52830174192786,1.26033911635397,-1.25399382928708,1.25716647282052,
18110,18110,2,6039.539,3,33.2425399010593,30.0639790401217,1.56682953238487,-1.52851138263941,1.26158829934329,-1.25420309747294,1.25789569840811,
18120,18120,2,6042.872,3,33.2429489379504,30.065013925808,1.57031621783972,-1.52954924851656,1.26083318298771,-1.25378474736573,1.25730896517672,
18130,18130,2,6046.205,3,33.2439346498028,30.063990215993,1.56797878444195,-1.52886230498552,1.26077180882906,-1.25365557292256,1.25721369087581,
18140,18140,2,6049.539,3,33.2435814922684,30.0633978948119,1.5700863674283,-1.5301707200706,1.26181917421323,-1.2538229315919,1.25782105290257,
18150,18150,2,6052.872,3,33.2432149236883,30.0631229683768,1.56806576997042,-1.52853475883603,1.26121055490098,-1.25443881522035,1.25782468506066,
18160,18160,2,6056.205,3,33.2424728458312,30.0652642653261,1.56892351806164,-1.52825154364109,1.26016924311364,-1.25392705345741,1.25704814828553,
18170,18170,2,6059.539,3,33.2428327088884,30.0646786496677,1.56830493360758,-1.52886249125004,1.26148929975202,-1.25298418246778,1.2572367411099,
18180,18180,2,6062.872,3,33.2423409705494,30.06401480291,1.56830046325922,-1.52934454381466,1.26141209310935,-1.25467863078715,1.25804536194825,
18190,18190,2,6066.205,3,33.241180915104,30.0643500790502,1.56731195747852,-1.52932517230511,1.26009082575161,-1.25409161815898,1.25709122195529,
18200,18200,2,6069.539,3,33.2417307679741,30.0641198561006,1.56692136079073,-1.52909094467759,1.26088440573013,-1.25397706548046,1.2574307356053,
18210,18210,2,6072.872,3,33.2421822731763,30.0639611587275,1.56996008008718,-1.52757558971643,1.26132231361172,-1.25421585659242,1.25776908510207,
18220,18220,2,6076.205,3,33.2408746962292,30.0641533837146,1.56859122216702,-1.527289301157,1.26020193253654,-1.25401059309369,1.25710626281511,
18230,18230,2,6079.539,3,33.242779064706,30.0645512447344,1.56767796725035,-1.52824968099594,1.26181852228742,-1.25380179056912,1.25781015642827,
18240,18240,2,6082.872,3,33.2423409705494,30.0643210217848,1.57130807638168,-1.52950566262007,1.26154620356224,-1.25427527497363,1.25791073926794,
18250,18250,2,6086.205,3,33.2434406762895,30.0645445392116,1.57087948173285,-1.52674270793796,1.26109227693211,-1.2536096587189,1.25735096782551,
18260,18260,2,6089.539,3,33.2424929623996,30.0647099421075,1.56928859651089,-1.52890663594007,1.2614167497223,-1.25399494687418,1.25770584829824,
18270,18270,2,6092.872,3,33.241663712746,30.0658163533704,1.56965609639883,-1.5269348397851,1.26181433133576,-1.25410214210424,1.25795823672,
18280,18280,2,6096.205,3,33.2418447618618,30.0649826333682,1.5676848590374,-1.52683053165674,1.26063155164708,-1.25407038400393,1.25735096782551,
18290,18290,2,6099.539,3,33.242571193499,30.0651100383015,1.56716946512461,-1.52534618973732,1.26144990480649,-1.25315033041775,1.25730011761212,
18300,18300,2,6102.872,3,33.2431210463691,30.065796236802,1.56809315085411,-1.52598842978477,1.26172650761557,-1.25354167216987,1.25763408989272,
18310,18310,2,6106.205,3,33.2415765409496,30.0639723345989,1.5655554831028,-1.52800958603621,1.26030242224394,-1.25420011724065,1.2572512697423,
18320,18320,2,6109.539,3,33.2434160893725,30.0658275292417,1.56789608299732,-1.52727169916034,1.26195263274031,-1.25339107730714,1.25767185502372,
18330,18330,2,6112.872,3,33.2432059829913,30.0655861304207,1.57019533216953,-1.52660459280014,1.26160226918213,-1.25311112173673,1.25735669545943,
18340,18340,2,6116.205,3,33.2425399010593,30.06549672345,1.5690615400672,-1.5270815230906,1.26052612592995,-1.25383895034044,1.25718253813519,
18350,18350,2,6119.539,3,33.2434384411152,30.0649826333682,1.56766213476658,-1.52801033109426,1.26156781024632,-1.25296536975147,1.2572665899989,
18360,18360,2,6122.872,3,33.243503261169,30.0655570731552,1.56805459409952,-1.52707928791642,1.26207873381893,-1.25356309258942,1.25782091320418,
18370,18370,2,6126.205,3,33.2438653594005,30.0651033327787,1.56833752989769,-1.52995521202683,1.26140641204156,-1.25419061775024,1.2577985148959,
18380,18380,2,6129.539,3,33.2425980155902,30.0643858418385,1.56828071922064,-1.52807533740997,1.26141069612547,-1.25387424746658,1.25764247179603,
18390,18390,2,6132.872,3,33.2419431095296,30.065163682484,1.5689592808485,-1.52697172015905,1.26049101506832,-1.25402586678416,1.25725844092624,
18400,18400,2,6136.205,3,33.2418000583764,30.0660041080089,1.56527869403362,-1.52718825265765,1.25975908864522,-1.25328229882869,1.25652069373695,
18410,18410,2,6139.539,3,33.2427589481376,30.0658945844698,1.56754590570927,-1.52762793004513,1.26071769898661,-1.25378279158829,1.25725024528745,
18420,18420,2,6142.872,3,33.243628430928,30.0656621263458,1.56874880194664,-1.52714904397726,1.26066936334421,-1.25424603144432,1.25745769739427,
18430,18430,2,6146.205,3,33.2434227948953,30.0663773821118,1.56802628189325,-1.52535615488887,1.26013329406169,-1.25355145105706,1.25684237255937,
18440,18440,2,6149.539,3,33.2440017050309,30.0656576559973,1.56835857778788,-1.52801163494587,1.26159491173368,-1.25406908015231,1.25783199594299,
18450,18450,2,6152.872,3,33.2435099666918,30.0663326786264,1.57020967453718,-1.5276100486517,1.26147849640999,-1.25337384783923,1.25742617212461,
18460,18460,2,6156.205,3,33.2438541835291,30.0659571693493,1.56967621296644,-1.52718536555767,1.26124585202712,-1.25324774676061,1.25724679939387,
18470,18470,2,6159.539,3,33.244144756184,30.0660890446311,1.56867578625679,-1.52690932154655,1.26144832155809,-1.25337636241023,1.25741234198416,
18480,18480,2,6162.872,3,33.2431881015971,30.06586329203,1.56994313001633,-1.52675230056047,1.2619816900051,-1.25310059779147,1.25754114389829,
18490,18490,2,6166.205,3,33.243894416666,30.0653559074711,1.56882852315903,-1.52619183063507,1.26154275766866,-1.25398721689669,1.25776498728268,
18500,18500,2,6169.539,3,33.242537665885,30.0661896274732,1.56833119690418,-1.52711663395166,1.261002683699,-1.25370679566499,1.25735473968199,
18510,18510,2,6172.872,3,33.2432640975223,30.0664354966427,1.56782940030098,-1.52628198266029,1.26230606966303,-1.25366898396785,1.25798752681544,
18520,18520,2,6176.205,3,33.2433043306591,30.0656196580347,1.56822130084038,-1.52576742693782,1.2614698351099,-1.25430721933845,1.25788852722418,
18530,18530,2,6179.539,3,33.243778187604,30.065921406561,1.57060492783785,-1.52786066755652,1.26188138656221,-1.25378269845603,1.25783204250912,
18540,18540,2,6182.872,3,33.2430383449211,30.0654676661845,1.57069526612759,-1.5250357799232,1.26114908761007,-1.2539742715127,1.25756167956138,
18550,18550,2,6186.205,3,33.2431098704977,30.0654542551389,1.56825762242079,-1.52762029320002,1.26046652128422,-1.25366963589367,1.25706807858894,
18560,18560,2,6189.539,3,33.2435926681397,30.067128400666,1.57003831118345,-1.52650270611048,1.26145959056142,-1.25297635935803,1.25721797495972,
18570,18570,2,6192.872,3,33.244560498598,30.0669272349818,1.57073773443699,-1.52507545426488,1.2620243445797,-1.2532278164572,1.25762608051845,
18580,18580,2,6196.205,3,33.2440687602589,30.0670322881724,1.56723633408546,-1.5264593064785,1.26087937658815,-1.25297496237414,1.25692716948115,
18590,18590,2,6199.539,3,33.2441782837981,30.0674592064577,1.57003700733185,-1.52832977473736,1.26218136556829,-1.2530415519393,1.25761145875379,
18600,18600,2,6202.872,3,33.2431411629375,30.0669093535877,1.57150216400623,-1.52589352801442,1.26142736679982,-1.25316811867921,1.25729774273952,
18610,18610,2,6206.205,3,33.2430271690498,30.0660622225399,1.56747344881296,-1.52521636337042,1.26034386609918,-1.25341808566224,1.25688097588071,
18620,18620,2,6209.539,3,33.2427567129633,30.065796236802,1.56450849026442,-1.52625096961856,1.26065474157956,-1.25327075042858,1.25696274600407,
18630,18630,2,6212.872,3,33.2429422324276,30.0667819486543,1.56868360936642,-1.52437193319201,1.26148883409073,-1.25397687921595,1.25773285665334,
18640,18640,2,6216.205,3,33.2428885882452,30.0662365661328,1.56805608421564,-1.52726983651519,1.26097679293101,-1.25356970497981,1.25727324895541,
18650,18650,2,6219.539,3,33.2434026783269,30.0660666928884,1.56772769987583,-1.5258913859725,1.26141563213519,-1.25278012968842,1.25709788091181,
18660,18660,2,6222.872,3,33.2434049135012,30.0669406460274,1.56872682273388,-1.52462963014841,1.26160748458863,-1.25366265097424,1.25763506778144,
18670,18670,2,6226.205,3,33.243869829749,30.0659929321376,1.57141275703907,-1.52620431035757,1.2606151603695,-1.25383597010815,1.25722556523883,
18680,18680,2,6229.539,3,33.2440665250846,30.065921406561,1.56675633043051,-1.52604002505541,1.26135705194431,-1.25335615271003,1.25735660232717,
18690,18690,2,6232.872,3,33.2438810056204,30.0674748526776,1.57177597284317,-1.52661502361298,1.26138108006712,-1.25343559452692,1.25740833729702,
18700,18700,2,6236.205,3,33.2428058867972,30.0667528913889,1.5688881278038,-1.52509184554219,1.26045962949705,-1.25391317675082,1.25718640312394,
18710,18710,2,6239.539,3,33.243628430928,30.0673854457068,1.56881902366877,-1.5259993262589,1.26211719744188,-1.25302003838748,1.25756861791468,
18720,18720,2,6242.872,3,33.2433579748415,30.0675240265115,1.57040022313595,-1.52459125965834,1.26207836128989,-1.2533038123805,1.2576910868352,
18730,18730,2,6246.205,3,33.243237275431,30.0662052736931,1.56932435929775,-1.5261571854353,1.26087369552035,-1.25340635099761,1.25714002325898,
18740,18740,2,6249.539,3,33.2430852835808,30.0662812696182,1.5672629699111,-1.52474753558636,1.26198355265028,-1.25324178629604,1.25761266947316,
18750,18750,2,6252.872,3,33.2436329012766,30.0668110059198,1.56876724213362,-1.52555368840694,1.26252819010063,-1.25333519795177,1.2579316940262,
18760,18760,2,6256.205,3,33.2427276556978,30.0660823391083,1.56698636710644,-1.52561767026782,1.26105716607049,-1.25377888003342,1.25741802305195,
18770,18770,2,6259.539,3,33.2429131751621,30.0662075088674,1.5724491328001,-1.52668254449964,1.26116166046503,-1.25403769458104,1.25759967752304,
18780,18780,2,6262.872,3,33.2432216292112,30.0664690242568,1.57093126326799,-1.5244915150106,1.26183686934243,-1.2534796460854,1.25765825771392,
18790,18790,2,6266.205,3,33.243170220203,30.0674994395945,1.56770311295986,-1.52571257203817,1.2608159535198,-1.25300336771312,1.25690966061646,
18800,18800,2,6269.539,3,33.2436217254052,30.0674457954121,1.56914442777634,-1.52630675584078,1.26206197001232,-1.25284811623745,1.25745504312488,
18810,18810,2,6272.872,3,33.2429399972533,30.0661449239878,1.56663209199905,-1.52461593970656,1.26135034642167,-1.2536684251743,1.25750938579798,
18820,18820,2,6276.205,3,33.2427030687809,30.0663997338544,1.5685236081481,-1.52623653411865,1.25979727287139,-1.25387108096978,1.25683417692058,
18830,18830,2,6279.539,3,33.2421621566079,30.0669674681186,1.56352855265141,-1.52439493685961,1.26052295943314,-1.25340011113626,1.2569615352847,
18840,18840,2,6282.872,3,33.2428014164487,30.0675732003454,1.56517829746008,-1.52535103261471,1.26158094189483,-1.25311782725938,1.2573493845771,
18850,18850,2,6286.205,3,33.2430115228299,30.0677184866728,1.56503077596426,-1.52453938499093,1.26099839961509,-1.25276867442057,1.25688353701783,
18860,18860,2,6289.539,3,33.2430428152697,30.0664980815223,1.57033782452345,-1.5251062810421,1.26124035722385,-1.25317361348249,1.25720698535317,
18870,18870,2,6292.872,3,33.2439771181139,30.0671105192718,1.57049186527729,-1.52445677667856,1.26138527101877,-1.25332672291621,1.25735599696749,
18880,18880,2,6296.205,3,33.2430674021866,30.0675955520881,1.56759358942509,-1.52571024373174,1.2608976305109,-1.25279186435305,1.25684474743197,
18890,18890,2,6299.539,3,33.2423856740347,30.0667663024345,1.56751200556755,-1.52399595826864,1.26067429935394,-1.25292727865756,1.25680078900575,
18900,18900,2,6302.872,3,33.2436753695877,30.0682102250119,1.56946647912264,-1.52237406000495,1.26213610329044,-1.25247316576291,1.25730463452668,
18910,18910,2,6306.205,3,33.2434250300696,30.0665517257047,1.56897474080324,-1.5265628695488,1.26053180699774,-1.25347461694342,1.25700321197058,
18920,18920,2,6309.539,3,33.2448510712529,30.0674189733209,1.57102569937706,-1.52566023170948,1.26209652208039,-1.25299349569368,1.25754500888703,
18930,18930,2,6312.872,3,33.2443213349512,30.0680202351991,1.56862828880548,-1.52286039665341,1.2615785204561,-1.25342711949136,1.25750281997373,
18940,18940,2,6316.205,3,33.243903357363,30.0685097383639,1.56638510525227,-1.52428429573774,1.26115337169399,-1.25281468175649,1.25698402672524,
18950,18950,2,6319.539,3,33.2433333879246,30.0682236360575,1.56510584056377,-1.52443265542388,1.26189526326879,-1.25277575247225,1.25733550787052,
18960,18960,2,6322.872,3,33.2436954861561,30.0672893332133,1.56985130161047,-1.52532616630197,1.26151416606516,-1.25345403471419,1.25748410038968,
18970,18970,2,6326.205,3,33.2441067582215,30.067311684956,1.56870558857918,-1.52539731934667,1.26105772486404,-1.25291256376065,1.25698514431234,
18980,18980,2,6329.539,3,33.2436105495339,30.0683778630821,1.56880840659142,-1.52380904182792,1.26163775257279,-1.25226706407385,1.25695240832332,
18990,18990,2,6332.872,3,33.244169343101,30.0675687299969,1.5686959028244,-1.52261946350336,1.26206010736714,-1.25329468541913,1.25767739639313,
19000,19000,2,6336.205,3,33.2447326070167,30.068252693323,1.56818572431803,-1.52382915839553,1.26083197226834,-1.25221891469598,1.25652544348216,
19010,19010,2,6339.539,3,33.2450365907172,30.0678660081746,1.57010890543461,-1.52503922581673,1.26176515750304,-1.2522821514998,1.25702365450142,
19020,19020,2,6342.872,3,33.2441961651922,30.0672088669396,1.57116521149874,-1.5246095135808,1.26155905581398,-1.25304583602321,1.25730244591859,
19030,19030,2,6346.205,3,33.244227457632,30.0686617302141,1.5684487298131,-1.52195440605283,1.26120198673316,-1.25161178549987,1.25640688611651,
19040,19040,2,6349.539,3,33.2444710916272,30.0689657139147,1.57141163945198,-1.52320545166731,1.26124473444002,-1.25246385253702,1.25685429348852,
19050,19050,2,6352.872,3,33.2442207521092,30.0684538590072,1.56527627259493,-1.52421891689301,1.26157116300764,-1.25329049446747,1.25743082873756,
19060,19060,2,6356.205,3,33.2429064696393,30.0690126525743,1.56721975654364,-1.52340512722731,1.26029087384383,-1.25202175370377,1.2561563137738,
19070,19070,2,6359.539,3,33.2436105495339,30.0690551208854,1.56827233731747,-1.52338687330484,1.26156781024632,-1.25211674860791,1.25684227942711,
19080,19080,2,6362.872,3,33.2443213349512,30.068943362172,1.56787075102329,-1.52156371623278,1.26200059585367,-1.25221165037978,1.25710612311672,
19090,19090,2,6366.205,3,33.2447840160248,30.0684203313932,1.5688706189394,-1.52343884110451,1.26162927753723,-1.25296611480954,1.25729769617339,
19100,19100,2,6369.539,3,33.244594026212,30.0680962311242,1.57030113041401,-1.52278654277325,1.2619905375697,-1.25245612255952,1.25722333006461,
19110,19110,2,6372.872,3,33.2438608890519,30.0674726175033,1.56744811683893,-1.5224389731884,1.26138704053169,-1.25296834998376,1.25717769525773,
19120,19120,2,6376.205,3,33.243836302135,30.0679062413114,1.56714264303446,-1.52603834867477,1.26097632726972,-1.25333305590981,1.25715469158977,
19130,19130,2,6379.539,3,33.2435412591316,30.0681141125184,1.56973134726286,-1.52236241847277,1.26157153553668,-1.25203460595551,1.25680307074609,
19140,19140,2,6382.872,3,33.2444062715735,30.0679665910166,1.56815256923437,-1.52405397966504,1.26219868816846,-1.25307228558475,1.2576354868766,
19150,19150,2,6386.205,3,33.2437625413841,30.0672625111221,1.56685393303633,-1.52468839660287,1.26147942773257,-1.25324597724769,1.25736270249013,
19160,19160,2,6389.539,3,33.2431791609001,30.0663483248463,1.56753249466419,-1.52404997497797,1.26157703033996,-1.25288685925718,1.25723194479857,
19170,19170,2,6392.872,3,33.2434160893725,30.067137341363,1.56904589384794,-1.52265839278698,1.26144627264839,-1.25315871232106,1.25730249248472,
19180,19180,2,6396.205,3,33.2435412591316,30.0669428812017,1.56769808381796,-1.52435060590506,1.26131029955032,-1.25313086577563,1.25722058266297,
19190,19190,2,6399.539,3,33.2430383449211,30.0671172247946,1.56864430755377,-1.52329448610544,1.26200357608595,-1.2529609925353,1.25748228431063,
19200,19200,2,6402.872,3,33.2430048173071,30.0684449183101,1.56831946223974,-1.5224052593112,1.26178983755166,-1.25254869602492,1.25716926678829,
19210,19210,2,6406.205,3,33.2434026783269,30.0690998243708,1.56788695603609,-1.52320377528667,1.26152469001043,-1.25211581728532,1.25682025364787,
19220,19220,2,6409.539,3,33.2441984003665,30.0673362718729,1.56787224113941,-1.52394874021411,1.26281839021952,-1.25247120998548,1.2576448001025,
19230,19230,2,6412.872,3,33.2429087048136,30.0664153800743,1.5683252364397,-1.52324177324772,1.26150718114574,-1.25282613702434,1.25716665908504,
19240,19240,2,6416.205,3,33.2423275595038,30.0668311224883,1.56704485416412,-1.52318067848682,1.26088682716887,-1.25279018797238,1.25683850757062,
19250,19250,2,6419.539,3,33.2422537987529,30.0675687299969,1.56789235770702,-1.52486767619848,1.26089995881738,-1.25268094383263,1.25679045132501,
19260,19260,2,6422.872,3,33.2425443714078,30.0680738793815,1.56489759683609,-1.52348196133971,1.26174699671254,-1.25320146002792,1.25747422837023,
19270,19270,2,6426.205,3,33.2423141484581,30.0672088669396,1.56880673021078,-1.52384322136641,1.2606265225051,-1.25191455847372,1.25627054048941,
19280,19280,2,6429.539,3,33.2426315432043,30.0688897179895,1.56590193510056,-1.52191473171115,1.26154080189122,-1.25177690899499,1.25665885544311,
19290,19290,2,6432.872,3,33.2441626375782,30.0679129468342,1.57135650515556,-1.52365220710635,1.26205163233157,-1.2527534007301,1.25740251653084,
19300,19300,2,6436.205,3,33.2440575843876,30.0686483191685,1.56957432627678,-1.52315320447087,1.26107067024804,-1.25179441785967,1.25643254405385,
19310,19310,2,6439.539,3,33.2432708030451,30.069334517669,1.56764537096024,-1.52307534590364,1.26166578538274,-1.25206450141063,1.25686514339669,
19320,19320,2,6442.872,3,33.2440955823501,30.0684091555218,1.56696010380983,-1.52261527255177,1.26163644872117,-1.25189490756708,1.25676567814412,
19330,19330,2,6446.205,3,33.2438921814917,30.068011294502,1.56957115978003,-1.52274519205093,1.26145130179037,-1.25197826093884,1.25671478136461,
19340,19340,2,6449.539,3,33.2438295966122,30.0678436564319,1.56909171491861,-1.52490064501762,1.26229554571777,-1.25278609015299,1.25754081793538,
19350,19350,2,6452.872,3,33.2442006355408,30.0677184866728,1.56819801777601,-1.52366105467081,1.26214010797758,-1.25268904633916,1.25741457715837,
19360,19360,2,6456.205,3,33.2430226987013,30.0682549284973,1.56647283583879,-1.52319278568029,1.26175575114488,-1.25190533838008,1.25683054476248,
19370,19370,2,6459.539,3,33.2438541835291,30.0675240265115,1.56829208135605,-1.523732021451,1.26231640734377,-1.25364989185477,1.25798314959927,
19380,19380,2,6462.872,3,33.2425331955365,30.0670993434005,1.56879462301731,-1.52345299720764,1.26192366860777,-1.2530181757423,1.25747092217504,
19390,19390,2,6466.205,3,33.2431433981118,30.0681632863523,1.56641155481339,-1.52539452537894,1.2605672903884,-1.25268196828748,1.25662462933794,
19400,19400,2,6469.539,3,33.2432350402568,30.067760954984,1.56621169298887,-1.52264172211289,1.26119118339112,-1.25265365608076,1.25692241973594,
19410,19410,2,6472.872,3,33.2438385373093,30.0677564846354,1.56855471432209,-1.52310440316796,1.26267915749239,-1.25294460125773,1.25781187937506,
19420,19420,2,6476.205,3,33.2426002507645,30.068885247641,1.56600121408701,-1.52494767680764,1.26060575401135,-1.25265225909688,1.25662900655411,
19430,19430,2,6479.539,3,33.2430450504439,30.0676849590588,1.56677812337875,-1.5239879488945,1.26162098876618,-1.25265905775178,1.25714002325898,
19440,19440,2,6482.872,3,33.2424281423458,30.0684292720902,1.56764108687639,-1.51988724246621,1.2613704629896,-1.25217467687297,1.25677256993129,
19450,19450,2,6486.205,3,33.2422739153213,30.0683465706423,1.5668086707592,-1.5230200253427,1.26049678926838,-1.25252206019886,1.25650942473362,
19460,19460,2,6489.539,3,33.2420347516746,30.068286220937,1.56351905316114,-1.52469649910927,1.26096356815024,-1.25302143537136,1.2569925017608,
19470,19470,2,6492.872,3,33.2435412591316,30.0683935093019,1.56708639115095,-1.52173098176718,1.26167072139246,-1.25223549223807,1.25695310681527,
19480,19480,2,6496.205,3,33.2428394144112,30.0687265502679,1.56576260924339,-1.5226224437356,1.26030530934397,-1.25180633878882,1.2560558240664,
19490,19490,2,6499.539,3,33.2440844064788,30.06882713311,1.56846567988396,-1.52135547250509,1.26176692701596,-1.25243172190768,1.25709932446182,
19500,19500,2,6502.872,3,33.2434339707667,30.0685097383639,1.56809333711863,-1.52131468057632,1.26210294820626,-1.25210389635617,1.25710342228121,
19510,19510,2,6506.205,3,33.2437558358613,30.0676156686565,1.57176405191422,-1.52451982721686,1.26105660727693,-1.2524069487268,1.25673177800187,
19520,19520,2,6509.539,3,33.2433311527503,30.0688919531638,1.57068949192762,-1.52377225458622,1.26165237433745,-1.25242836914636,1.2570403717419,
19530,19530,2,6512.872,3,33.2430897539293,30.068527619758,1.56825352460146,-1.5225631184876,1.26178825430326,-1.25270208485542,1.25724516957934,
19540,19540,2,6516.205,3,33.2431366925889,30.0691132354164,1.56671013683081,-1.52388997375965,1.26059215670154,-1.25123506551241,1.25591361110698,
19550,19550,2,6519.539,3,33.2427388315692,30.0697457897344,1.56761184334755,-1.52146769687533,1.26152673892012,-1.25184303289885,1.25668488590948,
19560,19560,2,6522.872,3,33.2436127847081,30.0691825258187,1.56781505793333,-1.51978824287653,1.26188464619127,-1.25174924871408,1.25681694745268,
19570,19570,2,6526.205,3,33.2445694392951,30.0693591045859,1.56770497560501,-1.52200106531382,1.26167193211183,-1.25234259433586,1.25700726322385,
19580,19580,2,6529.539,3,33.243778187604,30.0688539552012,1.56946182250977,-1.52303092181683,1.26151267594902,-1.25232173270986,1.25691720432944,
19590,19590,2,6532.872,3,33.2438787704461,30.0682012843148,1.56882591545582,-1.52209736406803,1.26200758077309,-1.2524210116979,1.2572142962355,
19600,19600,2,6536.205,3,33.2433847969328,30.0682482229745,1.56799405813217,-1.52180595323443,1.2607093170833,-1.25224135957038,1.25647533832684,
19610,19610,2,6539.539,3,33.2431769257258,30.0685164438867,1.56910717487335,-1.52495773509145,1.2622074426008,-1.25280220203379,1.25750482231729,
19620,19620,2,6542.872,3,33.2439927643338,30.0688003110188,1.56769677996635,-1.52082797139883,1.2614932113069,-1.25225225604468,1.25687273367579,
19630,19630,2,6546.205,3,33.2436351364508,30.0693322824947,1.56653486192226,-1.52211263775826,1.26162555224687,-1.25231884560983,1.25697219892835,
19640,19640,2,6549.539,3,33.2440911120016,30.0695893275356,1.56949292868376,-1.52169857174158,1.26113297572927,-1.25213407120807,1.25663352346867,
19650,19650,2,6552.872,3,33.243053991141,30.0677207218471,1.57047659158707,-1.52260139584541,1.26140780902544,-1.25259703166732,1.25700242034638,
19660,19660,2,6556.205,3,33.2417151217542,30.0681766973979,1.56560130417347,-1.52249308302999,1.25973925147406,-1.25227386272876,1.25600655710141,
19670,19670,2,6559.539,3,33.2432104533398,30.0684113906961,1.56711228191853,-1.52177046984434,1.26165144301486,-1.25243730984322,1.25704437642904,
19680,19680,2,6562.872,3,33.2433222120532,30.0690707671053,1.5679931268096,-1.52276083827019,1.26112245178401,-1.25231912500661,1.25672078839531,
19690,19690,2,6566.205,3,33.243112105672,30.0684471534844,1.56936440616846,-1.52231343090534,1.26085283389435,-1.25233980036809,1.25659631713122,
19700,19700,2,6569.539,3,33.2432059829913,30.0683800982563,1.56926419585943,-1.52349779382348,1.26188045523962,-1.25262590266759,1.25725317895361,
19710,19710,2,6572.872,3,33.2432886844392,30.0692473458725,1.56689025461674,-1.51876648887992,1.26172315485425,-1.25196708506777,1.25684511996101,
19720,19720,2,6576.205,3,33.2434406762895,30.0692115830842,1.56719330698252,-1.52386231347919,1.26145232624522,-1.25222422323474,1.25683827473998,
19730,19730,2,6579.539,3,33.2430182283527,30.0694485115567,1.56655013561249,-1.52185503393412,1.26184050150053,-1.25284485660839,1.25734267905446,
19740,19740,2,6582.872,3,33.2428058867972,30.0687712537533,1.56760383397341,-1.52191212400794,1.2614895791488,-1.2530478849329,1.25726873204085,
19750,19750,2,6586.205,3,33.2423007374125,30.0690841781509,1.56532917171717,-1.52210406959057,1.26114228895517,-1.25181406876631,1.25647817886074,
19760,19760,2,6589.539,3,33.2431948071199,30.0693523990631,1.56797468662262,-1.52305578812957,1.2621402942421,-1.25197956479047,1.25705992951628,
19770,19770,2,6592.872,3,33.2432640975223,30.0693322824947,1.566999591887,-1.51953650638461,1.26146843812602,-1.25174459210113,1.25660651511358,
19780,19780,2,6596.205,3,33.2428774123738,30.0690618264082,1.56721230596304,-1.52390776202083,1.26076221620639,-1.25226222119639,1.25651221870139,
19790,19790,2,6599.539,3,33.2429779952159,30.069917898153,1.56720951199532,-1.5226854942739,1.26151556304905,-1.25229993976126,1.25690775140516,
19800,19800,2,6602.872,3,33.2431791609001,30.0695893275356,1.56430676579475,-1.51971699669957,1.2613917902769,-1.25175940013031,1.2565755952036,
19810,19810,2,6606.205,3,33.2431523388088,30.0689746546117,1.56742911785841,-1.5230942517519,1.261205525759,-1.25232294342922,1.25676423459411,
19820,19820,2,6609.539,3,33.2436574881935,30.0695312130046,1.56939551234245,-1.52131449431181,1.26164576194706,-1.25178240379827,1.25671408287267,
19830,19830,2,6612.872,3,33.2438810056204,30.0703224646956,1.57062318176031,-1.52027644217014,1.26149414262949,-1.25182496524061,1.25665955393505,
19840,19840,2,6616.205,3,33.2432819789164,30.0694328653368,1.5651473775506,-1.52162592858076,1.26144841469034,-1.25215567789215,1.25680204629125,
19850,19850,2,6619.539,3,33.2434384411152,30.0689388918234,1.57143231481314,-1.52211487293243,1.2614312783547,-1.25280583419189,1.25711855627329,
19860,19860,2,6622.872,3,33.2422158007903,30.0687846647989,1.56803745776415,-1.52097316458821,1.26092724656925,-1.25211591041757,1.25652157849341,
19870,19870,2,6626.205,3,33.2423119132839,30.0710399556358,1.56672634184361,-1.52096962556243,1.25998996351516,-1.25133760412952,1.25566378382234,
19880,19880,2,6629.539,3,33.2427075391294,30.0691042947193,1.56720001250505,-1.52276111766696,1.26135239533136,-1.25204978651372,1.25670109092254,
19890,19890,2,6632.872,3,33.2427768295317,30.0684695052271,1.56571883708239,-1.51996966451406,1.262011864857,-1.25171218207502,1.25686202346601,
19900,19900,2,6636.205,3,33.2434876149491,30.069768141477,1.56776215881109,-1.52267524972558,1.26096375441476,-1.25157658150599,1.25627016796037,
19910,19910,2,6639.539,3,33.2427611833118,30.0695245074818,1.566450484097,-1.52236381545663,1.26127919337583,-1.25173136732036,1.2565052803481,
19920,19920,2,6642.872,3,33.2437871283011,30.0692719327894,1.57030876725912,-1.52077488601208,1.26158513284649,-1.25181304431146,1.25669908857897,
19930,19930,2,6646.205,3,33.2428863530709,30.0693032252292,1.56477931886911,-1.52375660836697,1.2611129522936,-1.25171553483634,1.25641424356497,
19940,19940,2,6649.539,3,33.2431232815433,30.0687198447451,1.56987104564905,-1.52307087555528,1.26239668735099,-1.25199940196163,1.25719804465631,
19950,19950,2,6652.872,3,33.2424817865283,30.0686639653884,1.56325232237577,-1.52020789682865,1.26178285263224,-1.25142663856907,1.25660474560066,
19960,19960,2,6656.205,3,33.2424482589143,30.0691467630304,1.56635902822018,-1.5215115621686,1.26039490257708,-1.2517083636524,1.25605163311474,
19970,19970,2,6659.539,3,33.2426114266359,30.0687645482305,1.56655926257372,-1.522096991539,1.26196725450496,-1.25246469072735,1.25721597261616,
19980,19980,2,6662.872,3,33.2417486493682,30.0688405441556,1.57057531177998,-1.52064021676779,1.26163635558891,-1.25246441133057,1.25705038345974,
19990,19990,2,6666.205,3,33.2426181321587,30.0689008938609,1.56863927841187,-1.52232414111495,1.26141805357393,-1.25205462939118,1.25673634148255,
20000,20000,2,6669.539,3,33.2412077371953,30.0687265502679,1.5654755756259,-1.52082648128271,1.26162136129522,-1.25201458251984,1.25681797190753,
20010,20010,2,6672.872,3,33.2434429114637,30.0695781516642,1.56902428716421,-1.52094606310129,1.26257131033652,-1.2526499307904,1.25761062056346,
20020,20020,2,6676.205,3,33.2430271690498,30.0696876752034,1.56549196690321,-1.52162555605173,1.26149516708434,-1.25176219409808,1.25662868059121,
20030,20030,2,6679.539,3,33.2417151217542,30.0691467630304,1.56796891242266,-1.52065809816122,1.26149237311657,-1.25184824830535,1.25667031071096,
20040,20040,2,6682.872,3,33.2434049135012,30.0688316034586,1.56696289777756,-1.5223478898406,1.26221610390088,-1.25227749488686,1.25724679939387,
20050,20050,2,6686.205,3,33.2415653650782,30.0695043909134,1.56527124345303,-1.52037870138884,1.26124221986902,-1.25171320652987,1.25647771319945,
20060,20060,2,6689.539,3,33.2428997641165,30.0700162458208,1.56595818698406,-1.52059802785516,1.2615551442591,-1.25144060840792,1.25649787633351,
20070,20070,2,6692.872,3,33.2423476760722,30.0695312130046,1.56830977648497,-1.5202559530735,1.26080589523584,-1.25176135590775,1.25628362557179,
20080,20080,2,6696.205,3,33.2413686697426,30.0682839857628,1.56483501195908,-1.52351297438145,1.26068249499273,-1.25196438423226,1.25632343961249,
20090,20090,2,6699.539,3,33.2425175493166,30.0690841781509,1.56531296670437,-1.52274305000901,1.26152888096208,-1.25234687841977,1.25693787969093,
20100,20100,2,6702.872,3,33.2420526330687,30.069459687428,1.56736504286528,-1.52040300890803,1.26162294454362,-1.25186314946678,1.2567430470052,
20110,20110,2,6706.205,3,33.2421420400395,30.0695289778303,1.56469382345676,-1.52141358703375,1.26099215975374,-1.25145979365326,1.2562259767035,
20120,20120,2,6709.539,3,33.2424817865283,30.0690059470515,1.56701561063528,-1.52156380936503,1.26198504276642,-1.25118561228291,1.25658532752466,
20130,20130,2,6712.872,3,33.2425801341961,30.0691489982047,1.56900882720947,-1.52165200561285,1.26168487749582,-1.25234473637782,1.25701480693682,
20140,20140,2,6716.205,3,33.2417665307624,30.0695826220128,1.56585201621056,-1.52071472257376,1.26091811960787,-1.2517088293137,1.25631347446079,
20150,20150,2,6719.539,3,33.2421107475997,30.0688472496784,1.56406983733177,-1.52219273149967,1.26207668490923,-1.25176098337871,1.25691883414397,
20160,20160,2,6722.872,3,33.2419609909237,30.0687623130562,1.56436059623957,-1.52108455076814,1.26179626367753,-1.25219442091187,1.2569953422947,
20170,20170,2,6726.205,3,33.2425913100674,30.069667558635,1.56735796481371,-1.52124958112836,1.26107085651255,-1.25130631169051,1.25618858410153,
20180,20180,2,6729.539,3,33.2422135656161,30.0691132354164,1.56531892716885,-1.5219995751977,1.26200422801177,-1.25207036874295,1.25703729837736,
20190,20190,2,6732.872,3,33.2413843159625,30.0690305339684,1.56809017062187,-1.52045888826251,1.26096058791796,-1.25222431636699,1.25659245214247,
20200,20200,2,6736.205,3,33.2416100685636,30.0694574522537,1.56353320926428,-1.52277024462819,1.26064468329559,-1.25148130720508,1.25606299525033,
20210,20210,2,6739.539,3,33.2430092876556,30.0688919531638,1.5681117773056,-1.52210090309381,1.26174746237384,-1.25173527887524,1.25674137062454,
20220,20220,2,6742.872,3,33.2421979193962,30.0689567732176,1.56551487743855,-1.52095006778836,1.2612003103525,-1.25149024790194,1.25634527912722,
20230,20230,2,6746.205,3,33.243078578058,30.0697569656057,1.56649779528379,-1.52276232838631,1.26176571629659,-1.25190124056069,1.25683347842864,
20240,20240,2,6749.539,3,33.2431165760205,30.0700162458208,1.56676843762398,-1.52079910039902,1.26172343425103,-1.25120926787668,1.25646635106385,
20250,20250,2,6752.872,3,33.2426583652955,30.0697904932197,1.56852528452873,-1.51989720761776,1.26227067940463,-1.25137904798475,1.25682486369469,
20260,20260,2,6756.205,3,33.2430092876556,30.0682661043686,1.56735386699438,-1.52308531105518,1.26143258220632,-1.25231456152592,1.25687357186612,
20270,20270,2,6759.539,3,33.2428014164487,30.0691892313415,1.56717374920845,-1.52255967259407,1.26233056344713,-1.2519788197324,1.25715469158977,
20280,20280,2,6762.872,3,33.2422202711389,30.069734613863,1.56470630317926,-1.5201079659164,1.26129754043084,-1.25169187924257,1.2564947098367,
20290,20290,2,6766.205,3,33.2416346554805,30.0698396670536,1.56339108943939,-1.52209782972932,1.2604288958516,-1.25186287007,1.2561458829608,
20300,20300,2,6769.539,3,33.2420705144629,30.0684426831358,1.56691744923592,-1.52008142322302,1.26189023412681,-1.25223986945424,1.25706505179052,
20310,20310,2,6772.872,3,33.2422314470102,30.0701324748828,1.56707260757685,-1.52003355324268,1.26061748867598,-1.25174868992053,1.25618308929825,
20320,20320,2,6776.205,3,33.2428483551083,30.0696295606724,1.56434364616871,-1.51968467980623,1.26145241937748,-1.25086272274112,1.2561575710593,
20330,20330,2,6779.539,3,33.2432596271737,30.0691221761135,1.56730487942696,-1.52185754850507,1.26198765046967,-1.25204857579435,1.25701811313201,
20340,20340,2,6782.872,3,33.2422247414874,30.0701704728454,1.56616102904081,-1.52100129052997,1.2616799414861,-1.25186529150874,1.25677261649742,
20350,20350,2,6786.205,3,33.242962348996,30.0699313091986,1.56833939254284,-1.52218611910939,1.26081530159399,-1.25118347024095,1.25599938591747,
20360,20360,2,6789.539,3,33.2428438847598,30.0690484153626,1.56407952308655,-1.52247305959463,1.26146247766145,-1.25244895137559,1.25695571451852,
20370,20370,2,6792.872,3,33.2427030687809,30.0692853438351,1.56614165753126,-1.51975210756063,1.26143034703211,-1.25188177591857,1.25665606147534,
20380,20380,2,6796.205,3,33.2432640975223,30.0691713499474,1.56569015234709,-1.5214822255075,1.2618308157456,-1.25170370703945,1.25676726139253,
20390,20390,2,6799.539,3,33.2428148274943,30.069242875524,1.56407561153173,-1.5222136862576,1.26232003950187,-1.25229919470319,1.25730961710253,
20400,20400,2,6802.872,3,33.2431165760205,30.0681878732692,1.56625267118216,-1.5213462524116,1.2617700003805,-1.25257924340586,1.25717462189318,
20410,20410,2,6806.205,3,33.2418939356957,30.0688673662468,1.56525000929832,-1.52157098054886,1.26115672445531,-1.25217262796328,1.25666467620929,
20420,20420,2,6809.539,3,33.2435881977912,30.0706555056616,1.56846158206463,-1.52040394023061,1.26126391968536,-1.25157080730593,1.25641736349565,
20430,20430,2,6812.872,3,33.2430763428837,30.0700229513437,1.56710892915726,-1.51922684162855,1.2620388732121,-1.25134356459409,1.25669121890309,
20440,20440,2,6816.205,3,33.2427701240089,30.0704141068406,1.56682059168816,-1.5205018222332,1.26214560278086,-1.25146528845654,1.2568054456187,
20450,20450,2,6819.539,3,33.2434205597211,30.0702688205132,1.5678783878684,-1.51859363541007,1.2618432954683,-1.25095548247104,1.25639938896967,
20460,20460,2,6822.872,3,33.2422940318897,30.0699737775097,1.56585816293955,-1.52086596935987,1.26162173382425,-1.25197211420975,1.256796924017,
20470,20470,2,6826.205,3,33.2422314470102,30.0694149839426,1.56303644180298,-1.51969837024808,1.26111732950977,-1.25169942295554,1.25640837623266,
20480,20480,2,6829.539,3,33.2420571034173,30.0697815525227,1.56552214175463,-1.52057148516178,1.26128180107908,-1.25158095872216,1.25643137990062,
20490,20490,2,6832.872,3,33.2427410667434,30.0704386937576,1.56495068222284,-1.51972938328981,1.26057548602719,-1.2521932101925,1.25638434810985,
20500,20500,2,6836.206,3,33.2421308641681,30.0698307263566,1.56670529395342,-1.51880718767643,1.26024188627563,-1.2518404251956,1.25604115573561,
20510,20510,2,6839.539,3,33.2428684716767,30.0709214913996,1.56537219882011,-1.52065502479672,1.26140501505767,-1.25128377368384,1.25634439437076,
20520,20520,2,6842.872,3,33.2436887806333,30.069850842925,1.56753621995449,-1.51977185159922,1.26162285141136,-1.2519397973159,1.25678132436363,
20530,20530,2,6846.206,3,33.2424929623996,30.070391755098,1.56716275960207,-1.52105139568448,1.26156743771728,-1.25090314214151,1.2562352899294,
20540,20540,2,6849.539,3,33.2432596271737,30.0699581312899,1.56707428395748,-1.51975005865097,1.26252548926512,-1.25097680975834,1.25675114951173,
20550,20550,2,6852.872,3,33.2428416495855,30.0695155667847,1.5674626454711,-1.52089754119515,1.26244921394504,-1.25140372803337,1.2569264709892,
20560,20560,2,6856.206,3,33.242513078968,30.0708298492546,1.56712047755718,-1.51958605274558,1.26167286343442,-1.2511418401212,1.25640735177781,
20570,20570,2,6859.539,3,33.2419766371436,30.0690886484994,1.56306736171246,-1.51991946622729,1.26194760359832,-1.25163721060656,1.25679240710244,
20580,20580,2,6862.872,3,33.2427500074405,30.0697077917718,1.56664550304413,-1.52043476700783,1.2614094854061,-1.25178547716281,1.25659748128446,
20590,20590,2,6866.206,3,33.2420861606828,30.0698419022279,1.56627297401428,-1.52143966406584,1.26159314222075,-1.25160033023202,1.25659673622639,
20600,20600,2,6869.539,3,33.2431903367714,30.0699961292524,1.56570915132761,-1.52112692594528,1.2626636975374,-1.25155609240902,1.25710989497321,
20610,20610,2,6872.872,3,33.2429422324276,30.069850842925,1.56612955033779,-1.52012836188078,1.26206914119626,-1.25081773986005,1.25644344052815,
20620,20620,2,6876.206,3,33.2424348478687,30.0695893275356,1.5659399330616,-1.52266155928373,1.26099718889572,-1.25193011156097,1.25646365022834,
20630,20630,2,6879.539,3,33.2420995717284,30.0701928245881,1.56450029462576,-1.51832951232791,1.26139495677371,-1.25091254849966,1.25615375263668,
20640,20640,2,6882.872,3,33.2428796475481,30.0691825258187,1.566700078547,-1.51972025632858,1.26178434274838,-1.25163097074521,1.2567076567468,
20650,20650,2,6886.206,3,33.2438720649233,30.0700073051238,1.56427100300789,-1.51960477232933,1.26196129404039,-1.25091236223514,1.25643682813777,
20660,20660,2,6889.539,3,33.2432640975223,30.0711181867352,1.56842451542616,-1.51942195370793,1.26188259728158,-1.25105615844296,1.25646937786227,
20670,20670,2,6892.872,3,33.2438161855666,30.0701302397085,1.56664382666349,-1.5187538228929,1.26232031889865,-1.25114100193087,1.25673066041476,
20680,20680,2,6896.206,3,33.242387909209,30.0699402498957,1.5677684918046,-1.51928048580885,1.26183631054888,-1.25144275044987,1.25663953049937,
20690,20690,2,6899.539,3,33.2420682792886,30.070333640567,1.56658627092838,-1.51921669021249,1.26138489848974,-1.25094495852578,1.25616492850776,
20700,20700,2,6902.872,3,33.2424929623996,30.0689478325205,1.56208900734782,-1.51846613734961,1.26155533052362,-1.25249030209856,1.25702281631109,
20710,20710,2,6906.206,3,33.2410780970877,30.0702464687705,1.56480129808187,-1.52176152914762,1.26096822476319,-1.25135064264577,1.25615943370448,
20720,20720,2,6909.539,3,33.2414759581075,30.0705437469482,1.56403481960297,-1.51924965903163,1.26140510818993,-1.25100260739407,1.256203857792,
20730,20730,2,6912.872,3,33.2433020954848,30.0704029309693,1.56719069927931,-1.51904132217169,1.26151528365227,-1.25067999724906,1.25609764045066,
20740,20740,2,6916.206,3,33.2426583652955,30.0703157591728,1.56268551945686,-1.5210397541523,1.2616815247345,-1.25113513459855,1.25640832966653,
20750,20750,2,6919.539,3,33.2413038496888,30.0709058451797,1.56430434435606,-1.51895163580775,1.26200469367306,-1.25095594813233,1.2564803209027,
20760,20760,2,6922.872,3,33.2418671136045,30.0705571579938,1.56338419765234,-1.52012426406145,1.26125684163368,-1.2508255629698,1.25604120230174,
20770,20770,2,6926.206,3,33.2420928662056,30.070159296974,1.56479217112064,-1.52037274092436,1.26170657731216,-1.25173686212364,1.2567217197179,
20780,20780,2,6929.539,3,33.2419989888863,30.0695356833531,1.56666412949562,-1.52040980756283,1.26217624329405,-1.25139143457519,1.25678383893462,
20790,20790,2,6932.872,3,33.2414446656677,30.0694708632993,1.56560949981213,-1.51850134134293,1.26183984957472,-1.2516371174743,1.25673848352451,
20800,20800,2,6936.206,3,33.2422917967155,30.0700944769202,1.56691037118435,-1.52063239365816,1.26106526857702,-1.25123497238015,1.25615012047858,
20810,20810,2,6939.539,3,33.24262930803,30.0703872847494,1.56802758574486,-1.52022028341889,1.26245303236766,-1.25162836304196,1.25704069770481,
20820,20820,2,6942.872,3,33.2409283404117,30.0696809696806,1.5682278200984,-1.51990102604032,1.26202704541521,-1.25153765222174,1.25678234881848,
20830,20830,2,6946.206,3,33.2418581729074,30.069768141477,1.56380198895931,-1.52133228257298,1.26130145198572,-1.25119725381528,1.2562493529005,
20840,20840,2,6949.539,3,33.2433937376298,30.0702956426044,1.56495496630669,-1.52106890454888,1.2618303500843,-1.25145774474356,1.25664404741393,
20850,20850,2,6952.872,3,33.2414446656677,30.0698083746139,1.56197035685182,-1.51910791173577,1.26241484814149,-1.25112824281139,1.25677154547644,
20860,20860,2,6956.206,3,33.2420258109775,30.070241998422,1.56347285956144,-1.52070932090282,1.26140408373508,-1.25065541033269,1.25602974703389,
20870,20870,2,6959.539,3,33.242537665885,30.0701749431939,1.56922992318869,-1.52071295306087,1.26189982674948,-1.25054374475421,1.25622178575185,
20880,20880,2,6962.872,3,33.2425108437938,30.070241998422,1.56606119126081,-1.51882730424404,1.26161512143387,-1.25101788108453,1.2563165012592,
20890,20890,2,6966.206,3,33.2420816903342,30.070159296974,1.5640527009964,-1.52112143114209,1.26105278885432,-1.2511792792893,1.25611603407181,
20900,20900,2,6969.539,3,33.2419721667951,30.0702732908617,1.56189473345876,-1.51877226307988,1.26129353574371,-1.25083785642798,1.25606569608584,
20910,20910,2,6972.872,3,33.2418402915132,30.0701280045343,1.5612980350852,-1.51904718950391,1.26082405602633,-1.25146752363075,1.25614578982854,
20920,20920,2,6976.206,3,33.2418626432559,30.0702107059822,1.56235182657838,-1.52019169181585,1.26184180535216,-1.25109853362079,1.25647016948647,
20930,20930,2,6979.539,3,33.2420571034173,30.0707829105949,1.56566277146339,-1.51925077661872,1.26184208474893,-1.25042751569504,1.25613480022199,
20940,20940,2,6982.872,3,33.2421040420769,30.070999722499,1.56416613608599,-1.5203065238893,1.26116100853922,-1.25087399174445,1.25601750014184,
20950,20950,2,6986.206,3,33.2423454408979,30.0710265445902,1.56498588621616,-1.51992617174983,1.26211077131601,-1.25090658803509,1.25650867967555,
20960,20960,2,6989.539,3,33.2421107475997,30.0702867019073,1.56714804470539,-1.51912281289697,1.26164157099541,-1.25092968483531,1.25628562791536,
20970,20970,2,6992.872,3,33.2415698354267,30.0699335443729,1.56170967966318,-1.51890460401773,1.26128683022106,-1.25110179324985,1.25619431173546,
20980,20980,2,6996.206,3,33.2417352383226,30.0708231437318,1.56385935842991,-1.52006298303604,1.26163290969533,-1.25117629905701,1.25640460437617,
20990,20990,2,6999.539,3,33.2431344574147,30.0700408327378,1.56441852450371,-1.51796387508512,1.26166299141497,-1.25047827277617,1.25607063209557,
21000,21000,2,7002.872,3,33.2421353345167,30.0705102193342,1.56557820737362,-1.51955774053931,1.26135081208296,-1.25098202516484,1.2561664186239,
21010,21010,2,7006.206,3,33.2428438847598,30.0706130373505,1.56345441937447,-1.51996286585927,1.26158671609489,-1.25100176920374,1.25629424264931,
21020,21020,2,7009.539,3,33.2430696373609,30.0713886428217,1.56525354832411,-1.5190145932138,1.26268856385054,-1.25062178958721,1.25665517671888,
21030,21030,2,7012.872,3,33.2428058867972,30.0703515219611,1.56613122671843,-1.5207183547318,1.26151807762004,-1.25095203657746,1.25623505709875,
21040,21040,2,7016.206,3,33.2423432057236,30.0704275178862,1.56433433294296,-1.51978563517332,1.26174410961252,-1.25148018961797,1.25661214961524,
21050,21050,2,7019.539,3,33.2424504940885,30.0719586122602,1.56505163758993,-1.52010880410671,1.26191118888507,-1.25135399540709,1.25663259214608,
21060,21060,2,7022.872,3,33.2429221158592,30.071516047755,1.5658263117075,-1.518898550421,1.26179644994205,-1.25118523975387,1.25649084484796,
21070,21070,2,7026.206,3,33.2436574881935,30.0716188657714,1.5653183683753,-1.51926083490252,1.26218695350383,-1.25110300396922,1.25664497873652,
21080,21080,2,7029.539,3,33.2443928605278,30.0701347100571,1.56627222895622,-1.51916621252894,1.26315497020337,-1.2512183017058,1.25718663595459,
21090,21090,2,7032.872,3,33.2426002507645,30.0701369452313,1.56359449028969,-1.51842320337892,1.26168664700874,-1.25075943906594,1.25622304303734,
21100,21100,2,7036.206,3,33.2419900481892,30.070342581264,1.56468972563744,-1.52061823755503,1.26148212856808,-1.25094281648382,1.25621247252595,
21110,21110,2,7039.539,3,33.2412099723695,30.0708544361715,1.56245967373252,-1.51869999244809,1.26119407049115,-1.2514914586213,1.25634276455623,
21120,21120,2,7042.872,3,33.240689176765,30.0713506448591,1.56530067324638,-1.51933245360851,1.2612513468304,-1.25107338791087,1.25616236737064,
21130,21130,2,7046.206,3,33.2422158007903,30.071699332045,1.5641987323761,-1.51800224557519,1.26211906008706,-1.2505446760768,1.25633186808193,
21140,21140,2,7049.539,3,33.242354381595,30.0714467573527,1.56348366290331,-1.51856057345867,1.26147151149056,-1.25064898420683,1.2560602478487,
21150,21150,2,7052.872,3,33.2426069562873,30.0717596817503,1.5630554407835,-1.51826124638319,1.26152441061365,-1.25102644925236,1.256275429933,
21160,21160,2,7056.206,3,33.2426248376815,30.0724771726904,1.5636021271348,-1.519516389817,1.2615805693658,-1.2501524030021,1.25586648618395,
21170,21170,2,7059.539,3,33.2414312546221,30.0707739698979,1.56535003334284,-1.51947308331728,1.26163598305987,-1.25143073638847,1.25653335972417,
21180,21180,2,7062.872,3,33.2425331955365,30.0711427736522,1.56594719737768,-1.51955215260386,1.26089427774958,-1.25069731984922,1.2557957987994,
21190,21190,2,7066.206,3,33.2427388315692,30.0703202295214,1.56532749533653,-1.51968635618687,1.26212502055163,-1.25106435408175,1.25659468731669,
21200,21200,2,7069.539,3,33.2428282385399,30.0714512277012,1.56530495733023,-1.5180503949523,1.26255296328151,-1.25039044905598,1.25647170616874,
21210,21210,2,7072.872,3,33.2428349440627,30.0708387899517,1.56373549252748,-1.51908472180367,1.2618203849326,-1.25096628581308,1.25639333537284,
21220,21220,2,7076.206,3,33.2424661403084,30.0708901989598,1.56531203538179,-1.51828965172172,1.26198476336965,-1.25085825239269,1.25642150788117,
21230,21230,2,7079.539,3,33.2429914062615,30.0703559923097,1.56707931309938,-1.51874423027039,1.2626106121498,-1.25079147656302,1.25670104435641,
21240,21240,2,7082.872,3,33.2419520502267,30.0713551152077,1.56489368528128,-1.51874776929617,1.26126736557894,-1.25036781791705,1.255817591748,
21250,21250,2,7086.206,3,33.2431433981118,30.0711315977808,1.56661495566368,-1.51974186301231,1.26281690010338,-1.25074407224322,1.2567804861733,
21260,21260,2,7089.539,3,33.2423186188067,30.0718267369783,1.56487002968788,-1.51796480640769,1.2619603627178,-1.2503028116003,1.25613158715905,
21270,21270,2,7092.872,3,33.2432976251363,30.0706711518815,1.56829301267862,-1.51862110942602,1.26161744974034,-1.25049708549248,1.25605726761641,
21280,21280,2,7096.206,3,33.2429556434732,30.0724212933337,1.5627084299922,-1.51726771146059,1.26137223250252,-1.25025605920631,1.25581414585442,
21290,21290,2,7099.539,3,33.2435479646544,30.0724525857735,1.56702529639006,-1.51799181476235,1.26204790704122,-1.25032991308766,1.25618891006444,
21300,21300,2,7102.872,3,33.2432998603106,30.071882616335,1.56667642295361,-1.51788769289851,1.26323571587189,-1.25012111056309,1.25667841321749,
21310,21310,2,7106.206,3,33.2412144427181,30.0716970968708,1.56501363962889,-1.51855414733291,1.26117628222969,-1.25065401334881,1.25591514778925,
21320,21320,2,7109.539,3,33.2423789685119,30.0715451050205,1.56491864472628,-1.51799395680428,1.26135183653781,-1.25074006755608,1.25604595204695,
21330,21330,2,7112.872,3,33.2419721667951,30.0719295549947,1.5652310103178,-1.51728987693787,1.2615342826331,-1.25045480344691,1.25599454304001,
21340,21340,2,7116.206,3,33.242537665885,30.0719340253432,1.56413447111845,-1.51795744895935,1.26216497429072,-1.25019841033802,1.25618169231437,
21350,21350,2,7119.539,3,33.2432305699082,30.0715518105433,1.56399197876453,-1.51710398495197,1.2625575267622,-1.25025522101598,1.25640637388909,
21360,21360,2,7122.872,3,33.2426784818639,30.0704655158488,1.56612787395716,-1.51799200102687,1.26217112101981,-1.25079250101787,1.25648181101884,
21370,21370,2,7126.206,3,33.2424884920511,30.0718446183725,1.5638479962945,-1.51798920705914,1.26111649131944,-1.25044129926936,1.2557788952944,
21380,21380,2,7129.539,3,33.2432171588626,30.0705973911307,1.5659861266613,-1.51878846809268,1.26249177538738,-1.25102104758134,1.25675641148436,
21390,21390,2,7132.872,3,33.2425913100674,30.0716389823398,1.56344454735518,-1.5189666301012,1.26209503196425,-1.25056907672865,1.25633205434645,
21400,21400,2,7136.206,3,33.2424102609517,30.0717887390158,1.56496129930019,-1.51920113712549,1.26132222047946,-1.2505930117192,1.25595761609933,
21410,21410,2,7139.539,3,33.2416950051858,30.0712210047516,1.56373791396618,-1.51815647259355,1.26142019561588,-1.25073885683672,1.2560795262263,
21420,21420,2,7142.872,3,33.2428505902826,30.0712567675399,1.56353078782558,-1.51946926489472,1.26186518154915,-1.25074090574641,1.25630304364778,
21430,21430,2,7146.206,3,33.2426963632581,30.0716546285596,1.56347695738077,-1.52069879695773,1.26184310920378,-1.25076539953052,1.25630425436715,
21440,21440,2,7149.539,3,33.2433691507129,30.0709863114534,1.56250335276127,-1.51730347424746,1.26243300893198,-1.25100875412316,1.25672088152757,
21450,21450,2,7152.872,3,33.2422269766617,30.0707113850183,1.56512409448624,-1.51835307478905,1.26186154939105,-1.25046011198567,1.25616083068836,
21460,21460,2,7156.206,3,33.2428997641165,30.0709907818019,1.5639990568161,-1.52043178677559,1.26156259483982,-1.25123832514147,1.25640045999065,
21470,21470,2,7159.539,3,33.2433020954848,30.0714065242158,1.56360827386379,-1.51629392057657,1.26290910103974,-1.25109117617233,1.25700013860604,
21480,21480,2,7162.872,3,33.2423387353751,30.0729331482412,1.56235285103321,-1.51791321113706,1.2619390354305,-1.24960273640976,1.25577088592013,
21490,21490,2,7166.206,3,33.2426941280838,30.0714177000872,1.56284067779779,-1.5191163867712,1.26152841530078,-1.25091515620291,1.25622178575185,
21500,21500,2,7169.539,3,33.2428684716767,30.0715093422322,1.56848002225161,-1.51923196390271,1.26178601912904,-1.25141732534318,1.25660167223611,
21510,21510,2,7172.872,3,33.2433244472275,30.0715540457176,1.56239382922649,-1.51703236624599,1.26182308576811,-1.25076009099176,1.25629158837993,
21520,21520,2,7176.206,3,33.2424683754827,30.0710131335446,1.56312808394432,-1.52063779532909,1.26086279904606,-1.25021200764783,1.25553740334694,
21530,21530,2,7179.539,3,33.2422135656161,30.0712500620171,1.5621448867023,-1.51790557429194,1.26177996553221,-1.25100074474889,1.25639035514055,
21540,21540,2,7182.872,3,33.2424348478687,30.0715763974603,1.56794134527445,-1.51751171797514,1.26201559014736,-1.25082388658914,1.25641973836825,
21550,21550,2,7186.206,3,33.2424013202546,30.0712299454486,1.56128564849496,-1.51946255937219,1.26174355081896,-1.25101266567803,1.2563781082485,
21560,21560,2,7189.539,3,33.2432819789164,30.0710511315072,1.56481377780437,-1.51925683021545,1.26202564843133,-1.25114929070192,1.25658746956662,
21570,21570,2,7192.872,3,33.2432238643854,30.0727789212167,1.56467780470848,-1.51650281623006,1.26248274155826,-1.25026360291928,1.25637317223877,
21580,21580,2,7196.206,3,33.24447779715,30.0727275122085,1.56337283551693,-1.51840997859836,1.26247706049047,-1.25018593061532,1.25633149555289,
21590,21590,2,7199.539,3,33.2438720649233,30.0724123526367,1.5651436522603,-1.51669541373849,1.2622621112368,-1.25065485153914,1.25645848138797,
21600,21600,2,7202.872,3,33.2431076353235,30.0722693014835,1.56285911798477,-1.516620721668,1.26159649498208,-1.24995617333249,1.25577633415728,
21610,21610,2,7206.206,3,33.2424639051341,30.0733131278669,1.5616019256413,-1.51815423741937,1.26089995881738,-1.25023258987705,1.25556627434722,
21620,21620,2,7209.539,3,33.2427880054031,30.0725531686156,1.56594794243574,-1.51620572432876,1.26268623554407,-1.24998811769731,1.25633717662069,
21630,21630,2,7212.872,3,33.2433020954848,30.0720681357993,1.56528763473034,-1.51900704950094,1.262201761533,-1.25072172050107,1.25646174101704,
21640,21640,2,7216.206,3,33.2427365963949,30.0722223628238,1.56224416568875,-1.51834320276976,1.26165246746971,-1.25059226666113,1.25612236706542,
21650,21650,2,7219.539,3,33.2430718725352,30.0710019576733,1.56610198318958,-1.51693876832724,1.26219319336518,-1.2503298199554,1.25626150666029,
21660,21660,2,7222.872,3,33.2440844064788,30.0714489925269,1.56430657953024,-1.51999499648809,1.26308158198332,-1.25112749775332,1.25710453986832,
21670,21670,2,7226.206,3,33.2435501998286,30.0726962197688,1.56255438923836,-1.51682710275054,1.26185866229103,-1.25018714133469,1.25602290181286,
21680,21680,2,7229.539,3,33.2431232815433,30.0715965140287,1.56622249633074,-1.51849547401071,1.26220055081364,-1.25055883218016,1.2563796914969,
21690,21690,2,7232.872,3,33.2437401896414,30.0723631788028,1.56657863408327,-1.51632772758603,1.26217270426821,-1.25038588557529,1.25627929492175,
21700,21700,2,7236.206,3,33.2437357192929,30.0725710500097,1.56379565596581,-1.51848262175918,1.26143537617409,-1.25034341726521,1.25588939671965,
21710,21710,2,7239.539,3,33.2428662365025,30.0722760070063,1.5616562217474,-1.51618216186762,1.26154219887511,-1.25003403190097,1.25578811538804,
21720,21720,2,7242.872,3,33.2420392220231,30.0726448107606,1.56709533184767,-1.51613829657435,1.26162108189844,-1.25040292877868,1.25601200533856,
21730,21730,2,7246.206,3,33.2429332917305,30.0712344157972,1.56452152878046,-1.51861337944865,1.26117907619746,-1.25067440931352,1.25592674275549,
21740,21740,2,7249.539,3,33.243237275431,30.0733533610037,1.56287793070078,-1.51604963466525,1.26262346440154,-1.2496176375712,1.25612055098637,
21750,21750,2,7252.872,3,33.2425935452417,30.0725889314039,1.56366974115372,-1.51832988485694,1.26170052371533,-1.25053778428964,1.25611915400248,
21760,21760,2,7256.206,3,33.2439949995081,30.0720211971397,1.56453382223845,-1.5201024711132,1.26158988259169,-1.25034863267171,1.2559692576317,
21770,21770,2,7259.539,3,33.2429735248674,30.0721441317244,1.56318359076977,-1.51666672900319,1.26168059341191,-1.24992068994182,1.25580064167687,
21780,21780,2,7262.872,3,33.243261862348,30.0722000110812,1.56317986547947,-1.51589857414365,1.26225438125931,-1.24980660292461,1.25603049209196,
21790,21790,2,7266.206,3,33.2430517559668,30.0713260579422,1.56430043280125,-1.51806026697159,1.26201614894091,-1.25063603882283,1.25632609388187,
21800,21800,2,7269.539,3,33.2435501998286,30.0724972892589,1.56610943377018,-1.5171398408711,1.26185093231353,-1.25074444477225,1.25629768854289,
21810,21810,2,7272.872,3,33.2437401896414,30.0717686224473,1.56620256602764,-1.51607366278768,1.26256553613647,-1.25065056745523,1.25660805179585,
21820,21820,2,7276.206,3,33.2429154103364,30.0715004015351,1.56107218936086,-1.51752280071378,1.26157144240442,-1.25076502700148,1.25616823470295,
21830,21830,2,7279.539,3,33.2435122018661,30.0724503505992,1.56379323452711,-1.51747902855277,1.26207882695119,-1.25071231414291,1.25639557054705,
21840,21840,2,7282.872,3,33.2446700221371,30.0716434526883,1.56314559280872,-1.51609992608428,1.26245871343545,-1.25006467241416,1.25626169292481,
21850,21850,2,7286.206,3,33.2435479646544,30.072448115425,1.56100383028388,-1.51666887104511,1.26214644097119,-1.24970276045588,1.25592460071353,
21860,21860,2,7289.539,3,33.2428751771995,30.0723609436285,1.5645420178771,-1.51797356083989,1.26224115647854,-1.25033987823937,1.25629051735895,
21870,21870,2,7292.872,3,33.2438318317865,30.0720748413221,1.56597793102264,-1.51634477078915,1.26204688258637,-1.24998951468119,1.25601819863378,
21880,21880,2,7296.206,3,33.2439212387572,30.0720301378368,1.56548321247101,-1.51919843629003,1.26178862683229,-1.25086439912178,1.25632651297704,
21890,21890,2,7299.539,3,33.2437714820812,30.0728906799301,1.56450383365154,-1.51436254382133,1.2628347814971,-1.24994117903879,1.25638798026795,
21900,21900,2,7302.872,3,33.2446387296974,30.0720815468449,1.56595949083567,-1.51755241677165,1.26218648784254,-1.24973638120136,1.25596143452195,
21910,21910,2,7306.206,3,33.2433244472275,30.0735657025592,1.56128406524658,-1.51779167354107,1.26147262907767,-1.24990392613521,1.25568827760644,
21920,21920,2,7309.539,3,33.242745537092,30.0725621093127,1.56537014991045,-1.51647236198187,1.26247082062912,-1.25076297809178,1.25661689936045,
21930,21930,2,7312.872,3,33.2434138541982,30.0719116736005,1.56305823475122,-1.51768149808049,1.26117004236834,-1.25063147534214,1.25590075885524,
21940,21940,2,7316.206,3,33.2436127847081,30.0716076899,1.56493224203587,-1.51581447571516,1.26180445931632,-1.25081801925682,1.25631123928657,
21950,21950,2,7319.539,3,33.2431813960743,30.0727252770343,1.56562831252813,-1.51745919138193,1.26182830117461,-1.25031175229716,1.25607002673589,
21960,21960,2,7322.872,3,33.2425577824534,30.0715808678088,1.56221920624375,-1.51687748730183,1.26203235395397,-1.25053610790898,1.25628423093147,
21970,21970,2,7326.206,3,33.2430986946264,30.0714378166556,1.56031837686896,-1.517069991678,1.26130610859867,-1.25045564163724,1.25588087511795,
21980,21980,2,7329.539,3,33.2429265862077,30.0722290683466,1.56248705461621,-1.51636516675353,1.26217847846827,-1.25038271907848,1.25628059877338,
21990,21990,2,7332.872,3,33.2430428152697,30.0724995244331,1.56672112643719,-1.51726072654128,1.26215482287449,-1.24975295874345,1.25595389080897,
22000,22000,2,7336.206,3,33.2432708030451,30.073205839502,1.56255420297384,-1.51636693626642,1.26236865454105,-1.2499032742094,1.25613596437522,
22010,22010,2,7339.539,3,33.2430137580042,30.0722715366577,1.56893115490675,-1.51592856273055,1.26287035802002,-1.25054281343162,1.25670658572582,
22020,22020,2,7342.872,3,33.2424750810055,30.0728772688845,1.5633711591363,-1.51461539790034,1.26191016443023,-1.24962071093574,1.25576543768298,
22030,22030,2,7346.206,3,33.2445180302869,30.0722760070063,1.56458429992199,-1.51753146201372,1.26295399078856,-1.24985084074761,1.25640241576808,
22040,22040,2,7349.539,3,33.2442185169349,30.0724458802507,1.56752970069647,-1.51626002043486,1.26316912630674,-1.25008739668535,1.25662826149604,
22050,22050,2,7352.872,3,33.2440866416531,30.0739680339275,1.5636732801795,-1.5151490457356,1.26268278965049,-1.24920301275434,1.25594290120242,
22060,22060,2,7356.206,3,33.2440285271221,30.0734360624516,1.56369432806969,-1.51704819872975,1.26179915077756,-1.24972306328833,1.25576110703294,
22070,22070,2,7359.539,3,33.2453361040691,30.0734584141943,1.56473573297262,-1.51560930535197,1.26340055997023,-1.25009475413381,1.25674765705202,
22080,22080,2,7362.872,3,33.2454523331311,30.0735031176797,1.56706105917692,-1.51606416329741,1.26344619477712,-1.24986257541224,1.25665438509468,
22090,22090,2,7366.206,3,33.2449628299663,30.0733444203066,1.56370531767607,-1.51560204103589,1.26235142507314,-1.24957181649979,1.25596162078647,
22100,22100,2,7369.539,3,33.2444129770963,30.0738518048656,1.5655504539609,-1.51441507041454,1.26358617256232,-1.24998392674565,1.25678504965399,
22110,22110,2,7372.872,3,33.2439145332344,30.073780279289,1.56568512320518,-1.51770748198032,1.26214150496146,-1.24914825098608,1.25564487797377,
22120,22120,2,7376.206,3,33.2441313451384,30.0733958293148,1.56553164124489,-1.51597429066896,1.26278886729344,-1.24913120778269,1.25596003753806,
22130,22130,2,7379.539,3,33.2445202654611,30.0732170153733,1.56127503141761,-1.51495253667235,1.2633627482731,-1.24965051325861,1.25650663076585,
22140,22140,2,7382.872,3,33.2441939300179,30.0734070051861,1.56506430357695,-1.51377022266388,1.26270197489583,-1.24913800643759,1.25591999066671,
22150,22150,2,7386.206,3,33.2437871283011,30.0744843591836,1.56268738210201,-1.51710053905845,1.26216357730683,-1.24925162779352,1.25570760255017,
22160,22160,2,7389.539,3,33.244685668357,30.0732281912447,1.56642235815525,-1.51427080854774,1.26307599404778,-1.24988706919634,1.25648153162206,
22170,22170,2,7392.872,3,33.2449985927546,30.074846457415,1.56533196568489,-1.51351690292358,1.26303827548291,-1.24842079491141,1.25572953519716,
22180,22180,2,7396.206,3,33.2456445581182,30.0752152611693,1.563735678792,-1.51498075574636,1.26334225917613,-1.24896757440371,1.25615491678992,
22190,22190,2,7399.539,3,33.2444822674986,30.0736260522644,1.56547091901302,-1.51487337425351,1.26276474603837,-1.24933693694272,1.25605084149054,
22200,22200,2,7402.872,3,33.2448063677675,30.0741043795579,1.56575441360474,-1.51645485311747,1.26278476947404,-1.24926485257429,1.25602481102416,
22210,22210,2,7406.206,3,33.2457272595661,30.074412833607,1.56581867486238,-1.51372905820608,1.26320004621671,-1.24909972907917,1.25614988764794,
22220,22220,2,7409.539,3,33.2461139447146,30.0757695843879,1.56652983278036,-1.51388356462121,1.2634793498613,-1.24850722164772,1.25599328575451,
22230,22230,2,7412.872,3,33.2462480551707,30.0753694881939,1.56680960208178,-1.5128125436604,1.26360545093992,-1.24840431050157,1.25600488072075,
22240,22240,2,7416.206,3,33.2459284252503,30.0747659911414,1.56670734286308,-1.51639524847269,1.26289401361379,-1.24841148168551,1.25565274764965,
22250,22250,2,7419.539,3,33.2462927586561,30.0749582161285,1.56720653176308,-1.51326451450586,1.26325396979464,-1.24902531640426,1.25613964309945,
22260,22260,2,7422.872,3,33.2455707973673,30.0750811507132,1.56596526503563,-1.51470452547073,1.26391604702353,-1.24885525689942,1.25638565196147,
22270,22270,2,7426.206,3,33.2461497075029,30.0749649216513,1.566506549716,-1.51521330699325,1.26295892679828,-1.24886205555432,1.2559104911763,
22280,22280,2,7429.539,3,33.2466682679332,30.0758276989189,1.56365800648928,-1.51146994903684,1.26386622126499,-1.24859159947433,1.25622891036966,
22290,22290,2,7432.872,3,33.2460938281462,30.0753069033143,1.56731251627207,-1.51409786194563,1.26261489623371,-1.24850601092835,1.25556045358103,
22300,22300,2,7436.206,3,33.2455707973673,30.0753761937167,1.56408417969942,-1.51533028110862,1.26312935883216,-1.24920347841564,1.2561664186239,
22310,22310,2,7439.539,3,33.2457451409603,30.0744843591836,1.56561359763145,-1.51504287496209,1.2629019298558,-1.24958448248701,1.25624320617141,
22320,22320,2,7442.872,3,33.2452466970984,30.0756690015458,1.56366210430861,-1.5148563310504,1.26273391926065,-1.24833008409119,1.25553200167592,
22330,22330,2,7446.206,3,33.2459798342585,30.0760892143083,1.56560614705086,-1.51573801413178,1.26330817276935,-1.24913837896663,1.25622327586799,
22340,22340,2,7449.539,3,33.2472471780687,30.0762970855153,1.56457684934139,-1.51294460520148,1.26367399628251,-1.24895360456487,1.25631380042369,
22350,22350,2,7452.872,3,33.2472404725459,30.0760825087855,1.56402532011271,-1.51506494730711,1.26384750168094,-1.24857399747738,1.25621074957916,
22360,22360,2,7456.206,3,33.2468247301319,30.0774034967782,1.5660235658288,-1.51522681117058,1.2632738069658,-1.24889176474493,1.25608278585536,
22370,22370,2,7459.539,3,33.2468649632688,30.0759774555949,1.56950186938047,-1.51292895898223,1.26334021026643,-1.24836919963995,1.25585470495319,
22380,22380,2,7462.872,3,33.2463084048759,30.076536249162,1.56304500997066,-1.51291079819202,1.26360265697216,-1.24809213116957,1.25584739407086,
22390,22390,2,7466.206,3,33.2462100572081,30.0771866848741,1.56687200069427,-1.51325827464461,1.26272367471217,-1.24829115480695,1.25550741475956,
22400,22400,2,7469.539,3,33.2466705031074,30.0767374148462,1.56472697854042,-1.51407234370708,1.26267431461492,-1.24855863065466,1.25561647263479,
22410,22410,2,7472.872,3,33.2458077258398,30.0763619055691,1.56342014670372,-1.51359280571342,1.26302803093442,-1.24790083750968,1.25546443422205,
22420,22420,2,7476.206,3,33.2454210406913,30.0766010692158,1.56375952064991,-1.51414582505822,1.26217382185532,-1.24887788803834,1.25552585494683,
22430,22430,2,7479.539,3,33.2465743906139,30.0760646273914,1.56386364251375,-1.51386298239231,1.26278765657407,-1.24871024997223,1.25574895327315,
22440,22440,2,7482.872,3,33.2461206502374,30.0761719157563,1.56716834753752,-1.51510527357459,1.26267580473107,-1.24837879226262,1.25552729849684,
22450,22450,2,7486.206,3,33.2451774066961,30.0763462593492,1.56425498425961,-1.51440529152751,1.26205554388645,-1.24837981671747,1.25521768030196,
22460,22460,2,7489.539,3,33.2468090839121,30.0755058338242,1.56653635203838,-1.514199282974,1.26229992293394,-1.24883271889275,1.25556632091335,
22470,22470,2,7492.872,3,33.2464603967262,30.0770257523268,1.56300701200962,-1.51450661942363,1.26287492150071,-1.24827634677777,1.25557563413924,
22480,22480,2,7496.206,3,33.2461474723286,30.0766457727012,1.56602989882231,-1.51442410424352,1.26308111632203,-1.24902876229784,1.25605493930994,
22490,22490,2,7499.539,3,33.2475533969435,30.0765988340415,1.56541187316179,-1.51178725063801,1.26323077986216,-1.24841278553714,1.25582178269965,
22500,22500,2,7502.872,3,33.2459463066444,30.0763596703948,1.56489033252001,-1.51333576068282,1.26284064882941,-1.24800132721709,1.25542098802325,
22510,22510,2,7506.206,3,33.2469700164594,30.0762970855153,1.56592633575201,-1.51396216824651,1.26248376601311,-1.24822754547408,1.2553556557436,
22520,22520,2,7509.539,3,33.246583331311,30.0759260465867,1.5668073669076,-1.51268923655152,1.26272367471217,-1.24834917620427,1.25553642545822,
22530,22530,2,7512.872,3,33.2456736153837,30.0749246885144,1.56236384063959,-1.51184825226665,1.26279613160963,-1.2487411698822,1.25576865074592,
22540,22540,2,7516.206,3,33.2458770162421,30.0760668625656,1.56425163149834,-1.51553750038147,1.2627796471998,-1.24814670667331,1.25546317693656,
22550,22550,2,7519.539,3,33.2454165703428,30.0758634617072,1.56663153320551,-1.51241347193718,1.26288591110726,-1.24833148107507,1.25560869609117,
22560,22560,2,7522.872,3,33.2462681717391,30.0762523820299,1.56798548996449,-1.51376472786069,1.263525636594,-1.24746479227327,1.25549521443364,
22570,22570,2,7526.206,3,33.2463575787098,30.0760869791341,1.56344473361969,-1.51353850960732,1.26359185363012,-1.24801455199786,1.25580320281399,
22580,22580,2,7529.539,3,33.2464313394607,30.0760758032627,1.56705752015114,-1.51505172252655,1.26335697407304,-1.24836268038182,1.25585982722743,
22590,22590,2,7532.872,3,33.2464246339379,30.0767687072859,1.56182954087853,-1.51060977950692,1.26448471259669,-1.24784402683172,1.2561643697142,
22600,22600,2,7536.206,3,33.24670850107,30.0765317788135,1.567517593503,-1.5146960504353,1.26324745053651,-1.24799639120737,1.25562192087194,
22610,22610,2,7539.539,3,33.2459552473415,30.0767910590286,1.56502053141594,-1.51290204375982,1.26243962132237,-1.2480675442532,1.25525358278779,
22620,22620,2,7542.872,3,33.2456065601556,30.0763216724322,1.5657227486372,-1.51187479496002,1.26286616706837,-1.2480872882921,1.25547672768023,
22630,22630,2,7546.206,3,33.2460513598351,30.0754700710359,1.56381018459797,-1.51542192324996,1.26339012915723,-1.24851318211229,1.25595165563476,
22640,22640,2,7549.539,3,33.2454992717907,30.0765474250334,1.5632688999176,-1.51346083730459,1.26312535414503,-1.247982235104,1.25555379462452,
22650,22650,2,7552.872,3,33.2469901330278,30.0758746375785,1.56456138938665,-1.51343243196607,1.26386240284237,-1.24868417293972,1.25627328789105,
22660,22660,2,7556.206,3,33.2465699202653,30.0761741509305,1.56381204724312,-1.51289496570826,1.26306621516059,-1.24869385869465,1.25588003692762,
22670,22670,2,7559.539,3,33.2470705993015,30.0767530610661,1.56745463609695,-1.5132755972445,1.26339990804442,-1.24858880550656,1.25599435677549,
22680,22680,2,7562.872,3,33.2471175379611,30.0751750280325,1.56340524554253,-1.51307191699743,1.26425272013964,-1.24902457134619,1.25663864574291,
22690,22690,2,7566.206,3,33.2464134580666,30.0766167154357,1.56406071037054,-1.51570765301585,1.26378063271901,-1.2486574439814,1.25621903835021,
22700,22700,2,7569.539,3,33.2461653537227,30.0763596703948,1.56771950423717,-1.51262087747455,1.26287855365881,-1.24862363697141,1.25575109531511,
22710,22710,2,7572.872,3,33.2462748772619,30.0762769689469,1.5650998800993,-1.51598230004311,1.26431716766283,-1.2491041994276,1.25671068354521,
22720,22720,2,7576.206,3,33.2459328955988,30.0767329444976,1.56207298859954,-1.51469307020307,1.26338323737006,-1.2482776506294,1.25583044399973,
22730,22730,2,7579.539,3,33.2451394087335,30.0767552962403,1.56470686197281,-1.51172811165452,1.26312283957404,-1.24917218597663,1.25614751277533,
22740,22740,2,7582.872,3,33.2456445581182,30.0761383881422,1.56128732487559,-1.51327177882195,1.2636452184145,-1.24846400827956,1.25605461334703,
22750,22750,2,7586.206,3,33.2443749791337,30.0765384843363,1.56258083879948,-1.5137042850256,1.26203254021849,-1.24853646517703,1.25528450269776,
22760,22760,2,7589.539,3,33.245018709323,30.0764311959714,1.56596284359694,-1.51261817663908,1.26312507474825,-1.24836044520761,1.25574275997793,
22770,22770,2,7592.872,3,33.2448153084646,30.076560836079,1.56403947621584,-1.51225076988339,1.26320386463932,-1.24808291107593,1.25564338785763,
22780,22780,2,7596.206,3,33.2459664232129,30.0759573390265,1.56194325536489,-1.515784393996,1.26304339775715,-1.24812724203119,1.25558531989417,
22790,22790,2,7599.539,3,33.2451751715218,30.0765228381164,1.56085034832358,-1.51282120496035,1.26323525021059,-1.24856058643209,1.25589791832134,
22800,22800,2,7602.872,3,33.2450455314142,30.0770816316835,1.56357288360596,-1.51357250288129,1.26353578801023,-1.24798195570723,1.25575887185873,
22810,22810,2,7606.206,3,33.2461206502374,30.0762926151668,1.56075218692422,-1.51347517967224,1.26312460908696,-1.2479650056361,1.25554480736153,
22820,22820,2,7609.539,3,33.244444269536,30.0761495640136,1.56214572489262,-1.51166552677751,1.26295715728536,-1.24860705942931,1.25578210835734,
22830,22830,2,7612.872,3,33.2449650651406,30.0756220628862,1.561857201159,-1.51425395160913,1.26276260399641,-1.24803522735935,1.25539891567788,
22840,22840,2,7616.206,3,33.2461072391918,30.0766345968298,1.5642274171114,-1.51377664878964,1.26299673849542,-1.24818097934461,1.25558885892001,
22850,22850,2,7619.539,3,33.2449158913067,30.0764379014942,1.56188029795885,-1.51419043540955,1.26304051065712,-1.24885246293165,1.25594648679439,
22860,22860,2,7622.872,3,33.2442431038519,30.0763954331831,1.55967120081186,-1.51313384994864,1.26310244360933,-1.24808477372111,1.25559360866522,
22870,22870,2,7626.206,3,33.2457741982258,30.0760065128604,1.5631940215826,-1.51509856805205,1.26277610817396,-1.2486381656038,1.25570713688888,
22880,22880,2,7629.539,3,33.2468113190863,30.0760266294288,1.56412739306688,-1.51256090030074,1.26374440427028,-1.24906694652401,1.25640567539715,
22890,22890,2,7632.872,3,33.2460535950093,30.0765965988673,1.56561583280563,-1.51432929560542,1.26387162293601,-1.24845981732791,1.25616572013196,
22900,22900,2,7636.206,3,33.24652521678,30.0757271160768,1.56394429504871,-1.51539677754045,1.2634351120383,-1.24881232292804,1.25612371748317,
22910,22910,2,7639.539,3,33.2461206502374,30.0760690977399,1.56477242708206,-1.51239577680826,1.26388345073289,-1.24909199910167,1.25648772491728,
22920,22920,2,7642.872,3,33.2458390182796,30.0761942674989,1.56156215816736,-1.51342200115323,1.26321438858459,-1.24798884749439,1.25560161803949,
22930,22930,2,7646.206,3,33.246408987718,30.0762300302872,1.56171265989542,-1.51364076882601,1.2633606993634,-1.24873483688859,1.256047768126,
22940,22940,2,7649.539,3,33.2458054906655,30.0765876581702,1.56313665211201,-1.51208927854896,1.2633731790861,-1.24911733107611,1.2562452550811,
22950,22950,2,7652.872,3,33.2466794438045,30.0763887276603,1.56218651682138,-1.5138640999794,1.26499954772417,-1.24824477494199,1.25662216133308,
22960,22960,2,7656.206,3,33.2459127790304,30.0762054433703,1.56273543834686,-1.51468841359019,1.26291357138817,-1.249363293372,1.25613843238009,
22970,22970,2,7659.539,3,33.2460223025696,30.0762322654615,1.56381018459797,-1.51256052777171,1.2633409553245,-1.24874973805003,1.25604534668726,
22980,22980,2,7662.872,3,33.2468761391401,30.0759104003668,1.56396105885506,-1.5123387798667,1.26302113914726,-1.24846922368606,1.25574518141666,
22990,22990,2,7666.206,3,33.246350873187,30.0772626807993,1.55976824462414,-1.51257496327162,1.26324791619781,-1.24772230296927,1.25548510958354,
23000,23000,2,7669.539,3,33.2455640918445,30.0765742471246,1.56061109155416,-1.51180541142821,1.26277731889333,-1.24915691228616,1.25596711558974,
23010,23010,2,7672.872,3,33.2459977156526,30.0760176887317,1.56276449561119,-1.51351494714618,1.26270439633457,-1.24816654384447,1.25543547008952,
23020,23020,2,7676.206,3,33.2457384354375,30.0757874657821,1.56312994658947,-1.51196392253041,1.26282062539374,-1.24923905493856,1.25602984016615,
23030,23030,2,7679.539,3,33.2477880902417,30.0755751242266,1.56547445803881,-1.51401590555906,1.26332493657596,-1.24889679388691,1.25611086523144,
23040,23040,2,7682.872,3,33.2462949938303,30.0770704558122,1.56440511345863,-1.51254665106535,1.26223705865915,-1.24821180612232,1.25522443239073,
23050,23050,2,7686.206,3,33.246592272008,30.0762099137188,1.56293213367462,-1.51537777855992,1.26334244544064,-1.24890554831925,1.25612399687995,
23060,23060,2,7689.539,3,33.246109474366,30.0761830916276,1.56474057585001,-1.51326842606068,1.26273075276385,-1.24913204597302,1.25593139936844,
23070,23070,2,7692.872,3,33.246075946752,30.0761383881422,1.56386308372021,-1.51540376245975,1.26297969529203,-1.24891467528063,1.25594718528633,
23080,23080,2,7696.206,3,33.2465430981741,30.0754968931272,1.56224826350808,-1.51511346921325,1.2629674949661,-1.24929102273905,1.25612925885258,
23090,23090,2,7699.539,3,33.2468716687916,30.0769922247128,1.5642661601305,-1.51081848889589,1.26273671322842,-1.24901395426867,1.25587533374855,
23100,23100,2,7702.872,3,33.2462122923824,30.0769631674473,1.56609490513802,-1.51538923382759,1.26253228792002,-1.24887034432537,1.2557013161227,
23110,23110,2,7706.206,3,33.2471801228406,30.0765496602076,1.56390517950058,-1.51468459516764,1.26233028405036,-1.24869935349793,1.25551481877414,
23120,23120,2,7709.539,3,33.2458300775825,30.0770168116297,1.56367681920528,-1.51138789951801,1.26272441977024,-1.24869441748821,1.25570941862922,
23130,23130,2,7712.872,3,33.2458032554913,30.0775867810682,1.56130325049162,-1.51190301403403,1.2619764745986,-1.24795876577475,1.25496762018667,
23140,23140,2,7716.206,3,33.2453383392434,30.0777588894869,1.56017038971186,-1.51431979611516,1.26321448171684,-1.24887127564796,1.2560428786824,
23150,23150,2,7719.539,3,33.2461407668058,30.0764133145772,1.56065002083778,-1.51243563741446,1.26213601015818,-1.24944273518888,1.25578937267353,
23160,23160,2,7722.872,3,33.2461072391918,30.0763216724322,1.56373362988234,-1.51340458542109,1.26245023839989,-1.24939393388519,1.25592208614254,
23170,23170,2,7726.206,3,33.2460826522748,30.077285032542,1.56016107648611,-1.51272583752871,1.26318868408111,-1.24826042116149,1.2557245526213,
23180,23180,2,7729.539,3,33.2465989775308,30.0768581142567,1.56625732779503,-1.51179200038314,1.26309527242539,-1.24908939139842,1.2560923319119,
23190,23190,2,7732.872,3,33.2468046135635,30.0779779365652,1.56152015551925,-1.51216611266136,1.26234183245047,-1.2483187219556,1.25533027720303,
23200,23200,2,7736.206,3,33.24670850107,30.0779175868599,1.562718488276,-1.51115171611309,1.26240264781556,-1.24886848168019,1.25563556474788,
23210,23210,2,7739.539,3,33.2466436810162,30.0762345006358,1.56465508043766,-1.5126527287066,1.26274546766076,-1.24900613115892,1.25587579940984,
23220,23220,2,7742.872,3,33.2456333822469,30.0775331368858,1.56286265701056,-1.51158710941672,1.26283375704225,-1.24820007145769,1.25551691424997,
23230,23230,2,7746.206,3,33.2467241472899,30.0771464517373,1.56157873570919,-1.51374274864793,1.26220995717179,-1.24870838732705,1.25545917224942,
23240,23240,2,7749.539,3,33.2466660327589,30.0777007749559,1.56366322189569,-1.51073159649968,1.26216693006816,-1.24812714889893,1.25514703948354,
23250,23250,2,7752.872,3,33.2464492208548,30.0775152554916,1.56104201450944,-1.51300486177206,1.26250881859077,-1.24865828217173,1.25558355038125,
23260,23260,2,7756.206,3,33.2471197731354,30.0769631674473,1.56250540167093,-1.51237938553095,1.26337718377323,-1.24834042177193,1.25585880277258,
23270,23270,2,7759.539,3,33.2468828446629,30.078134398764,1.56207829713821,-1.51079436764121,1.26275738858991,-1.24906052039815,1.25590895449403,
23280,23280,2,7762.872,3,33.24874027448,30.0782171002119,1.56169859692454,-1.51288500055671,1.262797342329,-1.24834293634292,1.25557013933596,
23290,23290,2,7766.206,3,33.2477970309387,30.0767865886801,1.56614314764738,-1.5126665122807,1.26300707617616,-1.24931952121029,1.25616329869323,
23300,23300,2,7769.539,3,33.2474461085786,30.0778572371547,1.56458336859941,-1.51104303076863,1.26306910226062,-1.24874675781774,1.25590793003918,
23310,23310,2,7772.872,3,33.2474349327073,30.0780002883079,1.56086878851056,-1.50932781398296,1.26249941223261,-1.24862810731983,1.25556375977622,
23320,23320,2,7776.206,3,33.2464022821952,30.0779757013909,1.56429316848516,-1.51293594390154,1.26244297408369,-1.24879975007308,1.25562136207839,
23330,23330,2,7779.539,3,33.2466570920618,30.0780449917932,1.56534165143967,-1.51339713484049,1.26203989766695,-1.24950606512497,1.25577298139596,
23340,23340,2,7782.872,3,33.2463307566186,30.0775554886284,1.56292095780373,-1.51044437661767,1.26270178863132,-1.24865073845876,1.25567626354504,
23350,23350,2,7786.206,3,33.2466593272361,30.0778326502377,1.56178083270788,-1.51248788461089,1.26162443465976,-1.24931821735867,1.25547132600921,
23360,23360,2,7789.539,3,33.2465475685227,30.0787870696504,1.56418140977621,-1.50892222300172,1.26265783020509,-1.24860817701642,1.25563300361075,
23370,23370,2,7792.872,3,33.2465676850911,30.0788384786586,1.56202735379338,-1.51151176542044,1.2624706343646,-1.24854913116424,1.25550988276442,
23380,23380,2,7796.206,3,33.2467040307215,30.0786149612317,1.56273618340492,-1.51075543835759,1.26186769612014,-1.24843485788251,1.25515127700133,
23390,23390,2,7799.539,3,33.2476316280429,30.078442852813,1.56393386423588,-1.51091860607266,1.26208301790284,-1.24935099991382,1.25571700890833,
23400,23400,2,7802.872,3,33.2477836198931,30.0792318693298,1.56171713024378,-1.50941032916307,1.26213517196785,-1.24789813667417,1.25501665432101,
23410,23410,2,7806.206,3,33.2470527179073,30.078051697316,1.56239494681358,-1.51191493496299,1.2626267240306,-1.24865362555879,1.25564017479469,
23420,23420,2,7809.539,3,33.2470281309904,30.0782103946891,1.56116392463446,-1.51056163012981,1.26238253124763,-1.24833557889447,1.25535905507105,
23430,23430,2,7812.872,3,33.2461519426771,30.0787356606422,1.56493224203587,-1.51002546772361,1.26168375990871,-1.24782437592508,1.2547540679169,
23440,23440,2,7816.206,3,33.2459686583871,30.0781500449839,1.56155899167061,-1.5125460922718,1.26206280820265,-1.24870289252377,1.25538285036321,
23450,23450,2,7819.539,3,33.2470258958161,30.0781478098096,1.56125398352742,-1.50997154414654,1.26264684059853,-1.24844137714064,1.25554410886959,
23460,23460,2,7822.872,3,33.2472851760313,30.0789882353345,1.56019730493426,-1.51225719600916,1.26245442935154,-1.24782931193481,1.25514187064317,
23470,23470,2,7826.206,3,33.2470124847705,30.0789301208036,1.56130772083998,-1.51170790195465,1.26227747805953,-1.24819429725764,1.25523588765858,
23480,23480,2,7829.539,3,33.2466012127051,30.0788809469697,1.56350210309029,-1.51034621521831,1.2624629043871,-1.2483395835816,1.25540124398435,
23490,23490,2,7832.872,3,33.247099656567,30.0797593704572,1.56247327104211,-1.50967091321945,1.26309247845762,-1.24820547312871,1.25564897579316,
23500,23500,2,7836.206,3,33.2465453333484,30.0792922190351,1.56024172902107,-1.5104953199625,1.26232516177611,-1.24905372174324,1.25568944175968,
23510,23510,2,7839.539,3,33.247349996085,30.0792095175871,1.55965760350227,-1.50978518649936,1.26345001319973,-1.24909600378881,1.25627300849427,
23520,23520,2,7842.872,3,33.2473030574254,30.0799270085273,1.5626160427928,-1.51119576767087,1.26224981777862,-1.24814298138296,1.25519639958079,
23530,23530,2,7846.206,3,33.2473052925997,30.0790172926,1.56152304261923,-1.51284653693438,1.26231854938573,-1.2487218915046,1.25552022044516,
23540,23540,2,7849.539,3,33.2470728344758,30.079408448097,1.56313665211201,-1.5077343210578,1.26237852656049,-1.24836677820122,1.25537265238086,
23550,23550,2,7852.872,3,33.2473365850394,30.0796900800548,1.55933946371078,-1.51134543120861,1.26263864495975,-1.24823061883863,1.25543463189919,
23560,23560,2,7856.206,3,33.2469856626793,30.0798510126022,1.56050147488713,-1.51175018399954,1.26245321863217,-1.24915309386355,1.25580315624786,
23570,23570,2,7859.539,3,33.2477880902417,30.0796610227894,1.56052876263857,-1.51013629510999,1.26319240937147,-1.24894913421644,1.25607077179396,
23580,23580,2,7862.872,3,33.2471063620898,30.078983764986,1.55957611277699,-1.51118189096451,1.26248506986473,-1.24858163432262,1.25553335209368,
23590,23590,2,7866.206,3,33.2480339594112,30.080640029119,1.56272370368242,-1.51128116995096,1.26314547071296,-1.24885255606391,1.25599901338843,
23600,23600,2,7869.539,3,33.2469633109366,30.0798599532993,1.56203638762236,-1.50886569172144,1.26267086872134,-1.24917023019919,1.25592054946027,
23610,23610,2,7872.872,3,33.2479892559258,30.0796967855777,1.56214535236359,-1.51029955595732,1.26321373665877,-1.2483359514235,1.25577484404114,
23620,23620,2,7876.206,3,33.2472024745833,30.0799605361413,1.56175587326288,-1.51180969551206,1.26299375826313,-1.24905465306583,1.25602420566448,
23630,23630,2,7879.539,3,33.249131429977,30.0801035872945,1.56266000121832,-1.50893004611135,1.26328079188522,-1.24879071624396,1.25603575406459,
23640,23640,2,7882.872,3,33.2472807056827,30.0801594666512,1.56171955168247,-1.51185877621174,1.26356661478794,-1.24868612871716,1.25612637175255,
23650,23650,2,7886.206,3,33.248315591369,30.0808523706745,1.55949695035815,-1.51113485917449,1.26302998671186,-1.24912105636647,1.25607552153916,
23660,23660,2,7889.539,3,33.2482887692778,30.0808143727119,1.5622447244823,-1.50882098823786,1.26341788257039,-1.24827681243907,1.25584734750473,
23670,23670,2,7892.872,3,33.2476405687399,30.0807607285295,1.56210064888,-1.50980437174439,1.26348000178712,-1.24893441931953,1.25620721055332,
23680,23680,2,7896.206,3,33.2477031536195,30.0810781232756,1.56236346811056,-1.51156801730394,1.26383502195824,-1.24886522205113,1.25635012200468,
23690,23690,2,7899.539,3,33.248223949224,30.0805483869739,1.56030142679811,-1.50904050096869,1.2627812304482,-1.24828472868108,1.25553297956464,
23700,23700,2,7902.872,3,33.2476919777481,30.0811340026323,1.55977392569184,-1.51034323498607,1.26292828628509,-1.24893209101305,1.25593018864907,
23710,23710,2,7906.206,3,33.2453808075545,30.0803472212898,1.55972391366959,-1.51040619239211,1.26187449477505,-1.24880822510865,1.25534135994185,
23720,23720,2,7909.539,3,33.248165834693,30.0814737491211,1.56184928491712,-1.50658972561359,1.26293433988192,-1.24831732497171,1.25562583242682,
23730,23730,2,7912.872,3,33.2471309490067,30.0817486755561,1.55816841870546,-1.51112750172615,1.26244707190308,-1.24834591657521,1.25539649423915,
23740,23740,2,7916.206,3,33.2470705993015,30.0816257409714,1.55871277675033,-1.5068537555635,1.26249550067774,-1.24900715561377,1.25575132814575,
23750,23750,2,7919.539,3,33.2474684603213,30.0821107737876,1.55763057991862,-1.50879416614771,1.26219952635879,-1.24879378960851,1.25549665798365,
23760,23760,2,7922.872,3,33.2471600062722,30.0802756957132,1.56193291768432,-1.51014551520348,1.2621949628781,-1.24882079796361,1.25550788042085,
23770,23770,2,7926.206,3,33.2479177303492,30.0820861868707,1.55997779220343,-1.5094356611371,1.26335064107943,-1.24846186623761,1.25590625365852,
23780,23780,2,7929.539,3,33.2481635995188,30.0819252543233,1.55982868745923,-1.5078634954989,1.26265354612118,-1.24918857725421,1.25592106168769,
23790,23790,2,7932.872,3,33.2469923682021,30.0833580010294,1.56129524111748,-1.50828408077359,1.26227319397562,-1.24838689476915,1.25533004437238,
23800,23800,2,7936.206,3,33.2489503808613,30.0811608247235,1.56161990016699,-1.50984162464738,1.2632499651075,-1.24922108041258,1.25623552276004,
23810,23810,2,7939.539,3,33.2486173398953,30.0819252543233,1.56169822439551,-1.50756230577827,1.26289783203641,-1.24856514991278,1.2557314909746,
23820,23820,2,7942.872,3,33.2477210350136,30.0822851173806,1.55878094956279,-1.50853088125587,1.26283943811005,-1.24873399869826,1.25578671840415,
23830,23830,2,7946.206,3,33.2482507713152,30.0819029025806,1.55840255320072,-1.50846922770143,1.26277564251266,-1.24943677472431,1.25610620861849,
23840,23840,2,7949.539,3,33.2473388202137,30.0824326388823,1.56259872019291,-1.50766540318727,1.2621117026386,-1.24863648922314,1.25537409593087,
23850,23850,2,7952.872,3,33.2475019879353,30.0817218534649,1.56086897477508,-1.50771783664823,1.2635131568713,-1.24886727096082,1.25619021391606,
23860,23860,2,7956.206,3,33.2487715669198,30.0831948333078,1.56053202226758,-1.5073599293828,1.26328144381103,-1.24855592981915,1.25591868681509,
23870,23870,2,7959.539,3,33.249189544508,30.0829824917523,1.55923226848245,-1.50628006085753,1.26329448232728,-1.24822838366441,1.25576143299585,
23880,23880,2,7962.872,3,33.2482865341035,30.0824035816168,1.56149761751294,-1.50706637650728,1.26309536555765,-1.24831583485557,1.25570560020661,
23890,23890,2,7966.206,3,33.2487581558742,30.0824929885875,1.55912768095732,-1.508729159832,1.26283096307448,-1.24846652285055,1.25564874296252,
23900,23900,2,7969.539,3,33.2471242434839,30.083512228054,1.55984843149781,-1.50603242218494,1.26177949987092,-1.24789692595481,1.25483821291286,
23910,23910,2,7972.872,3,33.2476875073996,30.0840486698784,1.5583099797368,-1.5065343119204,1.26297326916616,-1.24819066509954,1.25558196713285,
23920,23920,2,7976.206,3,33.2481814809129,30.0835502260165,1.56397074460983,-1.50514543056488,1.26296600484996,-1.24822260946436,1.25559430715716,
23930,23930,2,7979.539,3,33.2484675832193,30.0833915286435,1.56198535114527,-1.50697426870465,1.26213386811623,-1.24888384850292,1.25550885830957,
23940,23940,2,7982.872,3,33.247881967561,30.0840553754012,1.56019413843751,-1.50851951912045,1.26184767268447,-1.24816505372833,1.2550063632064,
23950,23950,2,7986.206,3,33.2481703050416,30.0837826841404,1.55942719429731,-1.50889530777931,1.26240488298978,-1.24886252121562,1.2556337021027,
23960,23960,2,7989.539,3,33.2485636957128,30.0825712196869,1.55732119455934,-1.50648569688201,1.26268446603115,-1.24932045253288,1.25600245928202,
23970,23970,2,7992.872,3,33.2477925605902,30.0833356492867,1.55743798241019,-1.50857754051685,1.2623676300862,-1.24865753711366,1.25551258359993,
23980,23980,2,7996.206,3,33.2482373602696,30.083337884461,1.55775593593717,-1.50938527658582,1.26240926020595,-1.2489383308744,1.25567379554018,
23990,23990,2,7999.539,3,33.2483781762485,30.0842811280023,1.55955282971263,-1.50547949597239,1.26219608046521,-1.24811457604398,1.25515532825459,
24000,24000,2,8002.872,3,33.2482910044521,30.0846096986198,1.56108001247048,-1.50892492383718,1.26205740653163,-1.24795578554246,1.25500659603705,
24010,24010,2,8006.206,3,33.2477903254159,30.0842610114339,1.55678987503052,-1.50728952139616,1.26242919050936,-1.24920394407693,1.25581656729315,
24020,24020,2,8009.539,3,33.2476584501341,30.0829064958272,1.56059516593814,-1.50625538080931,1.26184478558444,-1.24921213971572,1.25552846265008,
24030,24030,2,8012.872,3,33.2486553378578,30.0834630542201,1.55877415090799,-1.50600019842386,1.26271110185721,-1.24877888844708,1.25574499515214,
24040,24040,2,8016.206,3,33.2482060678299,30.0839525573848,1.56236197799444,-1.50639917701483,1.26294132480134,-1.24925106899996,1.25609619690065,
24050,24050,2,8019.539,3,33.2481099553363,30.0832104795277,1.55995255336165,-1.50490133091807,1.26188352860417,-1.24911453710834,1.25549903285625,
24060,24060,2,8022.872,3,33.2486665137292,30.0827388577571,1.56093239784241,-1.50756118819118,1.26294132480134,-1.24940939384018,1.25617535932076,
24070,24070,2,8026.206,3,33.2482194788755,30.0835614018879,1.56009653583169,-1.50572108104825,1.26251012244239,-1.24937288599467,1.25594150421853,
24080,24080,2,8029.539,3,33.2487514503514,30.0843437128818,1.56061267480254,-1.50541607290506,1.26264376723399,-1.24885162474132,1.25574769598765,
24090,24090,2,8032.872,3,33.249223072122,30.0831121318599,1.55786778777838,-1.50685179978609,1.26348419273877,-1.24931514399412,1.25639966836644,
24100,24100,2,8036.206,3,33.2492364831677,30.0842945390479,1.56044252216816,-1.50532834231853,1.26345532173849,-1.24945111709219,1.25645321941534,
24110,24110,2,8039.539,3,33.2490152009151,30.084453236421,1.56226772814989,-1.50751927867532,1.26329215402081,-1.24907970564349,1.25618592983215,
24120,24120,2,8042.872,3,33.2490129657408,30.0840732567953,1.56232612207532,-1.50538925081491,1.26293331542707,-1.24908799441454,1.2560106549208,
24130,24130,2,8046.206,3,33.2501260825265,30.083787154489,1.56090036034584,-1.5054676681757,1.26333648497607,-1.24917069586049,1.25625359041828,
24140,24140,2,8049.539,3,33.249430943329,30.0847572201215,1.56036941334605,-1.50411678478122,1.26302141854404,-1.24819196895116,1.2556066937476,
24150,24150,2,8052.872,3,33.2488877959818,30.0850790852162,1.55936973169446,-1.50597114115953,1.26344908187714,-1.24904142828506,1.2562452550811,
24160,24160,2,8056.206,3,33.248398292817,30.0845404082175,1.55704626813531,-1.50668518617749,1.26290202298806,-1.2495713508385,1.25623668691328,
24170,24170,2,8059.539,3,33.2505284138948,30.0835323446224,1.56159373000264,-1.50466887280345,1.26315701911307,-1.249092837292,1.25612492820254,
24180,24180,2,8062.872,3,33.2479981966229,30.0839771443018,1.55966524034739,-1.50758074596524,1.26309210592858,-1.249620804068,1.25635645499829,
24190,24190,2,8066.206,3,33.2488363869736,30.0833512955066,1.55734866857529,-1.50695014744997,1.26274081104782,-1.24961670624861,1.25617875864821,
24200,24200,2,8069.539,3,33.2489772029525,30.083729039958,1.56188597902656,-1.50551050901413,1.26270011225065,-1.24958504128056,1.25614257676561,
24210,24210,2,8072.872,3,33.24800713732,30.0837916248375,1.56125035136938,-1.50708546862006,1.26300260582773,-1.24866927177829,1.25583593880301,
24220,24220,2,8076.206,3,33.2492565997361,30.0844331198526,1.55975241214037,-1.50802582502365,1.26324912691717,-1.24901935593969,1.25613424142843,
24230,24230,2,8079.539,3,33.2486575730321,30.0846789890221,1.55988791957498,-1.5042875893414,1.26315487707112,-1.24819615990282,1.25567551848697,
24240,24240,2,8082.872,3,33.2492163665992,30.0839413815135,1.5603406354785,-1.50508536025882,1.26319958055541,-1.24836510182056,1.25578234118798,
24250,24250,2,8086.206,3,33.2479713745317,30.0835144632282,1.55923524871469,-1.5057286247611,1.26315860236147,-1.24921418862542,1.25618639549345,
24260,24260,2,8089.539,3,33.249880213357,30.0834317617803,1.559828966856,-1.50457322597504,1.26307506272519,-1.24887108938344,1.25597307605432,
24270,24270,2,8092.872,3,33.2483826465971,30.083704453041,1.55892409384251,-1.50682888925076,1.26378398548033,-1.24859281019369,1.25618839783701,
24280,24280,2,8096.206,3,33.2489772029525,30.0841961913801,1.56011115759611,-1.50478417053819,1.26273317420258,-1.24856496364827,1.25564906892542,
24290,24290,2,8099.539,3,33.249131429977,30.0835748129335,1.55989248305559,-1.50552177801728,1.26333452919863,-1.24866787479441,1.25600120199652,
24300,24300,2,8102.872,3,33.2489459105127,30.083912324248,1.56086515635252,-1.50504801422358,1.26369746561177,-1.24861236796807,1.25615491678992,
24310,24310,2,8106.206,3,33.2497483380751,30.0832596533616,1.5594944357872,-1.50615852326155,1.26335613588271,-1.24851690740265,1.25593652164268,
24320,24320,2,8109.539,3,33.2489861436496,30.0826852135746,1.55954882502556,-1.50904888287187,1.26297336229842,-1.24862317131011,1.25579826680426,
24330,24330,2,8112.872,3,33.2492677756074,30.0833289437639,1.56473964452744,-1.50624345988035,1.26394529055284,-1.24837292493031,1.25615910774157,
24340,24340,2,8116.206,3,33.2490889616659,30.0828304999021,1.56306624412537,-1.50911854580045,1.26268465229567,-1.25006467241416,1.25637466235492,
24350,24350,2,8119.539,3,33.2492007203794,30.0827522688027,1.55811291188002,-1.50638492777944,1.26271845930567,-1.24863872439736,1.25567859185151,
24360,24360,2,8122.872,3,33.2473097629482,30.0827768557196,1.55933098867536,-1.50662865489721,1.26223342650105,-1.24905726076908,1.25564534363507,
24370,24370,2,8126.206,3,33.2488922663303,30.0846566372794,1.5594219788909,-1.50467809289694,1.26351334313582,-1.2484607486505,1.25598704589316,
24380,24380,2,8129.539,3,33.2475936300803,30.0834921114855,1.55885936692357,-1.50535954162478,1.26303948620227,-1.24784244358332,1.2554409648928,
24390,24390,2,8132.872,3,33.248890031156,30.0830026083207,1.55842900276184,-1.5070166438818,1.26350179473571,-1.24885786460267,1.25617982966919,
24400,24400,2,8136.206,3,33.2487760372683,30.0828930847816,1.56137850135565,-1.50708043947816,1.26332838246954,-1.24901060150735,1.25616949198845,
24410,24410,2,8139.539,3,33.2475601024663,30.0822448842437,1.56210800632834,-1.50759257376194,1.26270830788944,-1.24879034371493,1.25574932580219,
24420,24420,2,8142.872,3,33.2473432905622,30.0825108699817,1.5614409931004,-1.50826647877693,1.26265354612118,-1.24896776066823,1.25581065339471,
24430,24430,2,8146.206,3,33.2485391087959,30.0824348740565,1.56174972653389,-1.50743033736944,1.26324046561709,-1.24910112606305,1.25617079584007,
24440,24440,2,8149.539,3,33.2484340556053,30.0832328312704,1.56326815485954,-1.50647629052401,1.26258472138181,-1.24791285157109,1.25524878647645,
24450,24450,2,8152.872,3,33.2479333765691,30.0827790908939,1.55916763469577,-1.50723997503519,1.2626625799503,-1.24894550205834,1.25580404100432,
24460,24460,2,8156.206,3,33.2484429963023,30.0835077577054,1.56028773635626,-1.50492480024695,1.262573638643,-1.24857586012256,1.25557474938278,
24470,24470,2,8159.539,3,33.2486821599491,30.0821867697127,1.56173910945654,-1.50653440505266,1.26376629035113,-1.2486787712687,1.25622253080992,
24480,24480,2,8162.872,3,33.2482977099749,30.0820414833853,1.55935985967517,-1.50725822895765,1.26365788440171,-1.24898210303611,1.25631999371891,
24490,24490,2,8166.206,3,33.2490844913174,30.0824773423677,1.5614521689713,-1.50660555809736,1.26305047580883,-1.24881213666352,1.25593130623618,
24500,24500,2,8169.539,3,33.2480496056311,30.082280647032,1.56194511801004,-1.50611493736506,1.26271920436374,-1.24863760681025,1.25567840558699,
24510,24510,2,8172.872,3,33.2493236549641,30.0825041644589,1.56074501574039,-1.50749767199159,1.26310439938676,-1.2490272721817,1.25606583578423,
24520,24520,2,8176.206,3,33.2487000413432,30.0820370130368,1.56275071203709,-1.50876166298985,1.26307971933814,-1.24933302538784,1.25620637236299,
24530,24530,2,8179.539,3,33.2483938224684,30.0831590705195,1.56252048909664,-1.50608448311687,1.26354240040061,-1.24886447699305,1.25620343869683,
24540,24540,2,8182.872,3,33.2474505789271,30.0824236981852,1.56319625675678,-1.50816738605499,1.26194490276282,-1.24893004210336,1.25543747243309,
24550,24550,2,8186.206,3,33.2475265748523,30.0825846307325,1.56019208952785,-1.50715485215187,1.26213237800008,-1.24864086643931,1.2553866222197,
24560,24560,2,8189.539,3,33.247224826326,30.0820191316426,1.5590631403029,-1.50436442345381,1.2621434607389,-1.24862112240041,1.25538229156966,
24570,24570,2,8192.872,3,33.2476919777481,30.0830853097687,1.55814327299595,-1.50664960965514,1.2621538915519,-1.24837283179805,1.25526336167498,
24580,24580,2,8196.206,3,33.2491291948028,30.0826896839232,1.56146930530667,-1.5072900801897,1.26243654795782,-1.24814391270555,1.25529023033168,
24590,24590,2,8199.539,3,33.2478730268639,30.081073652927,1.56025234609842,-1.50647489354014,1.26270877355074,-1.24890405820311,1.25580641587692,
24600,24600,2,8202.872,3,33.2482954748006,30.0824438147536,1.56244765967131,-1.50671331211925,1.26293108025285,-1.2483738562529,1.25565246825288,
24610,24610,2,8206.206,3,33.2476338632171,30.0816190354486,1.56166478991508,-1.50778898969293,1.26175444729326,-1.24909414114363,1.25542429421844,
24620,24620,2,8209.539,3,33.2475109286324,30.0821867697127,1.5603331848979,-1.50384334847331,1.26186210818461,-1.24819997832543,1.25503104325502,
24630,24630,2,8212.872,3,33.2488363869736,30.0819341950204,1.55982356518507,-1.50768645107746,1.26332838246954,-1.24907011302082,1.25619924774518,
24640,24640,2,8216.206,3,33.2480026669714,30.0817754976473,1.55855230987072,-1.5067950822413,1.26228688441769,-1.24849585951212,1.2553913719649,
24650,24650,2,8219.539,3,33.2477880902417,30.0822560601151,1.56413670629263,-1.50620471686125,1.26221954979446,-1.24866759539763,1.25544357259605,
24660,24660,2,8222.872,3,33.2486218102438,30.0822784118578,1.56012503430247,-1.50642199441791,1.26324139693968,-1.24851029501226,1.25587584597597,
24670,24670,2,8226.206,3,33.2472069449319,30.081131767458,1.5606639906764,-1.50811597704887,1.26206504337686,-1.24892398850652,1.25549451594169,
24680,24680,2,8229.539,3,33.2476785667025,30.0818671397924,1.56088825315237,-1.50695024058223,1.26278570079663,-1.24924361841925,1.25601465960794,
24690,24690,2,8232.872,3,33.2478417344241,30.0820772461736,1.56016768887639,-1.50617938488722,1.26246430137099,-1.24852771074468,1.25549600605784,
24700,24700,2,8236.206,3,33.2481881864357,30.0820794813479,1.55923226848245,-1.50720290839672,1.26315804356792,-1.24832272664273,1.25574038510533,
24710,24710,2,8239.539,3,33.2479937262744,30.0813642255819,1.56194344162941,-1.50644946843386,1.26318337554235,-1.24906098605944,1.2561221808009,
24720,24720,2,8242.872,3,33.2473812885248,30.0817486755561,1.55970482155681,-1.50706935673952,1.26272842445738,-1.24852081895752,1.25562462170745,
24730,24730,2,8246.206,3,33.2472851760313,30.0816056244029,1.56156867742538,-1.50720803067088,1.26225494005287,-1.24875011057906,1.25550252531596,
24740,24740,2,8249.539,3,33.2481099553363,30.0812703482627,1.56073067337275,-1.50549989193678,1.26253117033292,-1.24828864023596,1.25540990528444,
24750,24750,2,8252.872,3,33.2475958652546,30.0817754976473,1.56163536012173,-1.50887053459883,1.26286244177801,-1.24889865653209,1.25588054915505,
24760,24760,2,8256.206,3,33.246916372277,30.0803248695471,1.55892306938767,-1.5077312476933,1.26204352982505,-1.25004092368813,1.25604222675659,
24770,24770,2,8259.539,3,33.2473634071307,30.0793860963543,1.56058939173818,-1.50901898741722,1.26169381819268,-1.24949721756037,1.25559551787653,
24780,24780,2,8262.872,3,33.2467286176384,30.0803248695471,1.5598475933075,-1.50914834812284,1.26248320721956,-1.24894661964545,1.2557149134325,
24790,24790,2,8266.206,3,33.247349996085,30.080065589332,1.55975576490164,-1.50722274556756,1.26228511490477,-1.24898499013614,1.25563505252045,
24800,24800,2,8269.539,3,33.2473254091681,30.0812636427399,1.561373565346,-1.50602841749787,1.26243468531264,-1.24881353364741,1.25562410948002,
24810,24810,2,8272.872,3,33.2472561187658,30.0799761823612,1.5587312169373,-1.50946099311113,1.26204949028962,-1.24853395060603,1.25529172044783,
24820,24820,2,8276.206,3,33.2463933414981,30.0802287570536,1.55804920941591,-1.50810861960053,1.26159230403042,-1.24853870035124,1.25506550219083,
24830,24830,2,8279.539,3,33.246949899891,30.0807517878324,1.56214497983456,-1.50706376880407,1.26265978598253,-1.24824160844519,1.25545069721386,
24840,24840,2,8282.872,3,33.2469901330278,30.0802600494933,1.55649716034532,-1.50792477652431,1.26273987972523,-1.24781804293147,1.25527896132835,
24850,24850,2,8286.206,3,33.2459708935614,30.0806065015049,1.5579110942781,-1.50829553604126,1.26198290072447,-1.24841269240488,1.25519779656467,
24860,24860,2,8289.539,3,33.2467129714185,30.0795045605906,1.55880749225616,-1.50726409628987,1.26245182164829,-1.24837599829485,1.25541390997157,
24870,24870,2,8292.872,3,33.2472740001599,30.0798063091168,1.55841391533613,-1.50971366092563,1.26302402624729,-1.24817157298645,1.25559779961687,
24880,24880,2,8296.206,3,33.246674973456,30.0812569372171,1.55706973746419,-1.50890275835991,1.26286663272966,-1.24832868710731,1.25559765991848,
24890,24890,2,8299.539,3,33.2463464028385,30.0805148593599,1.55891915783286,-1.50676900520921,1.26217428751661,-1.24869637326565,1.25543533039113,
24900,24900,2,8302.872,3,33.2471220083097,30.0812323503001,1.55957797542214,-1.50972390547395,1.26287613222007,-1.24845134229234,1.25566373725621,
24910,24910,2,8306.206,3,33.2471957690605,30.0789368263264,1.56078580766916,-1.50961969047785,1.26309713507057,-1.2492155856093,1.25615636033993,
24920,24920,2,8309.539,3,33.2467017955472,30.0804343930863,1.56040266156197,-1.50789776816964,1.26268102013757,-1.24835215643656,1.25551658828707,
24930,24930,2,8312.872,3,33.2470236606418,30.0810423604873,1.55990421772003,-1.50904301553965,1.2623551503635,-1.24730898200404,1.25483206618377,
24940,24940,2,8316.206,3,33.2463307566186,30.0798510126022,1.56060615554452,-1.50929419323802,1.26215482287449,-1.24844212219871,1.2552984725366,
24950,24950,2,8319.539,3,33.2459194845532,30.0788764766211,1.55960433185101,-1.5093632042408,1.26209447317069,-1.24848403171524,1.25528925244296,
24960,24960,2,8322.872,3,33.2452981061066,30.0804031006465,1.55900800600648,-1.50881269946694,1.2620384075508,-1.24809939548577,1.25506890151828,
24970,24970,2,8326.206,3,33.2467956728665,30.0805282704055,1.55588677152991,-1.50827784091234,1.26181852228742,-1.24873986603058,1.255279194159,
24980,24980,2,8329.539,3,33.2460491246608,30.0800477079378,1.55801884829998,-1.50726363062859,1.26287026488776,-1.2486084564132,1.25573936065048,
24990,24990,2,8332.872,3,33.2466660327589,30.0801795832196,1.55979841947556,-1.51059916242957,1.26246756100005,-1.24872123957879,1.25559440028942,
25000,25000,2,8336.206,3,33.24595971769,30.0800298265437,1.55956745147705,-1.50884697213769,1.26212772138714,-1.24806111812734,1.25509441975724,
25010,25010,2,8339.539,3,33.246583331311,30.079824190511,1.56057784333825,-1.50755122303963,1.26229806028876,-1.24848440424427,1.25539123226652,
25020,25020,2,8342.872,3,33.2457540816574,30.079616319304,1.5581869520247,-1.50948828086257,1.26293927589164,-1.24862214685526,1.25578071137345,
25030,25030,2,8346.206,3,33.2462704069134,30.0784540286844,1.55953802168369,-1.51048004627228,1.26357499669125,-1.24941460924668,1.25649480296896,
25040,25040,2,8349.539,3,33.2467464990326,30.0784652045557,1.55504448339343,-1.50746433064342,1.26280283713228,-1.24903965877214,1.25592124795221,
25050,25050,2,8352.872,3,33.2464380449835,30.0792452803754,1.56078701838851,-1.51025829836726,1.26301881084079,-1.24910494448567,1.25606187766323,
25060,25060,2,8356.206,3,33.2473142332967,30.0790374091685,1.55826602131128,-1.50949964299798,1.26317266533258,-1.24908547984355,1.25612907258806,
25070,25070,2,8359.539,3,33.2460513598351,30.0792765728152,1.55839370563626,-1.50544792413712,1.26234462641824,-1.24851932884138,1.25543197762981,
25080,25080,2,8362.872,3,33.2464581615519,30.0800678245062,1.55639732256532,-1.50992637500167,1.26320852125227,-1.24826572970025,1.25573712547626,
25090,25090,2,8366.206,3,33.2457026726492,30.0788653007498,1.55828017741442,-1.50896338745952,1.26312470221922,-1.24854363636097,1.25583416929009,
25100,25100,2,8369.539,3,33.2459150142047,30.0788720062726,1.56075963750482,-1.50837460532784,1.26219887443298,-1.24888384850292,1.25554136146795,
25110,25110,2,8372.872,3,33.2462435848221,30.0776627769933,1.55755449086428,-1.51015315204859,1.26250714221011,-1.24929456176489,1.2559008519875,
25120,25120,2,8376.206,3,33.2462145275567,30.0784026196762,1.55809465795755,-1.51049671694636,1.26259124063994,-1.24941600623057,1.25600362343525,
25130,25130,2,8379.539,3,33.2458144313626,30.0787602475592,1.55771663412452,-1.50710195302963,1.26278039225787,-1.24817920983169,1.25547980104478,
25140,25140,2,8382.872,3,33.2450321203686,30.0785389653066,1.55770629644394,-1.50879351422191,1.26166513345692,-1.24823993206452,1.25495253276072,
25150,25150,2,8386.206,3,33.2452779895382,30.0785456708294,1.55758466571569,-1.51037955656648,1.26271715545404,-1.24892510609363,1.25582113077384,
25160,25160,2,8389.539,3,33.246192175814,30.0782729795686,1.55967818573117,-1.50823118165135,1.26229917787587,-1.24949274721194,1.2558959625439,
25170,25170,2,8392.872,3,33.2448510712529,30.0796409062209,1.55470026656985,-1.51077322661877,1.26188380800094,-1.24843252957604,1.25515816878849,
25180,25180,2,8396.206,3,33.2461184150631,30.0795447937274,1.55685069039464,-1.50937438011169,1.26203533418626,-1.24882778288303,1.25543155853464,
25190,25190,2,8399.539,3,33.2456602043381,30.0798376015566,1.55856115743518,-1.50791332125664,1.26234648906341,-1.2484852424346,1.25541586574901,
25200,25200,2,8402.872,3,33.2462860531332,30.0792698672924,1.55840869992971,-1.50759844109416,1.26244492986113,-1.24862559274884,1.25553526130498,
25210,25210,2,8406.206,3,33.2458479589766,30.0787177792481,1.55616477131844,-1.50975733995438,1.2625824862076,-1.24898182363933,1.25578215492347,
25220,25220,2,8409.539,3,33.2462704069134,30.0798621884735,1.55746219679713,-1.50673920288682,1.26269042649572,-1.24801846355274,1.25535444502423,
25230,25230,2,8412.872,3,33.2461809999426,30.0802041701366,1.55684910714626,-1.50873064994812,1.2628093563904,-1.24772807716933,1.25526871677987,
25240,25240,2,8416.206,3,33.2449896520575,30.0790239981228,1.55684296041727,-1.50832356885076,1.26258155488501,-1.24836277351408,1.25547216419955,
25250,25250,2,8419.539,3,33.245110351468,30.0792273989813,1.5555796213448,-1.50688551366329,1.26296889194999,-1.24858703599364,1.25577796397181,
25260,25260,2,8422.872,3,33.2444956785442,30.0783646217136,1.55614428222179,-1.5091004781425,1.2620971740062,-1.24789497017737,1.25499607209178,
25270,25270,2,8426.206,3,33.245559621496,30.0781835725979,1.55887510627508,-1.50801967829466,1.26275655039958,-1.2488212636249,1.25578890701224,
25280,25280,2,8429.539,3,33.2456646746866,30.0784115603733,1.55828669667244,-1.50916762650013,1.26288134762657,-1.24850601092835,1.25569367927746,
25290,25290,2,8432.872,3,33.2455752677159,30.0782126298634,1.55685776844621,-1.50985009968281,1.2627011367055,-1.2484929724121,1.2555970545588,
25300,25300,2,8436.206,3,33.2443928605278,30.077960055171,1.55975222587585,-1.50965275242925,1.26320833498775,-1.24895677106168,1.25608255302471,
25310,25310,2,8439.539,3,33.2443481570425,30.0777454784413,1.55758177861571,-1.50827867910266,1.26295790234343,-1.24872403354656,1.25584096794499,
25320,25320,2,8442.872,3,33.2467576749039,30.0784473231616,1.5569712035358,-1.50983612984419,1.26329327160792,-1.24835429847852,1.25582378504322,
25330,25330,2,8446.206,3,33.246100533669,30.077767830184,1.55980698764324,-1.50899291038513,1.2635823541397,-1.2488337433476,1.25620804874365,
25340,25340,2,8449.539,3,33.2459239549017,30.0784227362446,1.55587252229452,-1.50708938017488,1.2628774360717,-1.24863211200697,1.25575477403933,
25350,25350,2,8452.872,3,33.2450544721113,30.0780271103991,1.55551880598068,-1.51112535968423,1.26276726060936,-1.24883495406697,1.25580110733816,
25360,25360,2,8456.206,3,33.2446208483032,30.0786328426259,1.55590549111366,-1.50832943618298,1.26310570323839,-1.24829553202312,1.25570061763075,
25370,25370,2,8459.539,3,33.2451081162938,30.0777253618729,1.55675942078233,-1.50829823687673,1.26376638348339,-1.24861460314229,1.25619049331284,
25380,25380,2,8462.872,3,33.2440464085162,30.0779399386026,1.55588164925575,-1.51072219014168,1.26355907107497,-1.24819429725764,1.2558766841663,
25390,25390,2,8466.206,3,33.2444867378471,30.0781120470213,1.55635951086879,-1.51018379256129,1.26346146846758,-1.24839462474664,1.25592804660711,
25400,25400,2,8469.539,3,33.2452198750072,30.0776985397816,1.5575579367578,-1.50918234139681,1.26375520761232,-1.24841772154686,1.25608646457959,
25410,25410,2,8472.872,3,33.2451327032107,30.0775756051969,1.55562786385417,-1.51009997352958,1.26277042710616,-1.24829040974888,1.25553041842752,
25420,25420,2,8476.206,3,33.2448264843359,30.0769184639619,1.55419716611505,-1.51077704504132,1.2634543904159,-1.24889306859655,1.25617372950623,
25430,25430,2,8479.539,3,33.245709378172,30.0780896952786,1.55688906088471,-1.50793567299843,1.26334170038257,-1.24868137897196,1.25601153967726,
25440,25440,2,8482.872,3,33.2443839198308,30.0787222495966,1.55521957203746,-1.50896282866597,1.26268632867633,-1.2472221827387,1.25495425570752,
25450,25450,2,8486.206,3,33.2440397029934,30.0775644293255,1.5551527030766,-1.51011841371655,1.26378957341587,-1.24885032088969,1.25631994715278,
25460,25460,2,8489.539,3,33.2448801285184,30.0777655950097,1.55855724588037,-1.51026388630271,1.26386156465204,-1.24838093430458,1.25612124947831,
25470,25470,2,8492.872,3,33.2445113247641,30.076951991576,1.55514338985085,-1.51164811104536,1.2639490158432,-1.24851849065105,1.25623375324712,
25480,25480,2,8496.206,3,33.2440128809022,30.0769586970988,1.55816664919257,-1.50968981906772,1.26367949108579,-1.24870428950766,1.25619189029672,
25490,25490,2,8499.539,3,33.2438005393467,30.0770503392438,1.55781926587224,-1.50916837155819,1.26363832662733,-1.24892678247429,1.25628255455081,
25500,25500,2,8502.872,3,33.244260985246,30.0766345968298,1.55764846131206,-1.51039343327284,1.26308204764462,-1.24930191921335,1.25619198342898,
25510,25510,2,8506.206,3,33.2444800323243,30.0770972779034,1.55789200216532,-1.51016637682915,1.26364363516609,-1.24905567752068,1.25634965634339,
25520,25520,2,8509.539,3,33.2448845988669,30.0769654026216,1.55551405623555,-1.50768477469683,1.26411795776093,-1.24914350124087,1.2566307295009,
25530,25530,2,8512.872,3,33.2449404782236,30.0776001921138,1.55471628531814,-1.5101152472198,1.26386771138113,-1.24836230785279,1.25611500961696,
25540,25540,2,8516.206,3,33.2448421305558,30.0768983473935,1.55979972332716,-1.50834666565061,1.2638423794067,-1.24892845885495,1.25638541913083,
25550,25550,2,8519.539,3,33.2445537930752,30.0773632636414,1.55706899240613,-1.50787504389882,1.26286439755545,-1.24843821064383,1.25565130409964,
25560,25560,2,8522.872,3,33.2452422267499,30.0769341101818,1.55491391196847,-1.50681305676699,1.2637321108121,-1.24866377697501,1.25619794389356,
25570,25570,2,8526.206,3,33.2445694392951,30.0768961122192,1.55748492106795,-1.51059264317155,1.26310765901583,-1.24988520655116,1.2564964327835,
25580,25580,2,8529.539,3,33.2431255167176,30.0766949465351,1.55678763985634,-1.50873009115458,1.26369020129557,-1.24966522815552,1.25667771472555,
25590,25590,2,8532.872,3,33.2426941280838,30.0775532534542,1.55475893989205,-1.50881037116051,1.26290109166547,-1.24831071258133,1.2556059021234,
25600,25600,2,8536.206,3,33.2436239605795,30.0771419813888,1.55652929097414,-1.50884911417961,1.26367604519221,-1.24855350838041,1.25611477678631,
25610,25610,2,8539.539,3,33.2439257091057,30.0770481040695,1.55355837196112,-1.50871248915792,1.26380466084182,-1.24902689965267,1.25641578024724,
25620,25620,2,8542.872,3,33.2441201692671,30.0771531572601,1.55786592513323,-1.51136163622141,1.26394994716579,-1.24857809529678,1.25626402123128,
25630,25630,2,8546.206,3,33.2424884920511,30.0769877543643,1.55638549476862,-1.51080274954438,1.26285312855211,-1.24887155504473,1.25586234179842,
25640,25640,2,8549.539,3,33.243445146638,30.0774638464834,1.5556369908154,-1.50863640010357,1.26283664414228,-1.24906508387884,1.25595086401056,
25650,25650,2,8552.872,3,33.2435881977912,30.0763552000463,1.55521677806973,-1.50625566020608,1.26323888236869,-1.24909442054041,1.25616665145455,
25660,25660,2,8556.206,3,33.2436396067994,30.0772202124882,1.55376382172108,-1.50912115350366,1.26345597366431,-1.24896934391663,1.25621265879047,
25670,25670,2,8559.539,3,33.2442296928062,30.077226918011,1.55458236113191,-1.50990700349212,1.26354286606191,-1.24871062250127,1.25612674428159,
25680,25680,2,8562.872,3,33.2436843102847,30.0777812412296,1.5561725012958,-1.51082742959261,1.26298258239205,-1.24857818842904,1.25578038541055,
25690,25690,2,8566.206,3,33.2443794494822,30.0763753166147,1.55438957735896,-1.51165993884206,1.2635183722778,-1.24929418923586,1.25640628075683,
25700,25700,2,8569.539,3,33.244044173342,30.077144216563,1.55432065948844,-1.50814466178417,1.26389425407493,-1.24910494448567,1.2564995992803,
25710,25710,2,8572.872,3,33.243594903314,30.0771196296461,1.55604686588049,-1.51155637577176,1.26305094147013,-1.24934587763958,1.25619840955485,
25720,25720,2,8576.206,3,33.2435434943058,30.0769072880906,1.55595606192946,-1.51007128879428,1.26317946398748,-1.24963803353591,1.25640874876169,
25730,25730,2,8579.539,3,33.2434809094263,30.0769139936134,1.55883301049471,-1.51076670736074,1.26368330950841,-1.24949796261844,1.25659063606343,
25740,25740,2,8582.872,3,33.2438295966122,30.0760892143083,1.55664142221212,-1.51188606396317,1.26287790173299,-1.24969614806549,1.25628702489924,
25750,25750,2,8586.206,3,33.2443034535571,30.0763484945235,1.55720403417945,-1.51147302240133,1.26433830868561,-1.24942634391131,1.25688232629846,
25760,25760,2,8589.539,3,33.243078578058,30.076869290128,1.55352810397744,-1.50976860895753,1.26363320435309,-1.24973368036585,1.25668344235947,
25770,25770,2,8592.872,3,33.2426091914616,30.0759305169353,1.55337145552039,-1.51216657832265,1.26270253368939,-1.24939793857233,1.25605023613086,
25780,25780,2,8596.206,3,33.2431858664229,30.0757628788651,1.55783230438828,-1.51198580861092,1.26358831460428,-1.2498007355923,1.25669452509829,
25790,25790,2,8599.539,3,33.2429444676019,30.0761897971504,1.55785996466875,-1.50899654254317,1.2631952964715,-1.2496051578485,1.25640022716,
25800,25800,2,8602.872,3,33.2409372811088,30.0750990321074,1.5522270463407,-1.51136051863432,1.26211039878697,-1.25010173905323,1.2561060689201,
25810,25810,2,8606.206,3,33.2424326126944,30.0752532591319,1.55183058232069,-1.51188271120191,1.26326309675602,-1.25000916558783,1.25663613117192,
25820,25820,2,8609.539,3,33.2430003469586,30.0762501468557,1.55407218262553,-1.51013201102614,1.26292511978828,-1.24963943051979,1.25628227515404,
25830,25830,2,8612.872,3,33.2410959784818,30.076294850341,1.55242523178458,-1.51091171428561,1.26273578190583,-1.2494964725023,1.25611612720407,
25840,25840,2,8616.206,3,33.2421867435248,30.0760579218686,1.55365001410246,-1.51199409738183,1.26275478088666,-1.24925311790966,1.25600394939816,
25850,25850,2,8619.539,3,33.2424080257774,30.075961809375,1.55457854270935,-1.51078095659614,1.26211198203537,-1.24868296222036,1.25539747212787,
25860,25860,2,8622.872,3,33.2418738191273,30.0760758032627,1.55268283560872,-1.51298232376575,1.26267887809561,-1.24982308733444,1.25625098271503,
25870,25870,2,8626.206,3,33.2417933528536,30.0757874657821,1.55385741963983,-1.51212941855192,1.2630013019761,-1.25009764123383,1.25654947160497,
25880,25880,2,8629.539,3,33.2425466065821,30.0743033100678,1.55652202665806,-1.51148587465286,1.26297708758878,-1.25055007774782,1.2567635826683,
25890,25890,2,8632.872,3,33.2422359173588,30.074812929801,1.55549878254533,-1.51370773091912,1.26309629688023,-1.25072879855275,1.25691254771649,
25900,25900,2,8636.206,3,33.2419766371436,30.0748084594525,1.55445616692305,-1.51232946664095,1.26309555182216,-1.25134710361993,1.25722132772105,
25910,25910,2,8639.539,3,33.2418961708699,30.074663173125,1.55301131308079,-1.51253649964929,1.26276521169966,-1.25083105777308,1.25679813473637,
25920,25920,2,8642.872,3,33.2420839255085,30.0741848458316,1.55390361323953,-1.51214580982924,1.26280488604197,-1.25078430537908,1.25679459571053,
25930,25930,2,8646.206,3,33.2416793589659,30.0744038929099,1.55441910028458,-1.51306241750717,1.26369122575042,-1.25088879977363,1.25729001276202,
25940,25940,2,8649.539,3,33.2414066677051,30.0745648254572,1.55379790812731,-1.51221882551908,1.26235207699895,-1.25013461474064,1.25624334586979,
25950,25950,2,8652.872,3,33.2411853854526,30.0755415966125,1.55501617118716,-1.51361245661974,1.26245936536126,-1.24945940586324,1.25595938561225,
25960,25960,2,8656.206,3,33.2418626432559,30.0747503449215,1.55211603268981,-1.51312556117773,1.26309983590608,-1.25011207673397,1.25660595632002,
25970,25970,2,8659.539,3,33.2410602156935,30.0749537457799,1.55445197597146,-1.51039874181151,1.26295119682079,-1.25018267098626,1.25656693390352,
25980,25980,2,8662.872,3,33.2403583709732,30.0751437355928,1.5537534840405,-1.51364300400019,1.26161102361447,-1.25049820307958,1.25605461334703,
25990,25990,2,8666.206,3,33.2413798456139,30.0738294531229,1.5529802069068,-1.51275638490915,1.26276102074801,-1.25062206898399,1.256691544866,
26000,26000,2,8669.539,3,33.2411049191789,30.0743681301216,1.55155211687088,-1.5120979398489,1.26214970060025,-1.25032963369088,1.25623966714557,
26010,26010,2,8672.872,3,33.2404120151557,30.0748933960747,1.55243873596191,-1.51116969063878,1.26224301912372,-1.25004977125273,1.25614639518823,
26020,26020,2,8676.206,3,33.2416838293144,30.0752867867459,1.55585752800107,-1.51329897344112,1.26314677456459,-1.25010490555003,1.25662584005731,
26030,26030,2,8679.539,3,33.24021531982,30.0743904818643,1.55042186379433,-1.51112666353583,1.26244558178694,-1.25015296179565,1.2562992717913,
26040,26040,2,8682.872,3,33.240514833172,30.0754767765588,1.55279934406281,-1.51157900691032,1.26211570732573,-1.2493862039077,1.25575095561672,
26050,26050,2,8686.206,3,33.2399001602482,30.0744105984327,1.55049823224545,-1.51224713772535,1.2617486730932,-1.2502939640357,1.25602131856445,
26060,26060,2,8689.539,3,33.2409730438971,30.0748151649753,1.55076095834374,-1.5110126696527,1.26149833358114,-1.25004977125273,1.25577405241694,
26070,26070,2,8692.872,3,33.240273434351,30.0737400461521,1.55200958251953,-1.51513945311308,1.26242006354799,-1.25097699602285,1.25669852978542,
26080,26080,2,8696.206,3,33.2402354363885,30.0749850382197,1.55137619003654,-1.51108549907804,1.26252493047157,-1.25025633860309,1.25639063453733,
26090,26090,2,8699.539,3,33.2403226081849,30.0731454897967,1.55029622837901,-1.51178948581219,1.26146163947112,-1.25029992450028,1.2558807819857,
26100,26100,2,8702.872,3,33.2393056038928,30.0742653121052,1.55102238059044,-1.51298539713025,1.26277620130622,-1.25087743763804,1.25682681947213,
26110,26110,2,8706.206,3,33.2393436018553,30.0737623978948,1.55379390344024,-1.51308374479413,1.26209708087394,-1.25102291022652,1.25655999555023,
26120,26120,2,8709.539,3,33.2392765466273,30.0724905837361,1.5519242733717,-1.51154762133956,1.261473467268,-1.25104162981057,1.25625754853928,
26130,26130,2,8712.872,3,33.2395648841079,30.0733712423978,1.55198452994227,-1.51386950165033,1.26224255346242,-1.25016050550863,1.25620152948553,
26140,26140,2,8716.206,3,33.2397302870038,30.0732483078131,1.55634423717856,-1.51426093652844,1.26272004255407,-1.25097373639379,1.25684688947393,
26150,26150,2,8719.539,3,33.239515710274,30.0732348967675,1.55325690284371,-1.5113920904696,1.26202834926684,-1.25104842846547,1.25653838886615,
26160,26160,2,8722.872,3,33.239307839067,30.0734159458832,1.5525103546679,-1.51242399588227,1.26204641692507,-1.25055156786396,1.25629899239452,
26170,26170,2,8726.206,3,33.2404209558527,30.0735947598247,1.55163882300258,-1.511968113482,1.26257382490752,-1.25029470909377,1.25643426700065,
26180,26180,2,8729.539,3,33.2395782951535,30.0737623978948,1.55164077877998,-1.5119343996048,1.26183752126824,-1.25072069604622,1.25627910865723,
26190,26190,2,8732.872,3,33.2394307736518,30.0728035081336,1.55248241499066,-1.51255680248141,1.26213759340659,-1.25096451630016,1.25655105485337,
26200,26200,2,8736.206,3,33.2398599271114,30.0715898085059,1.55269019305706,-1.51485307142138,1.26218527712317,-1.25179236894998,1.25698882303657,
26210,26210,2,8739.539,3,33.2389949146695,30.0720413137081,1.55219025909901,-1.51210892945528,1.26223743118818,-1.25203218451678,1.25713480785248,
26220,26220,2,8742.872,3,33.2394397143489,30.0738249827743,1.55062656849623,-1.51257831603289,1.26147132522605,-1.25033959884259,1.25590546203432,
26230,26230,2,8746.206,3,33.238458472845,30.0728325653991,1.55046321451664,-1.5132931061089,1.2620513529348,-1.25092037160941,1.2564858622721,
26240,26240,2,8749.539,3,33.2394397143489,30.0734494734972,1.55140152201056,-1.51076801121235,1.26160115159502,-1.25091347982225,1.25625731570864,
26250,26250,2,8752.872,3,33.2397615794435,30.0723296511887,1.54828252270818,-1.51337636634707,1.26207165576725,-1.25067860026517,1.25637512801621,
26260,26260,2,8756.206,3,33.2387624565455,30.0730046738178,1.55126294121146,-1.51254450902343,1.26239445217677,-1.25029228765504,1.25634336991591,
26270,26270,2,8759.539,3,33.2393056038928,30.0745447088888,1.55226243659854,-1.51191763579845,1.26269042649572,-1.25018295038303,1.25643668843938,
26280,26280,2,8762.872,3,33.2390887919887,30.0723989415911,1.5509101562202,-1.51284169405699,1.2622287698881,-1.25070598114931,1.2564673755187,
26290,26290,2,8766.206,3,33.2400543872727,30.0732840706014,1.55169181525707,-1.51260178536177,1.26270234742487,-1.25048348818267,1.25659291780377,
26300,26300,2,8769.539,3,33.2394732419629,30.0726939845945,1.55212804675102,-1.51307033374906,1.26181190989703,-1.25093089555467,1.25637140272585,
26310,26310,2,8772.872,3,33.2394888881828,30.0729018558015,1.55230946838856,-1.51590704917908,1.2625679575752,-1.25112665956299,1.2568473085691,
26320,26320,2,8776.206,3,33.2389032725244,30.0728526819676,1.55092217028141,-1.5140357427299,1.26247203134848,-1.25080246616958,1.25663724875903,
26330,26330,2,8779.539,3,33.238941270487,30.0719206142976,1.55128063634038,-1.51201756671071,1.26166010431494,-1.25084139545382,1.25625074988438,
26340,26340,2,8782.872,3,33.2387825731139,30.0722201276496,1.55028123408556,-1.51434214785695,1.26103611817996,-1.25088526074779,1.25596068946388,
26350,26350,2,8786.206,3,33.2385948184754,30.0716680396053,1.549275778234,-1.51415280997753,1.26156538880759,-1.25182310259543,1.25669424570151,
26360,26360,2,8789.539,3,33.2390597347232,30.0728795040588,1.55258988961577,-1.5144806355238,1.2611020558193,-1.25124624138348,1.25617414860139,
26370,26370,2,8792.872,3,33.2387535158485,30.0722961235747,1.54955741018057,-1.51494517922401,1.26176059402235,-1.25082463164721,1.25629261283478,
26380,26380,2,8796.206,3,33.2397414628751,30.0724637616448,1.55327739194036,-1.51491835713387,1.26296237269186,-1.25069983442021,1.25683110355604,
26390,26390,2,8799.539,3,33.2389792684496,30.0719541419116,1.55281061306596,-1.51322782039642,1.26195626489841,-1.25088190798646,1.25641908644244,
26400,26400,2,8802.872,3,33.2391916100051,30.071849088721,1.55416410416365,-1.5126901678741,1.26219347276196,-1.25148028275023,1.25683687775609,
26410,26410,2,8806.206,3,33.2379399124147,30.0730180848634,1.55400764197111,-1.51271773502231,1.2624452092579,-1.25141248246571,1.25692884586181,
26420,26420,2,8809.539,3,33.2395447675395,30.0721664834671,1.5525191091001,-1.51308961212635,1.26219729118457,-1.25161010911921,1.25690370015189,
26430,26430,2,8812.872,3,33.238907742873,30.0720144916169,1.54996905475855,-1.51448724791408,1.26177195615794,-1.25152880465714,1.25665038040754,
26440,26440,2,8816.206,3,33.2394397143489,30.0734450031487,1.55305685475469,-1.51218874379992,1.26238113426374,-1.25109136243685,1.2567362483503,
26450,26450,2,8819.539,3,33.2388965670016,30.072423528508,1.55218923464417,-1.51278264820576,1.26117777234583,-1.25127921020315,1.25622849127449,
26460,26460,2,8822.872,3,33.2396967593898,30.0726157534951,1.54954707249999,-1.51375764980912,1.26185726530714,-1.25102384154911,1.25644055342812,
26470,26470,2,8826.206,3,33.2386149350438,30.0731030214856,1.55210280790925,-1.51457441970706,1.2615301848137,-1.25046439606958,1.25599729044164,
26480,26480,2,8829.539,3,33.2380963746135,30.0725196410015,1.55065525323153,-1.51322074234486,1.26152841530078,-1.25162268197417,1.25657554863748,
26490,26490,2,8832.872,3,33.2395380620167,30.0726693976775,1.55412387102842,-1.51432659476995,1.26224301912372,-1.25063277919377,1.25643789915874,
26500,26500,2,8836.206,3,33.2389457408355,30.0727096308144,1.54865039512515,-1.51362577453256,1.26252819010063,-1.25065708671336,1.25659263840699,
26510,26510,2,8839.539,3,33.2377990964358,30.0710377204615,1.55097581446171,-1.51278469711542,1.26080645402939,-1.2514206781045,1.25611356606695,
26520,26520,2,8842.872,3,33.2378661516639,30.0720502544052,1.55260460451245,-1.51455821469426,1.26213032909039,-1.25081895057941,1.2564746398349,
26530,26530,2,8846.206,3,33.2389055076987,30.0709840762791,1.55059415847063,-1.51523491367698,1.26214755855829,-1.25090453912539,1.25652604884184,
26540,26540,2,8849.539,3,33.2385344687701,30.0712925303282,1.55220562592149,-1.5126314945519,1.26235999324096,-1.25111213093059,1.25673606208578,
26550,26550,2,8852.872,3,33.2377029839423,30.0713126468966,1.55218532308936,-1.51304816827178,1.26135826266368,-1.25163376471298,1.25649601368833,
26560,26560,2,8856.206,3,33.2381857815843,30.0708700823914,1.55116347596049,-1.51548329740763,1.26202872179587,-1.25182449957931,1.25692661068759,
26570,26570,2,8859.539,3,33.2387535158485,30.0714355814813,1.54939582571387,-1.51317901909351,1.26148091784872,-1.2511772303796,1.25632907411416,
26580,26580,2,8862.872,3,33.2384271804053,30.0702017652851,1.55206080526114,-1.51442252099514,1.26207808189312,-1.25161644211282,1.25684726200297,
26590,26590,2,8866.206,3,33.2381656650158,30.0723408270601,1.55085772275925,-1.51337971910834,1.26176422618045,-1.25097345699701,1.25636884158873,
26600,26600,2,8869.539,3,33.2371531310722,30.0710734832498,1.55123015865684,-1.51201589033008,1.26127416423385,-1.2517031482459,1.25648865623987,
26610,26610,2,8872.872,3,33.2372559490886,30.0698039042653,1.55055392533541,-1.51474624872208,1.26177018664502,-1.2517228922848,1.25674653946491,
26620,26620,2,8876.206,3,33.2374660554698,30.0699961292524,1.55073646456003,-1.51580786332488,1.26219300710066,-1.25204969338146,1.25712135024106,
26630,26630,2,8879.539,3,33.2375576976148,30.0720457840566,1.55349690467119,-1.51364589110017,1.26188213162028,-1.25068139423294,1.25628176292661,
26640,26640,2,8882.872,3,33.2367999735378,30.071366291079,1.54802277684212,-1.51494666934013,1.26139346665756,-1.25034192714906,1.25586769690331,
26650,26650,2,8886.206,3,33.2384495321479,30.0698150801367,1.55221419408917,-1.51516133919358,1.26222290255579,-1.25190179935424,1.25706235095502,
26660,26660,2,8889.539,3,33.2391312602998,30.0720927227163,1.54917808249593,-1.51395509019494,1.26245675765801,-1.25142663856907,1.25694169811354,
26670,26670,2,8892.872,3,33.2394508902202,30.071940730866,1.55131733044982,-1.51544492691755,1.2623333574149,-1.25132372742293,1.25682854241892,
26680,26680,2,8896.206,3,33.2395470027138,30.0709550190136,1.55157530680299,-1.51398237794638,1.26281354734206,-1.25173434755265,1.25727394744735,
26690,26690,2,8899.539,3,33.2379600289831,30.0715004015351,1.54844513162971,-1.51360370218754,1.26232832827292,-1.25136451935235,1.25684642381264,
26700,26700,2,8902.872,3,33.2380092028171,30.0703157591728,1.55212953686714,-1.5159834176302,1.26166010431494,-1.25189453503805,1.25677731967649,
26710,26710,2,8906.206,3,33.238391417617,30.0705862152593,1.55079895630479,-1.51437781751156,1.26246141427096,-1.25150347268271,1.25698244347683,
26720,26720,2,8909.539,3,33.2384964708076,30.0693971025485,1.54928853735328,-1.51593629270792,1.26219505601036,-1.25252690307633,1.25736097954334,
26730,26730,2,8912.872,3,33.239631939336,30.0713573503819,1.5499634668231,-1.51521665975451,1.26311259502555,-1.25162435835483,1.25736847669019,
26740,26740,2,8916.206,3,33.239365953598,30.0712254751001,1.54970716685057,-1.51526620611548,1.26204744137992,-1.25181267178243,1.25693005658117,
26750,26750,2,8919.539,3,33.2382595423351,30.0707940864663,1.55183654278517,-1.51529088616371,1.26149982369729,-1.25191362715113,1.25670672542421,
26760,26760,2,8922.872,3,33.2380539063024,30.0715674567632,1.55042922124267,-1.51507230475545,1.26165889359557,-1.25114007060828,1.25639948210193,
26770,26770,2,8926.206,3,33.2387512806742,30.0715540457176,1.55088808387518,-1.51477679610252,1.26140007904795,-1.25147758191472,1.25643883048133,
26780,26780,2,8929.539,3,33.2386216405666,30.0701324748828,1.54895456507802,-1.51434736326337,1.26130713305351,-1.25159232085775,1.25644972695563,
26790,26790,2,8932.872,3,33.2395604137594,30.070975135582,1.550302375108,-1.51594765484333,1.26173637963502,-1.25095473741297,1.25634555852399,
26800,26800,2,8936.206,3,33.2385344687701,30.0708097326862,1.55207235366106,-1.51407467201352,1.26210108556108,-1.25172978407196,1.25691543481652,
26810,26810,2,8939.539,3,33.2399828616961,30.070941607968,1.55198480933905,-1.51384323835373,1.26179691560334,-1.25134160881665,1.25656926221,
26820,26820,2,8942.872,3,33.2377610984733,30.0706465649646,1.55017012730241,-1.51617089286447,1.26132566637305,-1.25136731332012,1.25634648984658,
26830,26830,2,8946.206,3,33.2383198920404,30.0697882580455,1.55163360759616,-1.51681173592806,1.26168748519907,-1.25237584255231,1.25703166387569,
26840,26840,2,8949.539,3,33.2378683868381,30.069768141477,1.55244451016188,-1.51372123509645,1.26148883409073,-1.25156242540262,1.25652562974668,
26850,26850,2,8952.872,3,33.2359416666187,30.0705370414254,1.54894357547164,-1.51539398357272,1.26104710778652,-1.25185597828284,1.25645154303468,
26860,26860,2,8956.206,3,33.2382237795468,30.0706532704874,1.55005156993866,-1.51460533961654,1.26139598122855,-1.25158803677384,1.2564920090012,
26870,26870,2,8959.539,3,33.2365652802396,30.0702732908617,1.55112436041236,-1.51340551674366,1.26105288198658,-1.25113075738238,1.25609181968448,
26880,26880,2,8962.872,3,33.2371955993833,30.0706398594418,1.55035881325603,-1.51568530127406,1.2618432954683,-1.25129811605172,1.25657070576001,
26890,26890,2,8966.206,3,33.238033789734,30.0697815525227,1.55073637142777,-1.51298996061087,1.26177549518378,-1.25151110952794,1.25664330235586,
26900,26900,2,8969.539,3,33.2374191168102,30.0699469554185,1.55032332986593,-1.51494732126594,1.261148342552,-1.2512630051901,1.25620567387105,
26910,26910,2,8972.872,3,33.2375889900546,30.0688070165416,1.55063448473811,-1.51437846943736,1.26145064986456,-1.25117974495059,1.25631519740758,
26920,26920,2,8976.206,3,33.2383645955257,30.069676499332,1.55178541317582,-1.51391932740808,1.26219719805232,-1.25110160698533,1.25664940251882,
26930,26930,2,8979.539,3,33.2373028877482,30.0700229513437,1.54923237860203,-1.51354176923633,1.2614412435064,-1.25112870847269,1.25628497598955,
26940,26940,2,8982.872,3,33.2377186301621,30.068976889786,1.55140496790409,-1.51408817619085,1.26122070631721,-1.25140335550434,1.25631203091077,
26950,26950,2,8986.206,3,33.2378907385808,30.0689008938609,1.54901454225183,-1.51556842029095,1.26166829995373,-1.25162407895805,1.25664618945589,
26960,26960,2,8989.539,3,33.2376538101084,30.069242875524,1.54956029728055,-1.51212448254228,1.26036556591551,-1.25125546147712,1.25581051369632,
26970,26970,2,8992.872,3,33.2373699429763,30.0703738737038,1.55018363147974,-1.51512715965509,1.26196250475976,-1.25081960250523,1.25639105363249,
26980,26980,2,8996.206,3,33.2383578900029,30.0692339348269,1.54952676966786,-1.51409646496177,1.26204343669279,-1.25143120204976,1.25673731937127,
26990,26990,2,8999.539,3,33.236759740401,30.0689880656573,1.55317038297653,-1.5156882815063,1.26131728446974,-1.25105075677194,1.25618402062084,
27000,27000,2,9002.872,3,33.2374705258183,30.0691713499474,1.54986213892698,-1.51610355824232,1.26246597775165,-1.2514882921245,1.25697713493807,
27010,27010,2,9006.206,3,33.2368245604548,30.0699849533811,1.55192688107491,-1.51573559269309,1.26202024676031,-1.25110533227569,1.256562789518,
27020,27020,2,9009.539,3,33.2366569223846,30.0699626016384,1.55024416744709,-1.51388105005026,1.26139830953503,-1.25128405308062,1.25634118130782,
27030,27030,2,9012.872,3,33.2370547834044,30.0696966159005,1.55147332698107,-1.51511076837778,1.26199202768584,-1.2514633326791,1.25672768018247,
27040,27040,2,9016.206,3,33.2365138712314,30.0700184809951,1.54946576803923,-1.51411592960358,1.26142177886428,-1.25077983503065,1.25610080694747,
27050,27050,2,9019.539,3,33.2360668363777,30.0695736813157,1.54792852699757,-1.51292346417904,1.26060091113388,-1.25125713785778,1.25592902449583,
27060,27060,2,9022.872,3,33.2362992945017,30.0709594893621,1.54871484264731,-1.5152033418417,1.26121549091071,-1.25112014030486,1.25616781560778,
27070,27070,2,9026.206,3,33.2367798569694,30.0711874771375,1.55076561495662,-1.51431011036038,1.26134317523773,-1.25062514234854,1.25598415879313,
27080,27080,2,9029.539,3,33.2361987116596,30.0700251865179,1.55071299523115,-1.51416072621942,1.26110457039029,-1.25160629069659,1.25635543054344,
27090,27090,2,9032.872,3,33.2352152349814,30.0704945731143,1.54813965782523,-1.51384128257632,1.26051858221697,-1.25100772966831,1.25576315594264,
27100,27100,2,9036.206,3,33.2355371000761,30.0702017652851,1.55116450041533,-1.51257216930389,1.26122331402046,-1.25077443335963,1.25599887369005,
27110,27110,2,9039.539,3,33.2351817073674,30.0703314053927,1.54879139736295,-1.51262180879712,1.25991406072412,-1.25048348818267,1.25519877445339,
27120,27120,2,9042.872,3,33.2370614889272,30.0702285873764,1.54973994940519,-1.51357362046838,1.26181963987453,-1.25049512971504,1.25615738479478,
27130,27130,2,9046.206,3,33.2363730552525,30.069435100511,1.54955498874187,-1.5161219984293,1.26144869408712,-1.25075664509818,1.25610266959265,
27140,27140,2,9049.539,3,33.2370167854418,30.0694663929508,1.54941631481051,-1.51175493374467,1.26130182451475,-1.25052716721212,1.25591449586344,
27150,27150,2,9052.872,3,33.236285883456,30.0690797078024,1.54706034809351,-1.51508031412959,1.26161996431133,-1.25108689208842,1.25635342819988,
27160,27160,2,9056.206,3,33.2353605213089,30.0698217856595,1.54680218547583,-1.51194585487247,1.26066964274099,-1.25096218799368,1.25581591536734,
27170,27170,2,9059.539,3,33.2373006525739,30.0704766917202,1.55131025239825,-1.51391448453069,1.26182438961973,-1.25093843926765,1.25638141444369,
27180,27180,2,9062.872,3,33.2367865624922,30.0688159572387,1.54911987483501,-1.5150717459619,1.26204110838631,-1.25138389086221,1.25671249962426,
27190,27190,2,9066.206,3,33.2370436075331,30.0692808734865,1.54887037351727,-1.51725336909294,1.26204846583477,-1.25120964040572,1.25662905312024,
27200,27200,2,9069.539,3,33.2367642107495,30.0697837876969,1.55044374987483,-1.51420254260302,1.26086233338476,-1.25163423037428,1.25624828187952,
27210,27210,2,9072.872,3,33.2358924927848,30.0691311168105,1.54963349923491,-1.51406209915876,1.26133321008602,-1.25133564835208,1.25633442921905,
27220,27220,2,9076.206,3,33.2368916156828,30.0677967177722,1.54942506924272,-1.51346679776907,1.26108901730305,-1.25135855888778,1.25622378809541,
27230,27230,2,9079.539,3,33.2385367039444,30.0690819429766,1.5490835532546,-1.51392444968224,1.26106126388988,-1.2513598627394,1.25621056331464,
27240,27240,2,9082.872,3,33.236426699435,30.0696966159005,1.54916122555733,-1.5150111168623,1.26167146645053,-1.25097783421319,1.25632465033186,
27250,27250,2,9086.206,3,33.2361160102116,30.0690059470515,1.54821733012795,-1.51429586112499,1.26117684102324,-1.25138454278803,1.25628069190563,
27260,27260,2,9089.539,3,33.2365786912852,30.068735490965,1.55195342376828,-1.51476878672838,1.26079499876154,-1.252109949953,1.25645247435727,
27270,27270,2,9092.872,3,33.236909497077,30.0688740717697,1.54814934358001,-1.51626653969288,1.26133022985373,-1.2518383762859,1.25658430306982,
27280,27280,2,9096.206,3,33.2379376772405,30.0712299454486,1.55036374926567,-1.51338940486312,1.26222057424931,-1.25051040340551,1.25636548882741,
27290,27290,2,9099.539,3,33.2379153254978,30.0694216894654,1.55005967244506,-1.51509456336498,1.26130629486318,-1.25116624077304,1.25623626781811,
27300,27300,2,9102.873,3,33.2380539063024,30.0691825258187,1.54996616765857,-1.51573717594147,1.26242760726096,-1.25141462450767,1.25692111588431,
27310,27310,2,9106.206,3,33.2372134807775,30.0696697938092,1.54885863885283,-1.51489404961467,1.26185195676838,-1.2516548126035,1.25675338468594,
27320,27320,2,9109.539,3,33.2383556548287,30.0696228551496,1.55378896743059,-1.51242036372423,1.26253359177165,-1.25101396952966,1.25677378065065,
27330,27330,2,9112.873,3,33.2358232023825,30.0692808734865,1.54977357015014,-1.51468878611922,1.26134298897321,-1.25137196993307,1.25635747945314,
27340,27340,2,9116.206,3,33.2379309717177,30.0686125563802,1.54939647763968,-1.51472361758351,1.26238588400895,-1.25197928539369,1.25718258470132,
27350,27350,2,9119.539,3,33.2363194110701,30.069584857187,1.55012747272849,-1.51287568733096,1.26085562786212,-1.25090528418346,1.25588045602279,
27360,27360,2,9122.873,3,33.2361249509087,30.0690327691427,1.54760414734483,-1.51350712403655,1.26123504868509,-1.2510710596044,1.25615305414474,
27370,27370,2,9126.206,3,33.2360333087637,30.0681632863523,1.54882147908211,-1.51535021141171,1.26167807884092,-1.25148195913089,1.2565800189859,
27380,27380,2,9129.539,3,33.236093658469,30.0685410308036,1.55003694817424,-1.51401441544294,1.26076175054509,-1.25183325401166,1.25629750227837,
27390,27390,2,9132.873,3,33.2361428323029,30.0697837876969,1.54873738065362,-1.51542387902737,1.26087919032363,-1.25144424056602,1.25616171544482,
27400,27400,2,9136.206,3,33.2366546872103,30.0687846647989,1.54859079048038,-1.5140931122005,1.26156054593012,-1.25116605450853,1.25636330021932,
27410,27410,2,9139.539,3,33.2352331163756,30.0697793173484,1.54832759872079,-1.51302861049771,1.2603596985832,-1.2505587390479,1.25545921881555,
27420,27420,2,9142.873,3,33.2369251432968,30.0694730984736,1.54997315257788,-1.51540534570813,1.26242583774804,-1.2510939701401,1.25675990394407,
27430,27430,2,9146.206,3,33.23651834158,30.0683421002938,1.55019415542483,-1.51614444330335,1.26204716198314,-1.25149639463103,1.25677177830709,
27440,27440,2,9149.539,3,33.2374772313411,30.0686662005627,1.54826166108251,-1.51337394490838,1.26108883103853,-1.2516677579875,1.25637829451302,
27450,27450,2,9152.873,3,33.2359573128386,30.0690327691427,1.54903726652265,-1.51452217251062,1.26108762031917,-1.25111045454993,1.25609903743455,
27460,27460,2,9156.206,3,33.235668975358,30.0688226627615,1.55095644295216,-1.51602644473314,1.26203905947662,-1.25142682483359,1.2567329421551,
27470,27470,2,9159.539,3,33.2355460407732,30.067861537826,1.54703194275498,-1.51295810937881,1.2606240079341,-1.25157825788665,1.25610113291038,
27480,27480,2,9162.873,3,33.2355303945533,30.0678503619547,1.54856303706765,-1.5156245790422,1.26131858832137,-1.25170333451042,1.25651096141589,
27490,27490,2,9166.206,3,33.2354320468855,30.0684136258703,1.54895493760705,-1.51653131470084,1.26141246563839,-1.25133164366494,1.25637205465167,
27500,27500,2,9169.539,3,33.2371486607237,30.067736368067,1.54863530769944,-1.51361860334873,1.26195021130158,-1.25112358619844,1.25653689875001,
27510,27510,2,9172.873,3,33.2365026953601,30.069908957456,1.55113972723484,-1.51560315862298,1.26210229628044,-1.25050472233771,1.25630350930908,
27520,27520,2,9176.206,3,33.2363909366467,30.0684203313932,1.54806179925799,-1.51440817862749,1.26190122373337,-1.25120675330569,1.25655398851953,
27530,27530,2,9179.539,3,33.2365161064057,30.0690282987942,1.55158555135131,-1.51442559435964,1.26188464619127,-1.25125220184806,1.25656842401967,
27540,27540,2,9182.873,3,33.2361204805602,30.0692562865696,1.54898120090365,-1.51509987190366,1.26117516464258,-1.25056386132215,1.25586951298236,
27550,27550,2,9186.206,3,33.2363618793812,30.0680716442073,1.55022190883756,-1.51474997401237,1.26261312672079,-1.25069452588145,1.25665382630112,
27560,27560,2,9189.539,3,33.2362054171824,30.0685455011522,1.55033944174647,-1.51496985927224,1.26251952880055,-1.25123953586084,1.25687953233069,
27570,27570,2,9192.873,3,33.2370883110184,30.0675910817395,1.5489055775106,-1.51528790593147,1.2616497666342,-1.25161430007086,1.25663203335253,
27580,27580,2,9196.206,3,33.236551869194,30.0685589121978,1.55216287821531,-1.51472873985767,1.26225456752383,-1.25116307427624,1.25670882090003,
27590,27590,2,9199.539,3,33.2365250471028,30.0686170267288,1.54917305335402,-1.51439635083079,1.26169502891205,-1.25124009465439,1.25646756178322,
27600,27600,2,9202.873,3,33.2362948241531,30.0679420040997,1.54897412285209,-1.5157881192863,1.26169046543136,-1.25111185153382,1.25640115848259,
27610,27610,2,9206.206,3,33.2372492435658,30.0682683395429,1.55178969725966,-1.51465265080333,1.26168683327326,-1.2514721802437,1.25657950675848,
27620,27620,2,9209.539,3,33.2366077485507,30.0668221817912,1.55144231393933,-1.51508534327149,1.26127667880484,-1.25181267178243,1.25654467529363,
27630,27630,2,9212.873,3,33.2368782046372,30.0668378280111,1.55107229948044,-1.5158518217504,1.26188585691064,-1.25158291449959,1.25673438570512,
27640,27640,2,9216.206,3,33.2373386505365,30.0671529875829,1.55446883291006,-1.51632931083441,1.2626730107633,-1.25162603473549,1.25714952274939,
27650,27650,2,9219.539,3,33.2369251432968,30.0683085726797,1.54909631237388,-1.51485521346331,1.26186443649108,-1.2512874989742,1.25657596773264,
27660,27660,2,9222.873,3,33.2373788836733,30.0686170267288,1.54955703765154,-1.51647003367543,1.2624810651776,-1.25121196871219,1.25684651694489,
27670,27670,2,9226.206,3,33.2366792741273,30.0674860285489,1.54969925060868,-1.51505162939429,1.26122806376566,-1.25126859312563,1.25624832844565,
27680,27680,2,9229.539,3,33.2362143578795,30.0671462820601,1.54777113348246,-1.51668265461922,1.26005059261574,-1.25285677753753,1.25645368507664,
27690,27690,2,9232.873,3,33.2373542967564,30.0687153743966,1.55033320188522,-1.5172153711319,1.26214299507761,-1.25124409934153,1.25669354720957,
27700,27700,2,9236.206,3,33.2374459389014,30.0687779592761,1.54915824532509,-1.51345897465944,1.26214755855829,-1.25053042684118,1.25633899269974,
27710,27710,2,9239.539,3,33.2375867548803,30.0681655215265,1.54769169166684,-1.51525568217039,1.26136720336054,-1.25129103800004,1.25632912068029,
27720,27720,2,9242.873,3,33.2373632374535,30.0677274273699,1.55229568481445,-1.51492822915316,1.26261796959826,-1.25139637058491,1.25700717009159,
27730,27730,2,9246.206,3,33.237550992092,30.0682884561113,1.55072463676333,-1.5140475705266,1.26172483123491,-1.25126496096753,1.25649489610122,
27740,27740,2,9249.539,3,33.2368066790606,30.0678168343407,1.5485905110836,-1.51479169726372,1.26126447847891,-1.25152424117645,1.25639435982768,
27750,27750,2,9252.873,3,33.2367955031893,30.0686662005627,1.54932364821434,-1.51600297540426,1.26171086139607,-1.25144396116924,1.25657741128265,
27760,27760,2,9256.206,3,33.2358813169135,30.0676648424904,1.5488600358367,-1.5176366083324,1.26163151271144,-1.25230860106135,1.25697005688639,
27770,27770,2,9259.539,3,33.2367642107495,30.0675419079056,1.55016938224435,-1.51600809767842,1.26110624677096,-1.25206301129449,1.25658462903272,
27780,27780,2,9262.873,3,33.2370905461927,30.0669697032929,1.54692400246859,-1.51658682152629,1.26207323901565,-1.25221938035727,1.25714630968646,
27790,27790,2,9266.206,3,33.2351504149277,30.0671976910683,1.54988300055265,-1.51384007185698,1.26123402423024,-1.25218026480851,1.25670714451937,
27800,27800,2,9269.539,3,33.2369743171307,30.0660488114943,1.55094154179096,-1.51732172816992,1.26098890012468,-1.25320155316017,1.25709522664243,
27810,27810,2,9272.873,3,33.2369363191682,30.0667640672602,1.54708232730627,-1.51543784886599,1.26148501566811,-1.25234846166818,1.25691673866814,
27820,27820,2,9276.206,3,33.2362568261906,30.0674212084951,1.54973268508911,-1.51724116876721,1.26239808433487,-1.25198943680992,1.2571937605724,
27830,27830,2,9279.539,3,33.236460227049,30.0675843762167,1.54803823679686,-1.51389613747597,1.26052240063959,-1.251100768795,1.25581158471729,
27840,27840,2,9282.873,3,33.2353247585206,30.0669942902099,1.55014963820577,-1.51597019284964,1.261228901956,-1.25167232146819,1.25645061171209,
27850,27850,2,9286.206,3,33.2360511901579,30.0684762107499,1.54892345890403,-1.51512762531638,1.26138024187679,-1.25110384215955,1.25624204201817,
27860,27860,2,9289.539,3,33.2346877338541,30.0675150858144,1.54796941205859,-1.5140863135457,1.26104813224137,-1.25185793406028,1.25645303315082,
27870,27870,2,9292.873,3,33.2355058076363,30.0674323843665,1.54750328511,-1.51785649359226,1.26190327264306,-1.25139059638486,1.25664693451396,
27880,27880,2,9296.206,3,33.2350185396458,30.066462318734,1.54687454923987,-1.5165432356298,1.26193484447885,-1.25278301678845,1.25735893063365,
27890,27890,2,9299.539,3,33.2343502225395,30.0662477420042,1.54597368091345,-1.51507146656513,1.26003625024786,-1.25241775206884,1.25622700115835,
27900,27900,2,9302.873,3,33.2351213576622,30.0662522123527,1.54761802405119,-1.51470303535461,1.26104710778652,-1.2519949316132,1.25652101969986,
27910,27910,2,9306.206,3,33.2341669382495,30.0662812696182,1.54893221333623,-1.51688577607274,1.26132324493431,-1.25240340970096,1.25686332731764,
27920,27920,2,9309.539,3,33.2340551795361,30.0667573617374,1.546027418226,-1.5145767480135,1.261226387385,-1.25289188839916,1.25705913789208,
27930,27930,2,9312.873,3,33.2338540138519,30.0660063431832,1.55045706778765,-1.51583282276988,1.26122424534305,-1.25182273006639,1.25652348770472,
27940,27940,2,9316.206,3,33.2342317583033,30.0665964291901,1.54799688607454,-1.51748079806566,1.26114908761007,-1.25222990430253,1.2566894959563,
27950,27950,2,9319.539,3,33.23410435337,30.0660778687598,1.54806720092893,-1.51341948658228,1.26052398388799,-1.25221109158622,1.25636753773711,
27960,27960,2,9322.873,3,33.234437394336,30.0674167381466,1.54848098754883,-1.51610653847456,1.26156548193985,-1.25218371070209,1.25687459632097,
27970,27970,2,9326.206,3,33.2343278707969,30.0668579445795,1.5475383028388,-1.51545144617558,1.26109292885793,-1.25213034591771,1.25661163738782,
27980,27980,2,9329.539,3,33.2347726704763,30.0663483248463,1.54971294105053,-1.51437232270837,1.26071145912526,-1.25158030679634,1.2561458829608,
27990,27990,2,9332.873,3,33.2352711143382,30.0661471591621,1.5489068813622,-1.51405008509755,1.26155188463004,-1.25168573251348,1.25661880857176,
28000,28000,2,9336.206,3,33.2343725742822,30.0667797134801,1.54912555590272,-1.51543542742729,1.26061506723724,-1.25161485886441,1.25611496305083,
28010,28010,2,9339.539,3,33.2347011448997,30.0656285987318,1.54718840494752,-1.51480995118618,1.26046745260681,-1.25231605164206,1.25639175212443,
28020,28020,2,9342.873,3,33.2355773332129,30.0660443411458,1.54926478862762,-1.51532385498285,1.26183295778756,-1.2518363273762,1.25683464258188,
28030,28030,2,9346.206,3,33.235519218682,30.0671552227572,1.54780456796288,-1.51552716270089,1.26149144179398,-1.25130007182916,1.25639575681157,
28040,28040,2,9349.539,3,33.2338204862379,30.0668534742309,1.54797695577145,-1.51433255523443,1.2607295267835,-1.25218445576016,1.25645699127183,
28050,28050,2,9352.873,3,33.2363998773437,30.0665517257047,1.54997864738107,-1.51712540537119,1.26248823636154,-1.25213034591771,1.25730929113963,
28060,28060,2,9356.206,3,33.2350230099944,30.0665494905304,1.55149828642607,-1.51636153459549,1.2617917933291,-1.25188047206694,1.25683613269802,
28070,28070,2,9359.539,3,33.2353471102633,30.0676693128389,1.54674686491489,-1.51427602395415,1.26098741000853,-1.25142049183998,1.25620395092426,
28080,28080,2,9362.873,3,33.2361718895684,30.0664846704766,1.55053604394197,-1.51441032066941,1.26230718725014,-1.25132829090362,1.25681773907688,
28090,28090,2,9366.206,3,33.2342027010378,30.0673742698355,1.54838943853974,-1.51624651625752,1.26107420927388,-1.2515236823829,1.25629894582839,
28100,28100,2,9369.539,3,33.2353806378773,30.0667260692976,1.54849672690034,-1.51437278836966,1.26053339024614,-1.25186119368934,1.25619729196774,
28110,28110,2,9372.873,3,33.236402112518,30.0673943864039,1.54777923598886,-1.51630342006683,1.26179076887425,-1.25110132758855,1.2564460482314,
28120,28120,2,9376.206,3,33.2362367096221,30.0665673719246,1.54782151803374,-1.51678882539272,1.26192851148524,-1.25133350631012,1.25663100889768,
28130,28130,2,9379.539,3,33.2353761675288,30.0672803925162,1.5487871132791,-1.51292197406292,1.26160133785954,-1.25120889534764,1.25640511660359,
28140,28140,2,9382.873,3,33.2354543986282,30.0661717460791,1.54763264581561,-1.51537181809545,1.26148203543583,-1.2510247728717,1.25625340415376,
28150,28150,2,9386.206,3,33.2349112512809,30.0661069260253,1.54723133891821,-1.5159098431468,1.26213731400981,-1.25196904084521,1.25705317742751,
28160,28160,2,9389.539,3,33.2363708200783,30.066129277768,1.54742635786533,-1.51429744437337,1.26084873607495,-1.25122994323817,1.25603933965656,
28170,28170,2,9392.873,3,33.2355706276901,30.065954934175,1.54739320278168,-1.5160096809268,1.26190066493981,-1.25140382116563,1.25665224305272,
28180,28180,2,9396.206,3,33.2347167911196,30.0656934187856,1.54982879757881,-1.51574313640594,1.26153251312018,-1.25218166179239,1.25685708745629,
28190,28190,2,9399.539,3,33.2346586765886,30.0657001243084,1.55015271157026,-1.51434252038598,1.26110652616773,-1.25165807223257,1.25638229920015,
28200,28200,2,9402.873,3,33.2349984230774,30.0650698051647,1.54854347929358,-1.51556171476841,1.26160748458863,-1.25176340481744,1.25668544470304,
28210,28210,2,9406.206,3,33.2348598422728,30.0656196580347,1.54857765883207,-1.51653727516532,1.26239482470581,-1.25204634062014,1.25722058266297,
28220,28220,2,9409.539,3,33.2345715047921,30.065655420823,1.54846841469407,-1.51498056948185,1.26129251128886,-1.25254180423776,1.25691715776331,
28230,28230,2,9412.873,3,33.2356935622749,30.0664869056509,1.54696870595217,-1.51760270819068,1.26232013263413,-1.25184703758598,1.25708358511006,
28240,28240,2,9416.206,3,33.2351459445791,30.0658834085984,1.54927736148238,-1.51440408080816,1.26099923780542,-1.25178193813697,1.2563905879712,
28250,28250,2,9419.539,3,33.2341602327267,30.0651837990524,1.54706751927733,-1.51552464812994,1.26143425858698,-1.25176852709168,1.25660139283933,
28260,28260,2,9422.873,3,33.23540298962,30.0645825371742,1.54911847785115,-1.51675594970584,1.26195216707901,-1.25213304675322,1.25704260691612,
28270,28270,2,9426.206,3,33.2343166949255,30.0646384165309,1.5475326217711,-1.51672270148993,1.26018377174604,-1.25249356172762,1.25633866673683,
28280,28280,2,9429.539,3,33.2336930813046,30.0668758259736,1.54928294941783,-1.51652805507183,1.26089940002382,-1.25199530414223,1.25644735208303,
28290,28290,2,9432.873,3,33.2351660611475,30.0654095516535,1.5491921454668,-1.51652907952666,1.26201745279254,-1.25237137220388,1.25719441249821,
28300,28300,2,9436.206,3,33.2331566394802,30.0645110115976,1.54671538621187,-1.51583133265376,1.26019820724618,-1.252492257876,1.25634523256109,
28310,28310,2,9439.539,3,33.2342474045232,30.066138218465,1.55057590454817,-1.51578253135085,1.26073483532226,-1.25182934245678,1.25628208888952,
28320,28320,2,9442.873,3,33.2334293307409,30.0642606720795,1.54818706214428,-1.51762161403894,1.2607097827446,-1.25203292957485,1.25637135615972,
28330,28330,2,9446.206,3,33.2350207748201,30.065979521092,1.54959363862872,-1.51588153094053,1.26101851618302,-1.2523091598549,1.25666383801896,
28340,28340,2,9449.539,3,33.2350028934259,30.0653559074711,1.54832396656275,-1.51615580543876,1.26100100731834,-1.251977236484,1.25648912190117,
28350,28350,2,9452.873,3,33.2361830654397,30.06531343916,1.54906380921602,-1.51607133448124,1.26149218685205,-1.25170128560072,1.25659673622639,
28360,28360,2,9456.206,3,33.2345156254354,30.0643970177099,1.54833029955626,-1.51520436629653,1.26133619031831,-1.25206347695578,1.25669983363705,
28370,28370,2,9459.539,3,33.2351593556247,30.0646585330993,1.55043294653296,-1.51627287268639,1.26090256652063,-1.25299722098403,1.25694989375233,
28380,28380,2,9462.873,3,33.235045361737,30.0641310319719,1.54885118827224,-1.51641368865967,1.26114620051005,-1.25227833307719,1.25671226679362,
28390,28390,2,9466.206,3,33.235619801524,30.0646406517051,1.54793923720717,-1.51733374223113,1.26223389216234,-1.25282902412437,1.25753145814335,
28400,28400,2,9469.539,3,33.2348419608786,30.0640103325614,1.55009347945452,-1.51461027562618,1.26069376399606,-1.25220596931198,1.25644986665402,
28410,28410,2,9472.873,3,33.235919314876,30.0646048889168,1.54792387038469,-1.51820089668036,1.26244437106757,-1.25221379242173,1.25732908174465,
28420,28420,2,9476.206,3,33.2358008506398,30.0647904083811,1.54965706169605,-1.51575626805425,1.26210015423849,-1.25249570376958,1.25729792900403,
28430,28430,2,9479.539,3,33.234587151012,30.0645445392116,1.55019443482161,-1.516427192837,1.26105521029305,-1.25269295789404,1.25687408409354,
28440,28440,2,9482.873,3,33.235195118413,30.0645333633403,1.54904732480645,-1.5173071064055,1.26237675704757,-1.25217197603746,1.25727436654252,
28450,28450,2,9486.206,3,33.2348330201815,30.0652150914921,1.54864750802517,-1.51587091386318,1.26126485100795,-1.2519590756935,1.25661196335073,
28460,28460,2,9489.539,3,33.2352331163756,30.0642941996935,1.54972542077303,-1.51645625010133,1.26136189482178,-1.25280816249836,1.25708502866007,
28470,28470,2,9492.873,3,33.2350095989488,30.0648596987835,1.54793616384268,-1.51634681969881,1.26229740836295,-1.25237640134586,1.2573369048544,
28480,28480,2,9496.206,3,33.2332460464509,30.0639209255907,1.54688153415918,-1.51664735749364,1.26091150721749,-1.25306744270728,1.25698947496239,
28490,28490,2,9499.539,3,33.2335142673631,30.0649982795881,1.54785020276904,-1.51462983340025,1.26034498368628,-1.25207027561069,1.25620762964849,
28500,28500,2,9502.873,3,33.2337467254871,30.0623808905197,1.54512049630284,-1.51793425902724,1.26124464130776,-1.25318208851805,1.25721336491291,
28510,28510,2,9506.206,3,33.2331231118661,30.0636035308446,1.54833905398846,-1.51633834466338,1.261486412652,-1.25289868705406,1.25719254985303,
28520,28520,2,9509.539,3,33.2346609117629,30.0649021670946,1.54693303629756,-1.51667473837733,1.26048123618113,-1.2531284443369,1.25680484025901,
28530,28530,2,9512.873,3,33.2341602327267,30.0648529932607,1.54739525169134,-1.51721583679318,1.26161744974034,-1.25294143476092,1.25727944225063,
28540,28540,2,9516.206,3,33.2353024067779,30.0644037232327,1.54606178402901,-1.51799144223332,1.26202844239909,-1.25250306121804,1.25726575180857,
28550,28550,2,9519.539,3,33.2351481797534,30.0641779706316,1.54963582754135,-1.51752987876534,1.26156725145277,-1.25337477916182,1.2574710153073,
28560,28560,2,9522.873,3,33.2350677134797,30.0639276311135,1.54953999444842,-1.51756312698126,1.26216739572945,-1.25274380810743,1.25745560191844,
28570,28570,2,9526.206,3,33.2350274803429,30.0647904083811,1.54985887929797,-1.5147895552218,1.26139234907046,-1.25257467992517,1.25698351449781,
28580,28580,2,9529.539,3,33.2346966745512,30.0650273368536,1.55049050226808,-1.51466131210327,1.26108007660619,-1.25251386456008,1.25679697058313,
28590,28590,2,9532.873,3,33.2347279669909,30.0647077069332,1.55022293329239,-1.51766007766128,1.26202015362805,-1.25287149243445,1.25744582303125,
28600,28600,2,9536.206,3,33.2353314640434,30.0649356947086,1.54912509024143,-1.51522606611252,1.26140417686734,-1.25246860228222,1.25693638957478,
28610,28610,2,9539.539,3,33.2350654783055,30.0642986700421,1.54550084844232,-1.51621755212545,1.2611462936423,-1.25293780260282,1.25704204812256,
28620,28620,2,9542.873,3,33.236185300614,30.065713535354,1.54822738841176,-1.51676665991545,1.26192767329491,-1.25234902046173,1.25713834687832,
28630,28630,2,9546.206,3,33.2351191224879,30.0634336576002,1.55017683282495,-1.5181208960712,1.26112040287432,-1.25304397337803,1.25708218812617,
28640,28640,2,9549.539,3,33.2347726704763,30.0646630034478,1.54807465150952,-1.51600651443005,1.26126298836277,-1.25262636832889,1.25694467834583,
28650,28650,2,9552.873,3,33.2347480835593,30.0639142200679,1.5490310266614,-1.51897398754954,1.26227021374333,-1.25300094627439,1.25763558000886,
28660,28660,2,9556.206,3,33.2355169835077,30.0638762221053,1.54591398313642,-1.517029479146,1.2613366559796,-1.25313375287566,1.25723520442763,
28670,28670,2,9559.539,3,33.234620678626,30.0647971139039,1.54789034277201,-1.51556767523289,1.26084584897493,-1.25292169072202,1.25688376984848,
28680,28680,2,9562.873,3,33.2362456503192,30.0636974081638,1.55022321268916,-1.51763511821628,1.26212828018069,-1.25273989655255,1.25743408836662,
28690,28690,2,9566.206,3,33.2347547890821,30.0637935206574,1.5467151068151,-1.51656856760383,1.26145847297431,-1.25254813723137,1.25700330510284,
28700,28700,2,9569.539,3,33.2345022143898,30.0636996433381,1.54790030792356,-1.51730990037322,1.26101032054424,-1.25259377203826,1.25680204629125,
28710,28710,2,9572.873,3,33.2342652859173,30.0635521218364,1.54745206236839,-1.51673462241888,1.26136738962506,-1.25322912030882,1.25729825496694,
28720,28720,2,9576.206,3,33.2335924984625,30.0626222893407,1.54847549274564,-1.51535142213106,1.26127015954671,-1.25303391509406,1.25715203732039,
28730,28730,2,9579.539,3,33.234953719592,30.0637219950808,1.550302375108,-1.517020072788,1.26042293538703,-1.25381902003702,1.25712097771203,
28740,28740,2,9582.873,3,33.2346989097254,30.0639164552422,1.54924672096968,-1.51698039844632,1.26185028038772,-1.2527799434239,1.25731511190581,
28750,28750,2,9586.206,3,33.2343949260249,30.0631788477336,1.55019098892808,-1.51673816144466,1.26152319989428,-1.2519075735543,1.25671538672429,
28760,28760,2,9589.539,3,33.2347234966424,30.0627251073571,1.54883358627558,-1.51645028963685,1.26123802891737,-1.25339703777171,1.25731753334454,
28770,28770,2,9592.873,3,33.2352711143382,30.0627184018343,1.55011769384146,-1.51829998940229,1.2621917963813,-1.25250417880514,1.25734798759322,
28780,28780,2,9596.206,3,33.2340820016273,30.063932101462,1.55094545334578,-1.51637820526958,1.26153912551056,-1.25294674329968,1.25724293440512,
28790,28790,2,9599.539,3,33.2349224271523,30.0624591216191,1.54841998592019,-1.51858711615205,1.26141563213519,-1.25381212824986,1.25761388019253,
28800,28800,2,9602.873,3,33.2344552757302,30.0622467800636,1.54815446585417,-1.51768382638693,1.26231137820179,-1.25353198641493,1.25792168230836,
28810,28810,2,9606.206,3,33.2337087275245,30.0615918740029,1.54597563669086,-1.51687953621149,1.26077870061622,-1.25407746205561,1.25742808133592,
28820,28820,2,9609.539,3,33.2350632431312,30.0621774896613,1.5482509508729,-1.51691641658545,1.26124724901101,-1.25332020365808,1.25728372633454,
28830,28830,2,9612.873,3,33.2355214538562,30.0629374489126,1.54911857098341,-1.51898749172688,1.26263138064355,-1.25304620855224,1.2578387945979,
28840,28840,2,9616.206,3,33.2351057114423,30.0624054774367,1.5475245192647,-1.51768987998366,1.26200357608595,-1.25358590999287,1.25779474303941,
28850,28850,2,9619.539,3,33.2355594518188,30.0623540684285,1.54919410124421,-1.5163742005825,1.26142084754169,-1.2528652525731,1.2571430500574,
28860,28860,2,9622.873,3,33.2347056152482,30.0619092687491,1.54718337580562,-1.51792224496603,1.26231985323735,-1.25298380993875,1.25765183158805,
28870,28870,2,9626.206,3,33.2340775312788,30.062175254487,1.54861677438021,-1.51800364255905,1.26242760726096,-1.25353571170529,1.25798165948313,
28880,28880,2,9629.539,3,33.2340685905817,30.0614130600615,1.54647203162313,-1.51987196877599,1.26133749416993,-1.2535259328181,1.25743171349402,
28890,28890,2,9632.873,3,33.2339903594823,30.0615583463889,1.54730658978224,-1.51737555861473,1.26141339696098,-1.25323489450888,1.25732414573493,
28900,28900,2,9636.206,3,33.2334203900439,30.0616946920193,1.54760237783194,-1.51840914040804,1.26161288625965,-1.25347247490146,1.25754268058056,
28910,28910,2,9639.539,3,33.2335723818941,30.0614711745924,1.54811451211572,-1.51705909520388,1.26144888035164,-1.25410065198809,1.25777476616987,
28920,28920,2,9642.873,3,33.2319027067156,30.0624859437103,1.54811609536409,-1.51926623657346,1.26198308698899,-1.253321973171,1.25765253007999,
28930,28930,2,9646.206,3,33.2328258336884,30.0625105306273,1.54497697949409,-1.51910437270999,1.26020742733981,-1.2532611578059,1.25673429257286,
28940,28940,2,9649.539,3,33.2335969688111,30.0623406573829,1.54762333258986,-1.51673974469304,1.26039965232229,-1.25343829536243,1.25691897384236,
28950,28950,2,9652.873,3,33.2350252451686,30.0628234550249,1.54801411554217,-1.51937687769532,1.26125535151754,-1.25288574167007,1.2570705465938,
28960,28960,2,9656.206,3,33.2332773388907,30.0617326899818,1.54641214758158,-1.51581633836031,1.26123905337222,-1.25280741744029,1.25702323540626,
28970,28970,2,9659.539,3,33.2345826806635,30.0621037289104,1.54981892555952,-1.51844946667552,1.26121269694294,-1.2539878688225,1.25760028288272,
28980,28980,2,9662.873,3,33.2339344801256,30.0625574692869,1.54663966968656,-1.51830036193132,1.26172380678006,-1.25299880423244,1.25736130550625,
28990,28990,2,9666.206,3,33.2318110645705,30.0623428925571,1.54707618057728,-1.51806026697159,1.26033408721199,-1.25295978181594,1.25664693451396,
29000,29000,2,9669.539,3,33.2333890976041,30.0635811791019,1.54734775424004,-1.51609210297465,1.2606718779152,-1.25277687005935,1.25672437398728,
29010,29010,2,9672.873,3,33.2356242718726,30.0618489190438,1.54920862987638,-1.51720941066742,1.26185456447163,-1.2533594123391,1.25760698840536,
29020,29020,2,9676.206,3,33.2342988135314,30.0630514428003,1.54851544648409,-1.51787595823407,1.26111397674845,-1.25320118063114,1.25715757868979,
29030,29030,2,9679.539,3,33.2343993963734,30.0618980928777,1.54914548620582,-1.51646891608834,1.26188492558805,-1.253332403984,1.25760866478603,
29040,29040,2,9682.873,3,33.2340104760507,30.0627385184027,1.54775027185678,-1.51693550869823,1.26165302626326,-1.25255409769594,1.2571035619796,
29050,29050,2,9686.206,3,33.2352018239358,30.0625842913781,1.54950758442283,-1.51781896129251,1.26151099956836,-1.25361049690923,1.2575607482388,
29060,29060,2,9689.539,3,33.2337154330473,30.0609280272452,1.54893146827817,-1.51835745200515,1.26132277927302,-1.25374600434601,1.25753439180951,
29070,29070,2,9692.873,3,33.233563441197,30.0624568864448,1.5498542226851,-1.51830445975065,1.26120124167509,-1.25337747999733,1.25728936083621,
29080,29080,2,9696.206,3,33.2346698524599,30.0626133486436,1.550118252635,-1.51685466989875,1.2620440886186,-1.25308383398486,1.25756396130173,
29090,29090,2,9699.539,3,33.2345335068296,30.0624702974904,1.54641168192029,-1.51889286935329,1.26161819479841,-1.25348234692091,1.25755027085966,
29100,29100,2,9702.873,3,33.2343882205021,30.0614465876755,1.54971806332469,-1.51848010718822,1.26143500364506,-1.2531170822013,1.25727604292318,
29110,29110,2,9706.206,3,33.234437394336,30.0621126696075,1.54848797246814,-1.51868164539337,1.26156073219464,-1.25399205977416,1.2577763959844,
29120,29120,2,9709.539,3,33.2352733495124,30.0617103382392,1.54652735218406,-1.5171087346971,1.26176450557723,-1.25368826234546,1.25772638396134,
29130,29130,2,9712.873,3,33.233413684521,30.0615806981316,1.54791306704283,-1.5167566947639,1.26108380189655,-1.25405641416509,1.25757010803082,
29140,29140,2,9716.206,3,33.2332862795877,30.0614912911609,1.54825886711478,-1.51650039479136,1.26037972201887,-1.25354027518598,1.25695999860243,
29150,29150,2,9719.539,3,33.2328593613025,30.0614018841901,1.54941799119115,-1.51929063722491,1.26068733787019,-1.25478778179464,1.25773755983241,
29160,29160,2,9722.873,3,33.2327319563692,30.0607134505154,1.54668241739273,-1.5186021104455,1.26142773932886,-1.2540981374171,1.25776293837298,
29170,29170,2,9726.206,3,33.2341199995899,30.0612409516428,1.54714025557041,-1.51983434334397,1.26093991255647,-1.25442680115894,1.25768335685771,
29180,29180,2,9729.539,3,33.2340037705279,30.0622445448893,1.54569577425718,-1.51809444651008,1.26129819235666,-1.25330865525797,1.25730342380731,
29190,29190,2,9732.873,3,33.2334002734754,30.0617751582929,1.54729839414358,-1.51888560503721,1.26196874462111,-1.25294003777704,1.25745439119907,
29200,29200,2,9736.206,3,33.2341579975525,30.0621484323958,1.54700521379709,-1.51648484170437,1.26074582492881,-1.25265700884208,1.25670141688545,
29210,29210,2,9739.539,3,33.2335768522426,30.0618735059608,1.549625210464,-1.51589205488563,1.26106163641892,-1.25296527661921,1.25701345651907,
29220,29220,2,9742.873,3,33.2335522653257,30.0620567902508,1.54736554250121,-1.51782035827637,1.26175686873199,-1.2531940094472,1.2574754390896,
29230,29230,2,9746.206,3,33.2339590670426,30.0612610682112,1.54614746570587,-1.51746449992061,1.26217186607788,-1.25389631981195,1.25803409294492,
29240,29240,2,9749.539,3,33.2339233042543,30.0624032422624,1.54703017324209,-1.5171704813838,1.26133954307963,-1.25354223096342,1.25744088702152,
29250,29250,2,9752.873,3,33.2334919156204,30.0614734097667,1.54818473383784,-1.51807619258761,1.26208981655774,-1.25352239379226,1.257806105175,
29260,29260,2,9756.206,3,33.2332482816252,30.0611850722861,1.54943559318781,-1.5195750631392,1.26216907211011,-1.25406768316842,1.25811837763927,
29270,29270,2,9759.539,3,33.2319429398524,30.0609727307306,1.54467457905412,-1.51726715266705,1.26139504990596,-1.25431085149655,1.25785295070126,
29280,29280,2,9762.873,3,33.2326827825353,30.0605905159306,1.5477092936635,-1.51640372350812,1.26098303279236,-1.25375783214289,1.25737043246763,
29290,29290,2,9766.206,3,33.233404743824,30.0618980928777,1.54401632025838,-1.51896150782704,1.26209819846105,-1.2542864508447,1.25819232465288,
29300,29300,2,9769.539,3,33.2327654839832,30.0623853608682,1.5461752191186,-1.51587398722768,1.26144077784511,-1.25340839990731,1.25742458887621,
29310,29310,2,9772.873,3,33.2326827825353,30.0619763239771,1.5462726354599,-1.51957143098116,1.2615467623558,-1.2530998527334,1.2573233075446,
29320,29320,2,9776.206,3,33.2323631526149,30.0618645652637,1.54662486165762,-1.51563622057438,1.2602566943048,-1.2528897463572,1.256573220331,
29330,29330,2,9779.539,3,33.2344105722448,30.061533759472,1.54809933155775,-1.5177789144218,1.26171356223158,-1.25383261734683,1.2577730897892,
29340,29340,2,9782.873,3,33.2324078561002,30.0593812866514,1.54584450647235,-1.51824839413166,1.26031471570213,-1.25380244249493,1.25705857909853,
29350,29350,2,9786.206,3,33.2318512977074,30.0619427963631,1.54779264703393,-1.51794925332069,1.261093673916,-1.25369468847132,1.25739418119366,
29360,29360,2,9789.539,3,33.2321910441962,30.0610666080498,1.54752982780337,-1.51714561507106,1.2606707603281,-1.25369077691645,1.25718076862227,
29370,29370,2,9792.873,3,33.2327856005516,30.0620567902508,1.54838627204299,-1.51751143857837,1.26185018725546,-1.25322772332494,1.2575389552902,
29380,29380,2,9796.206,3,33.2330202938498,30.0606173380219,1.54656227678061,-1.51815991848707,1.26123504868509,-1.25347843536604,1.25735674202556,
29390,29390,2,9799.539,3,33.2322335125073,30.0613236530907,1.54493115842342,-1.51501400396228,1.26103257915412,-1.25311968990456,1.25707613452934,
29400,29400,2,9802.873,3,33.2323698581377,30.0609704955563,1.54705243185163,-1.51774976402521,1.26089716484961,-1.25258753217691,1.25674234851326,
29410,29410,2,9806.206,3,33.2321217537939,30.0617103382392,1.5471201390028,-1.51836490258574,1.26098200833751,-1.25272713743307,1.25685457288529,
29420,29420,2,9809.539,3,33.2332840444135,30.0613728269246,1.54711427167058,-1.51793183758855,1.26127667880484,-1.25326711827048,1.25727189853766,
29430,29430,2,9812.873,3,33.2329353572276,30.0602619453132,1.54628483578563,-1.51737853884697,1.261686740141,-1.25271735854588,1.25720204934344,
29440,29440,2,9816.206,3,33.2338562490262,30.0611135467095,1.54995825141668,-1.51970535516739,1.26152068532329,-1.25360164934463,1.25756116733396,
29450,29450,2,9819.539,3,33.2333667458614,30.0614152952357,1.54738277196884,-1.51837412267923,1.26017511044596,-1.25341333591703,1.25679422318149,
29460,29460,2,9822.873,3,33.2321306944909,30.0611627205434,1.54746025800705,-1.51638928800821,1.26094727000493,-1.2523892535976,1.25666826180126,
29470,29470,2,9826.206,3,33.2333421589445,30.0617416306789,1.54707813635468,-1.51853561401367,1.26176413304819,-1.25250259555674,1.25713336430247,
29480,29480,2,9829.539,3,33.2328817130452,30.0610353156101,1.55033022165298,-1.51738822460175,1.26093395209189,-1.2531960583569,1.2570650052244,
29490,29490,2,9832.873,3,33.234312224577,30.0608386202745,1.54822329059243,-1.51876593008637,1.26198187626962,-1.25365827375807,1.25782007501385,
29500,29500,2,9836.206,3,33.2339344801256,30.0609503789879,1.54961664229631,-1.51723055168986,1.26180492497761,-1.25289086394431,1.25734789446096,
29510,29510,2,9839.539,3,33.2339903594823,30.0616231664427,1.54928034171462,-1.51926651597023,1.26137148744445,-1.25344071680116,1.25740610212281,
29520,29520,2,9842.873,3,33.2334181548696,30.0604586406488,1.54751781374216,-1.51934688910842,1.26198224879865,-1.25356961184755,1.2577759303231,
29530,29530,2,9846.206,3,33.2340507091876,30.0607961519634,1.54946353286505,-1.51877263560891,1.26098591989239,-1.25305188962004,1.25701890475621,
29540,29540,2,9849.539,3,33.2330068828042,30.0609079106768,1.54974991455674,-1.51819614693522,1.2616352380018,-1.25367149853884,1.25765336827032,
29550,29550,2,9852.873,3,33.2333376885959,30.0605413420967,1.54798105359077,-1.51946814730763,1.26152636639109,-1.25364216187727,1.25758426413418,
29560,29560,2,9856.206,3,33.2338741304204,30.0603804095494,1.54589246958494,-1.5196324326098,1.26128412938555,-1.25398162896115,1.25763287917335,
29570,29570,2,9859.539,3,33.2337087275245,30.0602373583962,1.54803665354848,-1.51768028736115,1.26143882206767,-1.25361515352218,1.25752698779493,
29580,29580,2,9862.873,3,33.2333689810357,30.0611560150206,1.54895382001996,-1.51939084753394,1.26127937964035,-1.25308243700097,1.25718090832066,
29590,29590,2,9866.206,3,33.2335165025374,30.0609704955563,1.54758142307401,-1.51505619287491,1.26052677785576,-1.25227712235782,1.25640195010679,
29600,29600,2,9869.539,3,33.2336863757818,30.059969137484,1.55052123591304,-1.51849864050746,1.26142671487401,-1.25336062305846,1.25739366896624,
29610,29610,2,9872.873,3,33.2334539176579,30.0594505770537,1.55005119740963,-1.51873202994466,1.26233959727625,-1.25374293098146,1.25804126412886,
29620,29620,2,9876.206,3,33.2333779217328,30.060326765367,1.54856387525797,-1.5186577104032,1.26160040653695,-1.25342125215904,1.257510829348,
29630,29630,2,9879.539,3,33.23298900141,30.0603848798979,1.54767371714115,-1.51756163686514,1.26122210330109,-1.25277323790126,1.25699767060117,
29640,29640,2,9882.873,3,33.2328727723481,30.0593723459543,1.54766757041216,-1.51923531666398,1.26141209310935,-1.25384314129209,1.25762761720072,
29650,29650,2,9886.206,3,33.2326716066639,30.0602597101389,1.54612604528666,-1.51921007782221,1.26089297389796,-1.25357203328628,1.25723250359212,
29660,29660,2,9889.539,3,33.233221459534,30.0607223912125,1.55072491616011,-1.51772452518344,1.26136580637665,-1.25345319652386,1.25740950145026,
29670,29670,2,9892.873,3,33.2331789912229,30.0599825485296,1.54827767983079,-1.52066238224506,1.26240059890587,-1.25391066217983,1.25815563054285,
29680,29680,2,9896.206,3,33.2342809321372,30.0597970290653,1.5494984574616,-1.52008580043912,1.26201251678281,-1.25488249730199,1.2584475070424,
29690,29690,2,9899.539,3,33.2327766598545,30.0599825485296,1.54985431581736,-1.52066806331277,1.26131877458588,-1.25442726682024,1.25787302070306,
29700,29700,2,9902.873,3,33.2344843329957,30.0598260863308,1.54909649863839,-1.5199757181108,1.26237312488947,-1.2538635372568,1.25811833107314,
29710,29710,2,9906.206,3,33.2338137807151,30.0592829389836,1.5481585636735,-1.51957478374243,1.26212138839353,-1.25379201168193,1.25795670003773,
29720,29720,2,9909.539,3,33.2333488644673,30.0599311395214,1.54824834316969,-1.51812247931957,1.26179896451304,-1.25380346694978,1.25780121573141,
29730,29730,2,9912.873,3,33.2334561528322,30.0596159799496,1.54938315972686,-1.51977958157659,1.26154229200737,-1.25408360878471,1.25781295039604,
29740,29740,2,9916.206,3,33.233071702858,30.0592561168924,1.5489368699491,-1.51878045871854,1.26075904970958,-1.25420458758908,1.25748181864933,
29750,29750,2,9919.539,3,33.2316948355086,30.0591510637017,1.54754081740975,-1.51861635968089,1.26039853473518,-1.2542369976152,1.25731776617519,
29760,29760,2,9922.873,3,33.2330895842521,30.059153298876,1.54886282980442,-1.52093032374978,1.2611025214806,-1.25368472331962,1.25739362240011,
29770,29770,2,9926.206,3,33.2330605269866,30.059419284614,1.54783194884658,-1.5184672549367,1.26069078376377,-1.25337226459083,1.2570315241773,
29780,29780,2,9929.539,3,33.2340305926191,30.0604921682628,1.55000975355506,-1.51869365945458,1.26120804032999,-1.25292113192847,1.25706458612923,
29790,29790,2,9932.873,3,33.2340618850589,30.0604295833833,1.54788857325912,-1.51863070204854,1.26245144911925,-1.25389380524096,1.25817262718011,
29800,29800,2,9936.206,3,33.2330292345469,30.0594483418795,1.54665280133486,-1.5208869241178,1.26122052005269,-1.25442382092666,1.25782217048967,
29810,29810,2,9939.539,3,33.2335075618403,30.060002665098,1.54604762792587,-1.51752689853311,1.26185298122323,-1.25354092711179,1.25769695416751,
29820,29820,2,9942.873,3,33.232747602589,30.0604072316406,1.54773499816656,-1.51795083656907,1.26207659177697,-1.2541423752401,1.25810948350854,
29830,29830,2,9946.206,3,33.2319205881097,30.0605525179681,1.54604809358716,-1.51912420988083,1.26128254613715,-1.25430209706421,1.25779232160068,
29840,29840,2,9949.539,3,33.2308544099836,30.0592292948011,1.54857262969017,-1.51790846139193,1.2611608222747,-1.25460198293803,1.25788140260637,
29850,29850,2,9952.873,3,33.2313193262315,30.0589588387147,1.54565796256065,-1.52042005211115,1.26080654716165,-1.25415858025316,1.25748256370741,
29860,29860,2,9956.206,3,33.2327811302031,30.0601412459027,1.5466371551156,-1.51727581396699,1.26127369857255,-1.25390721628625,1.2575904574294,
29870,29870,2,9959.539,3,33.2331544043059,30.0592605872409,1.54775092378259,-1.51837328448892,1.26128366372426,-1.25431653256434,1.2578000981443,
29880,29880,2,9962.873,3,33.2329286517048,30.0587666137276,1.54729010537267,-1.51864122599363,1.2618432954683,-1.25416668275969,1.25800498911399,
29890,29890,2,9966.206,3,33.2324950278967,30.0607760353949,1.54929021373391,-1.51960542425513,1.26215491600675,-1.25341035568474,1.25778263584575,
29900,29900,2,9969.539,3,33.2315160215671,30.0593343479918,1.54877593740821,-1.51806240901351,1.26072012042534,-1.25432090978051,1.25752051510293,
29910,29910,2,9972.873,3,33.2319585860723,30.059336583166,1.54577363282442,-1.51834012940526,1.26136282614437,-1.25396095359967,1.25766188987202,
29920,29920,2,9976.206,3,33.2322379828558,30.059694211049,1.54643300920725,-1.52146006003022,1.2616586141988,-1.25372411826515,1.25769136623197,
29930,29930,2,9979.539,3,33.2316456616747,30.060476522043,1.54658295214176,-1.51732414960861,1.26164939410516,-1.25383950913399,1.25774445161958,
29940,29940,2,9982.873,3,33.231623309932,30.0599624319612,1.5463899821043,-1.52056803926826,1.26147095269701,-1.25380700597562,1.25763897933631,
29950,29950,2,9986.206,3,33.2322223366359,30.0594394011824,1.54715673997998,-1.51873528957367,1.26095155408884,-1.25411443556242,1.25753299482563,
29960,29960,2,9989.539,3,33.2312120378666,30.0592672927637,1.54740642756224,-1.51884648948908,1.2603935055932,-1.25427853460269,1.25733602009794,
29970,29970,2,9992.873,3,33.2309862852655,30.0593187017719,1.54767362400889,-1.51902874931693,1.26029245709224,-1.25428989673828,1.25729117691526,
29980,29980,2,9996.206,3,33.2322491587272,30.0595243378046,1.54694588854909,-1.51898600161076,1.26149647093596,-1.25399448121289,1.25774547607443,
29990,29990,2,9999.539,3,33.2323184491295,30.0604161723377,1.54641699045897,-1.51716563850641,1.26076482390964,-1.25381427029182,1.25728954710073,
30000,30000,2,10002.873,3,33.2321575165822,30.0603848798979,1.54798170551658,-1.51775749400258,1.26130219704379,-1.25353580483755,1.25741900094067,
30010,30010,2,10006.206,3,33.2329442979247,30.0597970290653,1.54617764055729,-1.51989739388227,1.2618058563002,-1.25495942454789,1.25838264042404,
30020,30020,2,10009.539,3,33.2325039685938,30.0593075259005,1.54644623398781,-1.51814743876457,1.26089753737864,-1.25400649527429,1.25745201632647,
30030,30030,2,10012.873,3,33.2332505167995,30.059486339842,1.54761001467705,-1.51849202811718,1.26111434927748,-1.25364253440631,1.2573784418419,
30040,30040,2,10016.206,3,33.2332505167995,30.0597366793601,1.54759474098682,-1.51788368821144,1.26207240082532,-1.25361096257053,1.25784168169792,
30050,30050,2,10019.539,3,33.2323005677353,30.059244941021,1.54590234160423,-1.51849035173655,1.26151472485872,-1.25409413272997,1.25780442879434,
30060,30060,2,10022.873,3,33.2329442979247,30.0585185093838,1.54573870822787,-1.51751097291708,1.26165954552139,-1.25368388512928,1.25767171532534,
30070,30070,2,10026.206,3,33.2315339029613,30.0596875055262,1.54708661139011,-1.52000039815903,1.26127537495321,-1.25395350301895,1.25761443898608,
30080,30080,2,10029.539,3,33.2319094122384,30.0586101515288,1.54556948691607,-1.51981962844729,1.2610063158571,-1.25459360103472,1.25779995844591,
30090,30090,2,10032.873,3,33.2329152406592,30.0584246320645,1.5479096211493,-1.518271304667,1.26163272343081,-1.25390237340879,1.2577675484198,
30100,30100,2,10036.206,3,33.2321575165822,30.0594081087426,1.54417604207993,-1.51910297572613,1.26194080494342,-1.25453660409225,1.25823870451783,
30110,30110,2,10039.539,3,33.2320770503085,30.0592002375357,1.54765080660582,-1.5166262164712,1.26080496391325,-1.25385916004063,1.25733206197694,
30120,30120,2,10042.873,3,33.2329085351364,30.0603245301927,1.54692595824599,-1.52020128443837,1.26223901443658,-1.25376546898813,1.25800224171236,
30130,30130,2,10046.206,3,33.2336282612508,30.0596875055262,1.5465441159904,-1.5188267454505,1.26137819296709,-1.25393888125429,1.25765853711069,
30140,30140,2,10049.539,3,33.2328504206054,30.0587152047194,1.54898064211011,-1.51844350621104,1.26141805357393,-1.25399047652575,1.25770426504984,
30150,30150,2,10052.873,3,33.231931763981,30.0590460105111,1.54782850295305,-1.5177664346993,1.26131225532776,-1.25393422464135,1.25762323998455,
30160,30160,2,10056.206,3,33.2321441055365,30.0594394011824,1.54613079503179,-1.51976309716702,1.26170657731216,-1.2543041459739,1.25800536164303,
30170,30170,2,10059.539,3,33.2322133959389,30.0576222045021,1.54630318284035,-1.51995848864317,1.26104505887682,-1.25501614209359,1.25803060048521,
30180,30180,2,10062.873,3,33.2324302078429,30.0601367755541,1.54525162652135,-1.51903918012977,1.26143975339026,-1.25341482603317,1.25742728971172,
30190,30190,2,10066.206,3,33.2318155349191,30.0587129695451,1.54658602550626,-1.51813086122274,1.26037310962849,-1.25323768847665,1.25680539905257,
30200,30200,2,10069.539,3,33.2334494473093,30.0597970290653,1.54832536354661,-1.51801351457834,1.26062931647286,-1.25363638767722,1.25713285207504,
30210,30210,2,10072.873,3,33.2336327315994,30.0606508656359,1.54736181721091,-1.52064384892583,1.26111062398713,-1.25288546227329,1.25699804313021,
30220,30220,2,10076.206,3,33.2331097008205,30.059761266277,1.54982740059495,-1.51835326105356,1.26148268736164,-1.253602860064,1.25754277371282,
30230,30230,2,10079.539,3,33.2326671363154,30.0597456200572,1.54745038598776,-1.51702482253313,1.260745173003,-1.25344043740439,1.25709280520369,
30240,30240,2,10082.873,3,33.2334695638778,30.0604139371634,1.54918842017651,-1.51985697448254,1.26157358444637,-1.25294646390291,1.25726002417464,
30250,30250,2,10086.206,3,33.2338517786777,30.0593298776432,1.54695939272642,-1.51789486408234,1.26134699366035,-1.25360407078336,1.25747553222185,
30260,30260,2,10089.539,3,33.2328012467715,30.0608565016686,1.54822897166014,-1.51828350499272,1.26106238147699,-1.25311968990456,1.25709103569077,
30270,30270,2,10092.873,3,33.2330404104182,30.0588493151755,1.54642388224602,-1.51982987299562,1.26130117258894,-1.2537069819295,1.25750407725922,
30280,30280,2,10096.206,3,33.2337668420555,30.0591220064363,1.54942758381367,-1.51946237310767,1.26209009595452,-1.25370660940047,1.2578983526775,
30290,30290,2,10099.539,3,33.2318870604957,30.0592203541041,1.54585717245936,-1.51937762275338,1.26128813407269,-1.25422470415702,1.25775641911485,
30300,30300,2,10102.873,3,33.2333935679526,30.0592427058468,1.54800619930029,-1.52130164206028,1.26179197959362,-1.25380439827237,1.25779818893299,
30310,30310,2,10106.206,3,33.2338316621093,30.0587129695451,1.54950162395835,-1.51857761666179,1.26175444729326,-1.25417832429206,1.25796638579266,
30320,30320,2,10109.539,3,33.2327788950288,30.0590549512082,1.54775055125356,-1.51894642040133,1.26105586221886,-1.25396598274165,1.25751092248026,
30330,30330,2,10112.873,3,33.2324838520254,30.0589521331919,1.54805341735482,-1.52019523084164,1.26241987728347,-1.25426829005421,1.25834408366884,
30340,30340,2,10116.206,3,33.2333734513842,30.0599423153928,1.54799986630678,-1.51969352737069,1.26233792089559,-1.25360714414791,1.25797253252175,
30350,30350,2,10119.539,3,33.2325106741166,30.0591555340503,1.54794342815876,-1.51933562010527,1.26121539777845,-1.25337943577477,1.25729741677661,
30360,30360,2,10122.873,3,33.2320658744372,30.0587822599474,1.54728889465332,-1.52025166898966,1.26139244220271,-1.2537090308392,1.25755073652096,
30370,30370,2,10126.206,3,33.2327923060744,30.0589096648807,1.54710048809648,-1.51934931054711,1.26096915608578,-1.25371163854245,1.25734039731412,
30380,30380,2,10129.539,3,33.2318356514875,30.0598327918536,1.54657894745469,-1.51716126129031,1.26093320703382,-1.25339601331687,1.25716461017534,
30390,30390,2,10132.873,3,33.23169036516,30.0595332785017,1.54769904911518,-1.51924658566713,1.26103406927027,-1.2540112450195,1.25752265714488,
30400,30400,2,10136.206,3,33.2331789912229,30.0591085953906,1.548220962286,-1.5197990462184,1.26189805723656,-1.25437362263908,1.25813583993782,
30410,30410,2,10139.539,3,33.2330046476299,30.0587040288481,1.54706379398704,-1.51759767904878,1.26217875786504,-1.25447672004974,1.25832773895739,
30420,30420,2,10142.873,3,33.2318535328816,30.0587710840761,1.54565237462521,-1.51742035523057,1.26181256182284,-1.25382116207898,1.25781686195091,
30430,30430,2,10146.206,3,33.2324860871996,30.0595668061157,1.54756503179669,-1.51893487200141,1.26112645647115,-1.2536897524616,1.25740810446637,
30440,30440,2,10149.539,3,33.2324615002827,30.0588671965697,1.54770612716675,-1.51888504624367,1.26152059219103,-1.25411341110757,1.2578170016493,
30450,30450,2,10152.873,3,33.2339121283829,30.0585498018235,1.54930194839835,-1.51939438655972,1.26205787219292,-1.25417590285333,1.25811688752313,
30460,30460,2,10156.206,3,33.233322042376,30.0590057773743,1.54832731932402,-1.51954349130392,1.26150923005544,-1.25351419815347,1.25751171410446,
30470,30470,2,10159.539,3,33.2335947336368,30.0598216159823,1.54747702181339,-1.52065409347415,1.26195589236937,-1.25391196603146,1.25793392920041,
30480,30480,2,10162.873,3,33.2331767560486,30.0593119962491,1.54836857691407,-1.51875177398324,1.26215379841964,-1.25358386108317,1.25786882975141,
30490,30490,2,10166.206,3,33.2323117436067,30.058429102413,1.54738510027528,-1.51905054226518,1.26111583939363,-1.25422377283443,1.25766980611403,
30500,30500,2,10169.539,3,33.2331544043059,30.0597970290653,1.54845379292965,-1.51942493394017,1.26127034581123,-1.25406768316842,1.25766901448983,
30510,30510,2,10172.873,3,33.2343479873653,30.0591309471333,1.54702989384532,-1.518964022398,1.26242602401256,-1.25447448487553,1.25845025444404,
30520,30520,2,10176.206,3,33.2331991077913,30.0578345460576,1.54875842854381,-1.52048822492361,1.26105381330917,-1.25473683844899,1.25789532587908,
30530,30530,2,10179.539,3,33.2327028991037,30.0591689450959,1.54876885935664,-1.52043299749494,1.26194136373697,-1.25380644718206,1.25787390545952,
30540,30540,2,10182.873,3,33.2329644144931,30.0591980023614,1.54643496498466,-1.51969026774168,1.26214960746799,-1.25410838196559,1.25812899471679,
30550,30550,2,10186.206,3,33.2329465330989,30.0584671003756,1.54709164053202,-1.51865184307098,1.2615998477434,-1.25427974532206,1.25793979653273,
30560,30560,2,10189.539,3,33.2319541157237,30.0591711802702,1.54800210148096,-1.51832215487957,1.26131085834387,-1.25443834955905,1.25787460395146,
30570,30570,2,10192.873,3,33.2322916270383,30.0582815809113,1.54654132202268,-1.52101647108793,1.26183752126824,-1.254273971122,1.25805574619512,
30580,30580,2,10196.206,3,33.2319764674664,30.0586213274001,1.54523244127631,-1.51794273406267,1.26069301893799,-1.25337114700373,1.25703208297086,
30590,30590,2,10199.539,3,33.231256741352,30.0590102477228,1.54808331280947,-1.51899438351393,1.26122955388181,-1.25445157433982,1.25784056411082,
30600,30600,2,10202.873,3,33.2316367209776,30.0590415401626,1.54428984969854,-1.51836555451155,1.26140957853836,-1.25389278078611,1.25765117966224,
30610,30610,2,10206.206,3,33.2321284593167,30.0588090820387,1.54747180640697,-1.5213537029922,1.2614562378001,-1.25431634629983,1.25788629204996,
30620,30620,2,10209.539,3,33.2317998886992,30.0589834256316,1.54581936076283,-1.52042284607887,1.26204418175086,-1.25387275735044,1.25795846955065,
30630,30630,2,10212.873,3,33.2319697619436,30.0593164665976,1.54697643592954,-1.51826478540897,1.26174736924158,-1.25338660695871,1.25756698810015,
30640,30640,2,10216.206,3,33.2322782159927,30.0587062640223,1.54772754758596,-1.51964863762259,1.26092333501437,-1.25341985517516,1.25717159509477,
30650,30650,2,10219.539,3,33.2327073694522,30.0589007241837,1.54637498781085,-1.51737164705992,1.26129586405018,-1.25406405101033,1.25767995753025,
30660,30660,2,10222.873,3,33.2314690829075,30.0586168570516,1.54694821685553,-1.52098378166556,1.26244474359661,-1.25409310827512,1.25826892593586,
30670,30670,2,10226.206,3,33.2311673343812,30.0587889654703,1.54600096866488,-1.51863293722272,1.26107998347393,-1.25439494992638,1.25773746670016,
30680,30680,2,10229.539,3,33.2311874509496,30.0589007241837,1.5452834777534,-1.51876173913479,1.26148911348751,-1.2541569038725,1.25782300868,
30690,30690,2,10232.873,3,33.2308097064983,30.0585363907779,1.54768349602818,-1.51843260973692,1.2614401259193,-1.2540933876719,1.2577667567956,
30700,30700,2,10236.206,3,33.2318132997448,30.0589901311544,1.54654523357749,-1.52067923918366,1.26030055959876,-1.25409329453964,1.2571969270692,
30710,30710,2,10239.539,3,33.2317104817285,30.0585475666493,1.54696740210056,-1.52024384588003,1.26170685670893,-1.2550912066943,1.25839903170162,
30720,30720,2,10242.873,3,33.2329152406592,30.0587420268106,1.54809197410941,-1.519531942904,1.2618167527745,-1.25346828394981,1.25764251836215,
30730,30730,2,10246.206,3,33.2328012467715,30.0582681698657,1.54454549774528,-1.51930414140224,1.26143761134831,-1.25444375123007,1.25794068128919,
30740,30740,2,10249.539,3,33.2314109683765,30.0579217178541,1.54709061607718,-1.5184560790658,1.26122834316244,-1.25434391344848,1.25778612830546,
30750,30750,2,10252.873,3,33.2315003753472,30.0584983928153,1.54623426496983,-1.5174281783402,1.26082256591019,-1.25419182846961,1.2575071971899,
30760,30760,2,10256.206,3,33.2321619869307,30.0587979061673,1.54794659465551,-1.51885133236647,1.26066628997967,-1.25368314007121,1.25717471502544,
30770,30770,2,10259.539,3,33.2314534366876,30.057671378336,1.54728498309851,-1.52025846764445,1.26223640673333,-1.25393021995421,1.25808331334377,
30780,30780,2,10262.873,3,33.2314333201192,30.0577160818214,1.54513316228986,-1.51866544038057,1.26083076154898,-1.25416826600809,1.25749951377853,
30790,30790,2,10266.206,3,33.2301525652633,30.058578859089,1.54797323048115,-1.5190870501101,1.26017939452987,-1.25410512233652,1.2571422584332,
30800,30800,2,10269.539,3,33.2324793816768,30.0590795381252,1.54590727761388,-1.51846073567867,1.26138582981233,-1.25340756171698,1.25739669576465,
30810,30810,2,10272.873,3,33.231714952077,30.0585430963007,1.54607752338052,-1.52020324021578,1.26121306947197,-1.25417366767911,1.25769336857554,
30820,30820,2,10276.206,3,33.2317507148653,30.0586168570516,1.5466826967895,-1.51771381497383,1.26092389380793,-1.25405604163606,1.25748996772199,
30830,30830,2,10279.539,3,33.2307448864445,30.0589431924948,1.54750328511,-1.51915289461613,1.26205274991868,-1.25386046389226,1.25795660690547,
30840,30840,2,10282.873,3,33.2309929907883,30.0592292948011,1.54617307707667,-1.51900751516223,1.26224031828821,-1.25305319347166,1.25764675587994,
30850,30850,2,10286.206,3,33.2312634468748,30.0595466895473,1.54594033956528,-1.51760317385197,1.26119397735889,-1.25313300781759,1.25716349258824,
30860,30860,2,10289.539,3,33.2304923117521,30.0595221026303,1.54722174629569,-1.51809668168426,1.2614770994261,-1.25363862285143,1.25755786113877,
30870,30870,2,10292.873,3,33.2307202995275,30.0583128733511,1.54531989246607,-1.51983480900526,1.26163654185343,-1.25373575979752,1.25768615082547,
30880,30880,2,10296.206,3,33.231106984676,30.0581027669698,1.54385715723038,-1.51961836963892,1.26131830892459,-1.25369673738102,1.2575075231528,
30890,30890,2,10299.539,3,33.2310198128795,30.0588291986071,1.54417054727674,-1.51807367801666,1.26120990297517,-1.25348411643383,1.2573470097045,
30900,30900,2,10302.873,3,33.2313640297168,30.0582480532973,1.54535062611103,-1.51911480352283,1.26162750802431,-1.25299945615825,1.25731348209128,
30910,30910,2,10306.206,3,33.2312612117005,30.0584738058984,1.54534950852394,-1.51810487732291,1.26079732706801,-1.25327093669309,1.25703413188055,
30920,30920,2,10309.539,3,33.2309929907883,30.0588247282586,1.54618052765727,-1.51810878887773,1.26151258281676,-1.25364449018375,1.25757853650025,
30930,30930,2,10312.873,3,33.2308566451579,30.0585140390352,1.54506843537092,-1.52112748473883,1.26157982430772,-1.25339256742328,1.2574861958655,
30940,30940,2,10316.206,3,33.230657714648,30.0583084030025,1.5438774600625,-1.5177640132606,1.26106582737057,-1.25383410746297,1.25744996741677,
30950,30950,2,10319.539,3,33.2308298230667,30.058603446006,1.54619412496686,-1.51881212368608,1.26031248052791,-1.25318255417935,1.25674751735363,
30960,30960,2,10322.873,3,33.2312478006549,30.0577585501325,1.54509991407394,-1.51769714429975,1.2617575206578,-1.25323182114433,1.25749467090107,
30970,30970,2,10326.206,3,33.2306219518597,30.0567482513631,1.54590625315905,-1.51953566819429,1.26080459138421,-1.25409664730096,1.25745061934258,
30980,30980,2,10329.539,3,33.2300318658528,30.0579753620365,1.54607258737087,-1.51763008907437,1.26048803483603,-1.25312425338524,1.25680614411064,
30990,30990,2,10332.873,3,33.2297725856377,30.0576646728132,1.54599603265524,-1.51906935498118,1.26122899508825,-1.25368155682281,1.25745527595553,
31000,31000,2,10336.206,3,33.2291824996308,30.0580759448786,1.54352523386478,-1.51913911104202,1.26066889768292,-1.25351214924378,1.25709052346335,
31010,31010,2,10339.539,3,33.2307225347018,30.0586526198399,1.54453879222274,-1.51714077219367,1.26052798857512,-1.2527799434239,1.25665396599951,
31020,31020,2,10342.873,3,33.2305638373287,30.0586190922258,1.54532426968217,-1.51840839534998,1.26077627917749,-1.25250082604382,1.25663855261066,
31030,31030,2,10346.206,3,33.2309393466058,30.0586280329229,1.54571635648608,-1.51853989809752,1.261205525759,-1.25304741927161,1.2571264725153,
31040,31040,2,10349.539,3,33.23077394371,30.0592784686351,1.54647482559085,-1.51854865252972,1.2615109064361,-1.25255447022498,1.25703268833054,
31050,31050,2,10352.873,3,33.2306018352913,30.0586436791428,1.54569633305073,-1.51761341840029,1.26091849213691,-1.25212270907248,1.25652060060469,
31060,31060,2,10356.206,3,33.2310645163649,30.0587710840761,1.54532929882407,-1.51974773034453,1.26097716546005,-1.25323312499596,1.257105145228,
31070,31070,2,10359.539,3,33.2304632544867,30.0588493151755,1.54595095664263,-1.51872653514147,1.2609089926465,-1.25268383093266,1.25679641178958,
31080,31080,2,10362.873,3,33.2315607250525,30.0587219102422,1.54516063630581,-1.51723036542535,1.26117767921357,-1.2529042749896,1.25704097710159,
31090,31090,2,10366.206,3,33.2304096103042,30.0582614643429,1.54513008892536,-1.519057713449,1.26102363845727,-1.25355526947967,1.25728945396847,
31100,31100,2,10369.539,3,33.2316881299858,30.057362924287,1.54508892446756,-1.51694379746914,1.26144059158059,-1.25340448835243,1.25742253996651,
31110,31110,2,10372.873,3,33.2314377904677,30.0587084991966,1.54641000553966,-1.51910809800029,1.26180892966475,-1.25263763733222,1.25722328349848,
31120,31120,2,10376.206,3,33.2325218499879,30.0582189960318,1.547905895859,-1.51919489726424,1.26199091009874,-1.25368798294868,1.25783944652371,
31130,31130,2,10379.539,3,33.2315383733098,30.0586146218773,1.54553605243564,-1.51740675792098,1.26070168023807,-1.25281309850809,1.25675738937308,
31140,31140,2,10382.873,3,33.2323698581377,30.0578434867547,1.54550159350038,-1.51931988075376,1.26210630096758,-1.25347927355637,1.25779278726197,
31150,31150,2,10386.206,3,33.2315249622642,30.0589275462749,1.54749499633908,-1.51873547583818,1.26139486364145,-1.25269705571343,1.25704595967744,
31160,31160,2,10389.539,3,33.2327319563692,30.0581698221979,1.54763823375106,-1.51829589158297,1.26164082593734,-1.2532064891699,1.25742365755362,
31170,31170,2,10392.873,3,33.2322178662874,30.0583464009651,1.54686123132706,-1.51829365640879,1.26109330138696,-1.25233402616804,1.2567136637775,
31180,31180,2,10396.206,3,33.2316456616747,30.0579328937254,1.54547998681664,-1.52029441669583,1.26096477886961,-1.25351773717931,1.25724125802446,
31190,31190,2,10399.539,3,33.2311449826385,30.0587397916363,1.54878860339522,-1.51925124228001,1.26117730668454,-1.25293752320605,1.25705741494529,
31200,31200,2,10402.873,3,33.2310935736304,30.0583486361394,1.54791232198477,-1.52050023898482,1.261619126121,-1.25302199416492,1.25732056014296,
31210,31210,2,10406.206,3,33.2315137863928,30.058728615765,1.54673336073756,-1.51866562664509,1.26066452046675,-1.25288834937332,1.25677643492003,
31220,31220,2,10409.539,3,33.2323318601751,30.0575775010167,1.54676930978894,-1.51981944218278,1.26148790276814,-1.25268615923914,1.25708703100364,
31230,31230,2,10412.873,3,33.2326313735271,30.0571684641256,1.54933976009488,-1.51788089424372,1.26223528914623,-1.25292346023494,1.25757937469059,
31240,31240,2,10416.206,3,33.2320569337401,30.0575238568343,1.54681392014027,-1.518121547997,1.2607254289641,-1.25298176102905,1.25685359499658,
31250,31250,2,10419.539,3,33.231623309932,30.0583598120107,1.54423899948597,-1.52059933170676,1.26174830056417,-1.25384230310176,1.25779530183297,
31260,31260,2,10422.873,3,33.2319831729892,30.0579016012857,1.54655585065484,-1.51881482452154,1.26235095941184,-1.25307880484288,1.25771488212736,
31270,31270,2,10426.206,3,33.2313282669286,30.0577786667009,1.54515616595745,-1.51859456673265,1.26162806681786,-1.25342060023323,1.25752433352555,
31280,31280,2,10429.539,3,33.2317238927741,30.0578568978003,1.55041860416532,-1.51853375136852,1.26128282553393,-1.25310516127216,1.25719399340304,
31290,31290,2,10432.873,3,33.2331409932603,30.0579150123313,1.54669396579266,-1.52211412787437,1.26234043546658,-1.25340560593954,1.25787302070306,
31300,31300,2,10436.206,3,33.2314579070361,30.0573092801045,1.54760424047709,-1.51900155469775,1.26179291091621,-1.25342041396871,1.25760666244246,
31310,31310,2,10439.539,3,33.2327788950288,30.0585185093838,1.54671929776669,-1.52079593390226,1.26199016504067,-1.25321887576034,1.2576045204005,
31320,31320,2,10442.873,3,33.2313729704139,30.0576311451992,1.54662169516087,-1.52030196040869,1.26161419011128,-1.25327540704152,1.2574447985764,
31330,31330,2,10446.206,3,33.231956350898,30.0585945053089,1.54947796836495,-1.52151864022017,1.26084650090074,-1.25349808627268,1.25717229358671,
31340,31340,2,10449.539,3,33.2322491587272,30.0575149161372,1.54745792970061,-1.51933645829558,1.26117255693933,-1.25406321282,1.25761788487966,
31350,31350,2,10452.873,3,33.2323318601751,30.0575193864858,1.54678579419851,-1.51873379945755,1.2613153286923,-1.25391326988308,1.25761429928769,
31360,31360,2,10456.206,3,33.2324413837143,30.0581653518493,1.54575575143099,-1.51816569268703,1.26146527162921,-1.25338101902317,1.25742314532619,
31370,31370,2,10459.539,3,33.2322670401213,30.0578390164061,1.54606830328703,-1.51824411004782,1.26212185405482,-1.25363042721265,1.25787614063373,
31380,31380,2,10462.873,3,33.2319742322921,30.0569427115245,1.54641438275576,-1.52005413547158,1.26186769612014,-1.2534499368948,1.25765881650747,
31390,31390,2,10466.206,3,33.2316613078946,30.0573562187642,1.54748540371656,-1.51878762990236,1.26214513711956,-1.25418074573079,1.25816294142518,
31400,31400,2,10469.539,3,33.2318736494501,30.0580602986587,1.54746752232313,-1.5198870562017,1.26086140206217,-1.25395005712537,1.25740572959377,
31410,31410,2,10472.873,3,33.2309639335228,30.0572779876648,1.54581079259515,-1.51771055534482,1.26173544831243,-1.25369226703259,1.25771385767251,
31420,31420,2,10476.206,3,33.2331074656463,30.0583531064879,1.54704675078392,-1.51978293433785,1.26209447317069,-1.25371238360052,1.25790342838561,
31430,31430,2,10479.539,3,33.2319094122384,30.0583218140481,1.54533889144659,-1.51813589036465,1.26075346177405,-1.25370279097785,1.25722812637595,
31440,31440,2,10482.873,3,33.232106107574,30.0576870245559,1.54795739799738,-1.51976915076375,1.2624613211387,-1.25361077630601,1.25803604872235,
31450,31450,2,10486.206,3,33.231232154435,30.0577809018752,1.54747618362308,-1.52101907879114,1.26137642345417,-1.25367950791311,1.25752796568364,
31460,31460,2,10489.539,3,33.2324257374944,30.0579485399453,1.5472668223083,-1.51879247277975,1.2611503914617,-1.25262161858368,1.25688600502269,
31470,31470,2,10492.873,3,33.2328168929914,30.0578121943149,1.54811786487699,-1.52122927829623,1.26253144972969,-1.25320378833439,1.25786761903204,
31480,31480,2,10496.206,3,33.231922823284,30.0583687527078,1.54878031462431,-1.51824913918972,1.26191938452386,-1.25425068805726,1.25808503629056,
31490,31490,2,10499.539,3,33.2312098026923,30.0589588387147,1.54630905017257,-1.51939950883389,1.26164194352445,-1.25341324278477,1.25752759315461,
31500,31500,2,10502.873,3,33.2314824939531,30.0579798323851,1.54594555497169,-1.5207203105092,1.26277024084164,-1.25348495462416,1.2581275977329,
31510,31510,2,10506.206,3,33.2308432341123,30.0575752658425,1.54738891869783,-1.519048307091,1.26178871996455,-1.25370707506176,1.25774789751316,
31520,31520,2,10509.539,3,33.2321083427482,30.0576914949044,1.54618863016367,-1.5212650410831,1.26198550842772,-1.2534941747178,1.25773984157276,
31530,31530,2,10512.873,3,33.2323720933119,30.0587397916363,1.54664954170585,-1.51962572708726,1.26237144850881,-1.25292010747362,1.25764577799122,
31540,31540,2,10516.206,3,33.231656837546,30.0577741963524,1.54555011540651,-1.51932565495372,1.26147626123577,-1.25414461041432,1.25781043582504,
31550,31550,2,10519.539,3,33.2316478968489,30.0583486361394,1.54841626062989,-1.52069041505456,1.26173721782535,-1.25391559818956,1.25782640800745,
31560,31560,2,10522.873,3,33.2317685962595,30.058154175978,1.54739562422037,-1.52129596099257,1.26176227040301,-1.2537948056497,1.25777853802635,
31570,31570,2,10526.206,3,33.2320703447857,30.0574992699173,1.54618946835399,-1.51860127225518,1.26144608638387,-1.2534270263591,1.25743655637148,
31580,31580,2,10529.539,3,33.2320837558313,30.0572913987104,1.54939210042357,-1.5213992446661,1.26264320844043,-1.25387620324402,1.25825970584223,
31590,31590,2,10532.873,3,33.2322201014617,30.0569337708274,1.54643626883626,-1.51946153491735,1.26293797204002,-1.25315405570811,1.25804601387406,
31600,31600,2,10536.206,3,33.2318088293963,30.0577160818214,1.5463319607079,-1.52073986828327,1.26198271445995,-1.25411275918176,1.25804773682085,
31610,31610,2,10539.539,3,33.2307806492328,30.0579977137792,1.54642546549439,-1.52004519477487,1.26097595474068,-1.25330194973532,1.257138952238,
31620,31620,2,10542.873,3,33.2301257431721,30.05697176879,1.54473409056664,-1.51867708191276,1.26089297389796,-1.25320071496984,1.2570468444339,
31630,31630,2,10546.206,3,33.2312746227461,30.0572936338846,1.54453627765179,-1.52010135352612,1.26262420945961,-1.25390404978945,1.25826412962453,
31640,31640,2,10549.539,3,33.2312478006549,30.0572735173162,1.54727939516306,-1.51869570836425,1.26080701282294,-1.25323424258307,1.25702062770301,
31650,31650,2,10552.873,3,33.2317194224255,30.0571036440718,1.546342484653,-1.5227172523737,1.26195822067585,-1.25349110135325,1.25772466101455,
31660,31660,2,10556.206,3,33.2320837558313,30.0579775972108,1.54714416712523,-1.51805859059095,1.26082591867151,-1.25283787168897,1.25683189518024,
31670,31670,2,10559.539,3,33.2312768579204,30.0586436791428,1.54555896297097,-1.52147421613336,1.26129157996627,-1.25320816555056,1.25724987275841,
31680,31680,2,10562.873,3,33.2316054285378,30.0581050021441,1.54603878036141,-1.52025930583477,1.26163896329216,-1.25314269357252,1.25739082843234,
31690,31690,2,10566.206,3,33.2312723875718,30.0584782762469,1.54646160081029,-1.51827801018953,1.26119686445892,-1.25290818654448,1.2570525255017,
31700,31700,2,10569.539,3,33.2310041666596,30.0586861474539,1.54427830129862,-1.52013190090656,1.26180892966475,-1.25278022282068,1.25729457624271,
31710,31710,2,10572.873,3,33.2313863814595,30.0582659346914,1.54632180929184,-1.51934092864394,1.2612996824728,-1.25352500149551,1.25741234198416,
31720,31720,2,10576.206,3,33.2312120378666,30.0580647690073,1.54610797762871,-1.51951909065247,1.26089548846895,-1.25341156640411,1.25715352743653,
31730,31730,2,10579.539,3,33.2326917232323,30.0582592291686,1.54464915394783,-1.51933878660202,1.26160152412406,-1.25329254337717,1.25744703375062,
31740,31740,2,10582.873,3,33.2321038723997,30.0584447486329,1.5448272228241,-1.52124101296067,1.26255780615898,-1.25284383215354,1.25770081915626,
31750,31750,2,10586.206,3,33.2315048456958,30.0580513579617,1.54685107991099,-1.51998698711395,1.26096505826638,-1.25360956558664,1.25728731192651,
31760,31760,2,10589.539,3,33.2316188395835,30.0568778914707,1.54739264398813,-1.52091244235635,1.2625273519103,-1.25378614434961,1.25815674812996,
31770,31770,2,10592.873,3,33.2317395389939,30.0581072373184,1.54459457844496,-1.52020864188671,1.26212073646772,-1.25311605774646,1.25761839710709,
31780,31780,2,10596.206,3,33.2309885204397,30.0570432943666,1.54546266421676,-1.51987168937922,1.26121828487847,-1.25393236199617,1.25757532343732,
31790,31790,2,10599.539,3,33.2310801625847,30.0579284233769,1.54301663860679,-1.51967070996761,1.26159276969172,-1.25402754316482,1.25781015642827,
31800,31800,2,10602.873,3,33.2317104817285,30.0574165684694,1.54542308300734,-1.51843093335629,1.26221694209121,-1.25341380157832,1.25781537183477,
31810,31810,2,10606.206,3,33.2305705428515,30.0571841103455,1.54599295929074,-1.52018666267395,1.26194602034992,-1.25290921099932,1.25742761567462,
31820,31820,2,10609.539,3,33.2302106797943,30.0575998527594,1.54486577957869,-1.51866469532251,1.26164101220186,-1.25395825276416,1.25779963248301,
31830,31830,2,10612.873,3,33.2312388599578,30.0569605929186,1.54584664851427,-1.52094783261418,1.26117069429415,-1.25402912641322,1.25759991035368,
31840,31840,2,10616.206,3,33.2293210804355,30.0589051945322,1.54498172923923,-1.51804443448782,1.25938674587393,-1.25302218042943,1.25620446315168,
31850,31850,2,10619.539,3,33.2316501320232,30.0591376526561,1.54457157477736,-1.51917776092887,1.2606525995376,-1.25334041335827,1.25699650644794,
31860,31860,2,10622.873,3,33.2330001772814,30.057796548095,1.54367256909609,-1.51996184140444,1.26247156568719,-1.25399802023873,1.25823479296296,
31870,31870,2,10626.206,3,33.2308879375977,30.0574255091665,1.54537986963987,-1.52040114626288,1.26113828426803,-1.25335456946163,1.25724642686483,
31880,31880,2,10629.539,3,33.2302866757194,30.0584715707241,1.54560245573521,-1.52026452124119,1.26168087280869,-1.25420179362132,1.257941333215,
31890,31890,2,10632.873,3,33.2312455654806,30.057396451901,1.54611775651574,-1.51998810470104,1.2621080704805,-1.25411024461077,1.25810915754563,
31900,31900,2,10636.206,3,33.2311382771157,30.0582480532973,1.5434761531651,-1.51827046647668,1.26097567534391,-1.25319577896012,1.25708572715201,
31910,31910,2,10639.539,3,33.2310578108421,30.0582614643429,1.5464011579752,-1.51904346421361,1.26109814426443,-1.25356365138298,1.2573308978237,
31920,31920,2,10642.873,3,33.2313081503601,30.0590594215567,1.54476147145033,-1.52048291638494,1.26214848988088,-1.25271018736195,1.25742933862141,
31930,31930,2,10646.206,3,33.2317440093425,30.0586593253627,1.54490163549781,-1.51722608134151,1.26167286343442,-1.25254245616357,1.257107659799,
31940,31940,2,10649.539,3,33.2313886166338,30.0583195788739,1.54508193954825,-1.51925785467029,1.26136860034442,-1.25318041213739,1.25727450624091,
31950,31950,2,10652.873,3,33.231348383497,30.0567929548485,1.54636474326253,-1.52136366814375,1.26204352982505,-1.25382069641769,1.25793211312136,
31960,31960,2,10656.206,3,33.2310064018339,30.0574255091665,1.54439648613334,-1.51882907375693,1.26170564598957,-1.25319009789232,1.25744787194095,
31970,31970,2,10659.539,3,33.231290268966,30.0579194826798,1.54800778254867,-1.52026386931539,1.26123188218828,-1.25327065729632,1.2572512697423,
31980,31980,2,10662.873,3,33.2322201014617,30.0578770143687,1.54730239883065,-1.52133964002132,1.26254039042655,-1.25357054317014,1.25805546679835,
31990,31990,2,10666.206,3,33.2322826863412,30.0572578710963,1.54555970802903,-1.52050228789449,1.26101376643782,-1.25365696990645,1.25733536817213,
32000,32000,2,10669.539,3,33.2323452712207,30.0570254129724,1.54518913477659,-1.52180092409253,1.2617736325386,-1.25405380646184,1.25791371950022,
32010,32010,2,10672.873,3,33.2322402180301,30.0576736135103,1.54623007401824,-1.52127034962177,1.26200394861499,-1.25342618816877,1.25771506839188,
32020,32020,2,10676.206,3,33.2313126207087,30.0573562187642,1.54644018039107,-1.51952020823956,1.26050209780714,-1.25396905610619,1.25723557695667,
32030,32030,2,10679.539,3,33.23150708087,30.0572109324367,1.54592972248793,-1.52113679796457,1.26163384101792,-1.25328797989648,1.2574609104572,
32040,32040,2,10682.873,3,33.2312790930946,30.0571617586028,1.54359247535467,-1.51896914467216,1.26227580167887,-1.25375541070416,1.25801560619152,
32050,32050,2,10686.206,3,33.2305593669802,30.057821135012,1.54454289004207,-1.52083607390523,1.2617559374094,-1.25371135914568,1.25773364827754,
32060,32060,2,10689.539,3,33.2310064018339,30.0590013070258,1.54582969844341,-1.51914674788713,1.2611524403714,-1.25297617309351,1.25706430673245,
32070,32070,2,10692.873,3,33.2321753979763,30.0574389202121,1.54759800061584,-1.51963829994202,1.26247659482917,-1.25293929271897,1.25770794377407,
32080,32080,2,10696.206,3,33.2311829806011,30.0583821637534,1.54589358717203,-1.5191032551229,1.26089017993019,-1.25272750996211,1.25680884494615,
32090,32090,2,10699.539,3,33.2314668477332,30.0582994623055,1.54621014371514,-1.52110503986478,1.26237256609592,-1.25301519551001,1.25769388080297,
32100,32100,2,10702.873,3,33.2323251546523,30.0572288138309,1.54615370556712,-1.52146145701408,1.26182615913265,-1.2536616265194,1.25774389282602,
32110,32110,2,10706.206,3,33.2311226308959,30.0576311451992,1.54566885903478,-1.51718724519014,1.26120282492349,-1.25318525501486,1.25719403996917,
32120,32120,2,10709.539,3,33.2313796759367,30.0579999489535,1.54688451439142,-1.52003550902009,1.26130154511798,-1.25252531982793,1.25691343247295,
32130,32130,2,10712.873,3,33.2321955145447,30.0578345460576,1.54761457815766,-1.51983266696334,1.26223873503981,-1.25305235528133,1.25764554516057,
32140,32140,2,10716.206,3,33.2310131073567,30.0566454333468,1.54661890119314,-1.52082126587629,1.26157106987538,-1.25424277181525,1.25790692084532,
32150,32150,2,10719.539,3,33.231681424463,30.057222108308,1.54550578445196,-1.51993166655302,1.26133293068924,-1.2534499368948,1.25739143379202,
32160,32160,2,10722.873,3,33.2314176738993,30.0573539835899,1.54493534937501,-1.52137819677591,1.26299878740511,-1.2534764795886,1.25823763349686,
32170,32170,2,10726.206,3,33.2319071770641,30.0578948957629,1.54812019318342,-1.51917599141598,1.26164995289872,-1.25311698906905,1.25738347098388,
32180,32180,2,10729.539,3,33.2330560566381,30.0575685603197,1.54605926945806,-1.51947401463985,1.26185344688452,-1.25240601740421,1.25712973214437,
32190,32190,2,10732.873,3,33.2324659706312,30.0569740039642,1.54820308089256,-1.52300242334604,1.26285601565214,-1.25371759900703,1.25828680732958,
32200,32200,2,10736.206,3,33.2323698581377,30.0572623414449,1.54648683965206,-1.51868062093854,1.26157777539803,-1.2538052364627,1.25769150593036,
32210,32210,2,10739.539,3,33.2310645163649,30.0571081144204,1.54599044471979,-1.52070540934801,1.26238634967025,-1.25413213069162,1.25825924018093,
32220,32220,2,10742.873,3,33.2313595593683,30.0574389202121,1.54532566666603,-1.52011690661311,1.2621060215708,-1.25339098417488,1.25774850287284,
32230,32230,2,10746.206,3,33.2308499396351,30.0565046173679,1.54689894989133,-1.52134299278259,1.26093041306605,-1.25471811886494,1.2578242659655,
32240,32240,2,10749.539,3,33.2308924079462,30.0568443638567,1.54469516128302,-1.51946982368827,1.26200189970529,-1.25417012865327,1.25808601417928,
32250,32250,2,10752.873,3,33.2303202033335,30.0564085048743,1.54452221468091,-1.5191706828773,1.26124473444002,-1.25331368439995,1.25727920941998,
32260,32260,2,10756.206,3,33.230474430358,30.0576534969419,1.54478745535016,-1.51873324066401,1.26130080005991,-1.25330697887731,1.25730388946861,
32270,32270,2,10759.539,3,33.2287913441338,30.0571684641256,1.54577093198895,-1.51796769350767,1.26075485875793,-1.25364262753857,1.25719874314825,
32280,32280,2,10762.873,3,33.2320546985658,30.0568309528111,1.54425734654069,-1.52056477963924,1.26181041978089,-1.25361561918347,1.25771301948218,
32290,32290,2,10766.206,3,33.2309840500912,30.0570008260555,1.54562629759312,-1.51828676462173,1.260643751973,-1.25328732797067,1.25696553997184,
32300,32300,2,10769.539,3,33.2308722913778,30.0576423210705,1.54580352827907,-1.5204549767077,1.26082256591019,-1.25363201046105,1.25722728818562,
32310,32310,2,10772.873,3,33.231357324194,30.0565202635877,1.54506862163544,-1.52089316397905,1.26239249639934,-1.25384360695339,1.25811805167636,
32320,32320,2,10776.206,3,33.2311181605473,30.0562296909328,1.54622970148921,-1.52147905901074,1.26121148622357,-1.25380346694978,1.25750747658667,
32330,32330,2,10779.539,3,33.2305683076773,30.0569963557069,1.5444740653038,-1.52098191902041,1.26100147297963,-1.25418316716952,1.25759232007458,
32340,32340,2,10782.873,3,33.231232154435,30.0567616624087,1.5482559800148,-1.5204637311399,1.26142932257726,-1.25343866789147,1.25743399523436,
32350,32350,2,10786.206,3,33.2309818149169,30.0572042269139,1.54450451955199,-1.52070159092546,1.26202527590229,-1.25391326988308,1.25796927289269,
32360,32360,2,10789.539,3,33.2321843386734,30.0561380487878,1.5457415021956,-1.52186211198568,1.26184581003929,-1.25374423483309,1.25779502243619,
32370,32370,2,10792.873,3,33.2324369133657,30.0565739077702,1.54574140906334,-1.52197126299143,1.26210667349661,-1.253277735348,1.25769220442231,
32380,32380,2,10796.206,3,33.2325240851622,30.0566901368321,1.54725015163422,-1.52039220556617,1.26238569774443,-1.25390842700562,1.25814706237503,
32390,32390,2,10799.539,3,33.2318892956699,30.0571729344741,1.54779059812427,-1.52215296402574,1.26246690907424,-1.25382432857578,1.25814561882501,
32400,32400,2,10802.873,3,33.2323698581377,30.057879249543,1.54626863077283,-1.52015816420317,1.26235701300868,-1.25328919061585,1.25782310181226,
32410,32410,2,10806.206,3,33.2319272936325,30.0556507807973,1.54580175876617,-1.52133489027619,1.26125712103046,-1.25439942027481,1.25782827065263,
32420,32420,2,10809.539,3,33.2317931831764,30.0576065582822,1.54570220038295,-1.51997795328498,1.26188688136549,-1.25382507363386,1.25785597749967,
32430,32430,2,10812.873,3,33.2302822053709,30.0576803190331,1.54773369431496,-1.51920020580292,1.26211803563221,-1.25374926397507,1.25793364980364,
32440,32440,2,10816.206,3,33.2317820073051,30.0567594272345,1.54574429616332,-1.51987625285983,1.26121716729137,-1.2536788559873,1.25744801163933,
32450,32450,2,10819.539,3,33.2307359457474,30.056855539728,1.54498899355531,-1.52055360376835,1.26038633440926,-1.25324150689926,1.25681392065426,
32460,32460,2,10822.873,3,33.230291146068,30.0566029650357,1.5452035702765,-1.52148958295584,1.2612139076623,-1.2536804392357,1.257447173449,
32470,32470,2,10826.206,3,33.2296451807044,30.0571170551174,1.54473930597305,-1.51993352919817,1.26101609474429,-1.2535955957478,1.25730584524604,
32480,32480,2,10829.539,3,33.230107861778,30.0570567054122,1.54598541557789,-1.52006763964891,1.26176059402235,-1.25409590224289,1.25792824813262,
32490,32490,2,10832.873,3,33.2293277859583,30.0577227873442,1.54396938160062,-1.51840029284358,1.26128031096294,-1.25291433327357,1.25709732211825,
32500,32500,2,10836.206,3,33.2307001829591,30.0572981042332,1.54526876285672,-1.52083141729236,1.26189340062362,-1.25337179892954,1.25763259977658,
32510,32510,2,10839.539,3,33.2309549928257,30.0578948957629,1.54647501185536,-1.5201292000711,1.26168385304097,-1.25261081524164,1.25714733414131,
32520,32520,2,10842.873,3,33.2299513995792,30.0569516522216,1.54423024505377,-1.52128618210554,1.26159612245304,-1.2529006428315,1.25724838264227,
32530,32530,2,10846.206,3,33.231440025642,30.0571438772086,1.54340341687202,-1.51909599080682,1.26188930280422,-1.25370167339074,1.25779548809748,
32540,32540,2,10849.539,3,33.2300944507324,30.0579105419827,1.54265137389302,-1.5186264179647,1.26073930567069,-1.25250846288906,1.25662388427987,
32550,32550,2,10852.873,3,33.2315383733098,30.0578099591407,1.54697466641665,-1.52097577229142,1.2616279736856,-1.25308662795263,1.25735730081912,
32560,32560,2,10856.206,3,33.2313595593683,30.0583464009651,1.54733322560787,-1.51821188628674,1.26181442446802,-1.25296499722244,1.25738971084523,
32570,32570,2,10859.539,3,33.2311025143274,30.0584648652013,1.54382241889834,-1.51956900954247,1.26118447786848,-1.25222785539283,1.25670616663065,
32580,32580,2,10862.873,3,33.2310421646222,30.0573271614987,1.54582811519504,-1.51953110471368,1.26202779047328,-1.25273058332666,1.25737918689997,
32590,32590,2,10866.206,3,33.2304386675697,30.0580245358704,1.54597293585539,-1.51804173365235,1.26020984877855,-1.25271149121357,1.25646066999606,
32600,32600,2,10869.539,3,33.2312969744888,30.0584000451475,1.54472086578608,-1.52043960988522,1.26227151759496,-1.25279251627886,1.25753201693691,
32610,32610,2,10872.873,3,33.2294998943769,30.0572109324367,1.54607407748699,-1.52129530906677,1.26190280698177,-1.25301063202932,1.25745671950555,
32620,32620,2,10876.206,3,33.2302866757194,30.0571774048227,1.54431667178869,-1.52108389884233,1.26076268186768,-1.25324858495094,1.25700563340931,
32630,32630,2,10879.539,3,33.2307024181334,30.0570701164578,1.54542699456215,-1.52083057910204,1.26193996675309,-1.25410074512035,1.25802035593672,
32640,32640,2,10882.873,3,33.2305861890714,30.0570656461093,1.54516100883484,-1.52036501094699,1.26224404357857,-1.25297235467089,1.25760819912473,
32650,32650,2,10886.206,3,33.230324673682,30.0569605929186,1.54425026848912,-1.51869971305132,1.26033865069268,-1.25307116799764,1.25670490934516,
32660,32660,2,10889.539,3,33.2301972687487,30.057637850722,1.54569447040558,-1.5204731374979,1.26155710003654,-1.2531014359818,1.25732926800917,
32670,32670,2,10892.873,3,33.2299290478365,30.0573115152788,1.54237486422062,-1.52009762823582,1.26198597408901,-1.25270022221024,1.25734309814963,
32680,32680,2,10896.206,3,33.230416315827,30.0564375621398,1.54577624052763,-1.52234835550189,1.2612377495206,-1.25318162285676,1.25720968618868,
32690,32690,2,10899.539,3,33.2297971725546,30.0581765277207,1.54334679245949,-1.52092706412077,1.26185745157166,-1.25257942967038,1.25721844062102,
32700,32700,2,10902.873,3,33.2307806492328,30.0570164722753,1.54432207345963,-1.51971373707056,1.26210816361276,-1.2523731417168,1.25724065266478,
32710,32710,2,10906.206,3,33.2296541214015,30.0569829446613,1.54599715024233,-1.51965860277414,1.26143258220632,-1.25265794016467,1.2570452611855,
32720,32720,2,10909.539,3,33.2300475120727,30.0570477647151,1.54373263940215,-1.5188661403954,1.26122536293015,-1.25297179587734,1.25709857940375,
32730,32730,2,10912.873,3,33.2304654896609,30.0560665232112,1.54359852895141,-1.5211352147162,1.26282807597445,-1.25364011296758,1.25823409447102,
32740,32740,2,10916.206,3,33.2290059208636,30.0575819713653,1.54409110546112,-1.51778906583786,1.26166932440858,-1.2524709305887,1.25707012749864,
32750,32750,2,10919.539,3,33.2282973706205,30.0564219159199,1.54477627947927,-1.52193075045943,1.2613262251666,-1.25398162896115,1.25765392706388,
32760,32760,2,10922.873,3,33.2305817187229,30.0571572882543,1.54390186071396,-1.51708936318755,1.26184404052637,-1.25255838177985,1.25720121115311,
32770,32770,2,10926.206,3,33.2294104874062,30.0568734211222,1.54654867947102,-1.51869095861912,1.26060975869848,-1.25325566300263,1.25693271085055,
32780,32780,2,10929.539,3,33.2306890070878,30.0564286214427,1.54469506815076,-1.51878334581852,1.26110624677096,-1.25291368134775,1.25700996405936,
32790,32790,2,10932.873,3,33.228992509818,30.0559637051949,1.54536375775933,-1.52026014402509,1.26217913039408,-1.25360304632851,1.2578910883613,
32800,32800,2,10936.206,3,33.2307538271415,30.0559905272861,1.54525367543101,-1.51904979720712,1.26061627795661,-1.25299992181954,1.25680809988808,
32810,32810,2,10939.539,3,33.2305236041919,30.0571505827315,1.54566094279289,-1.52024067938328,1.26263296389195,-1.25379657516262,1.25821476952728,
32820,32820,2,10942.873,3,33.2303559661218,30.0565850836415,1.54466070234776,-1.52010563760996,1.26168562255389,-1.25258380688655,1.25713471472022,
32830,32830,2,10946.206,3,33.2297994077289,30.0567907196742,1.54541553929448,-1.51810878887773,1.26059979354678,-1.25286711521828,1.25673345438253,
32840,32840,2,10949.539,3,33.2300050437616,30.0559972328089,1.54642565175891,-1.52108250185847,1.26205274991868,-1.25364961245799,1.25785118118834,
32850,32850,2,10952.873,3,33.2298686981312,30.0564017993515,1.54459336772561,-1.51951983571053,1.26147244281315,-1.25316234447916,1.25731739364615,
32860,32860,2,10956.206,3,33.23020844462,30.0562855702896,1.54692390933633,-1.51922041550279,1.26119025206853,-1.25294618450613,1.25706821828733,
32870,32870,2,10959.539,3,33.2308700562035,30.0562766295925,1.54361622408032,-1.51978693902493,1.26210853614179,-1.25360341885755,1.25785597749967,
32880,32880,2,10962.873,3,33.229783761509,30.0562185150615,1.5479663386941,-1.51904970407486,1.26175295717712,-1.25346213722072,1.25760754719892,
32890,32890,2,10966.206,3,33.2299245774879,30.0564442676626,1.54517414048314,-1.51959359645844,1.26024039615948,-1.25374414170083,1.25699226893015,
32900,32900,2,10969.539,3,33.2295848309991,30.057121525466,1.54306422919035,-1.51892956346273,1.26054698755595,-1.25261007018357,1.25657852886976,
32910,32910,2,10972.873,3,33.229933518185,30.0564733249281,1.5453614294529,-1.52048263698816,1.26256190397837,-1.25349389532102,1.2580278996497,
32920,32920,2,10976.206,3,33.2297703504634,30.0558877092698,1.54300099238753,-1.51939485222101,1.26083243792964,-1.25377943882697,1.2573059383783,
32930,32930,2,10979.539,3,33.2297435283722,30.0570321184952,1.54417902231216,-1.52026610448956,1.26143891519993,-1.25284653298905,1.25714272409449,
32940,32940,2,10982.873,3,33.2296697676213,30.056314627555,1.54386376962066,-1.52052696794271,1.26167277030216,-1.25290287800572,1.25728782415394,
32950,32950,2,10986.206,3,33.2308946431205,30.0567482513631,1.54501367360353,-1.51978861540556,1.26098694434724,-1.25298725583233,1.25698710008978,
32960,32960,2,10989.539,3,33.2305705428515,30.0571595234285,1.54683468863368,-1.52031928300858,1.2613470867926,-1.25275610156561,1.25705159417911,
32970,32970,2,10992.873,3,33.2313908518081,30.0572891635361,1.54700800776482,-1.52082517743111,1.26269806334096,-1.25297207527412,1.25783506930754,
32980,32980,2,10996.206,3,33.2314444959905,30.0575707954939,1.54461096972227,-1.51943471282721,1.26177055917406,-1.25295074798682,1.25736065358044,
32990,32990,2,10999.539,3,33.2316724837659,30.0573293966729,1.54787246137857,-1.52022112160921,1.26255734049768,-1.2536981343649,1.25812773743129,
33000,33000,2,11002.873,3,33.2309616983485,30.0578144294892,1.54568711295724,-1.51929669082165,1.26231752493088,-1.25305002697486,1.25768377595287,
33010,33010,2,11006.206,3,33.230566072503,30.0563302737749,1.54656525701284,-1.51841472834349,1.26149144179398,-1.25345040255609,1.25747092217504,
33020,33020,2,11009.539,3,33.2310309887508,30.056797425197,1.54595375061035,-1.52156548574567,1.26175267778034,-1.25396980116427,1.2578612394723,
33030,33030,2,11012.873,3,33.2302240908399,30.0558675927013,1.54509879648685,-1.51994396001101,1.26233168103424,-1.25371033469083,1.25802100786253,
33040,33040,2,11016.206,3,33.2296094179161,30.0567504865374,1.54836568981409,-1.52060259133577,1.26077488219361,-1.25360826173502,1.25719157196431,
33050,33050,2,11019.539,3,33.2308253527181,30.0567281347947,1.54440170153975,-1.52042452245951,1.26211980514513,-1.25410521546878,1.25811251030695,
33060,33060,2,11022.873,3,33.2305526614574,30.0562051040159,1.54451662674546,-1.51891512796283,1.26138461909296,-1.25337263711987,1.25737862810642,
33070,33070,2,11026.206,3,33.2304207861755,30.0572019917396,1.54584897682071,-1.5182426199317,1.26156818277536,-1.25345068195287,1.25750943236411,
33080,33080,2,11029.539,3,33.2304230213498,30.056647668521,1.54549395665526,-1.51898683980107,1.2628561087844,-1.25411657760437,1.25848634319439,
33090,33090,2,11032.873,3,33.2299178719651,30.0574523312577,1.54520832002163,-1.52024468407035,1.26105223006076,-1.2532575256478,1.25715487785428,
33100,33100,2,11036.206,3,33.2303850233873,30.0572779876648,1.54288597404957,-1.51779465377331,1.2613402881377,-1.25353533917626,1.25743781365698,
33110,33110,2,11039.539,3,33.2305794835486,30.0578814847172,1.54640367254615,-1.52114946395159,1.26186844117822,-1.25351131105345,1.25768987611583,
33120,33120,2,11042.873,3,33.231748479691,30.0570276481467,1.54694896191359,-1.52043281123042,1.26300437534065,-1.25339387127491,1.25819912330778,
33130,33130,2,11046.206,3,33.2326358438756,30.0574478609092,1.54662430286407,-1.51930032297969,1.26192888401428,-1.25382702941129,1.25787795671278,
33140,33140,2,11049.539,3,33.2307426512702,30.0584268672388,1.54647026211023,-1.5203625895083,1.26158876500458,-1.25310693078508,1.25734784789483,
33150,33150,2,11052.873,3,33.2313305021028,30.0583575768364,1.54589423909783,-1.52050508186221,1.26266984426649,-1.25255903370567,1.25761443898608,
33160,33160,2,11056.206,3,33.2310443997965,30.0578926605886,1.54562974348664,-1.52021236717701,1.26183929078116,-1.25356393077976,1.25770161078046,
33170,33170,2,11059.539,3,33.2307001829591,30.0569672984414,1.54461115598679,-1.51953343302011,1.26302970731508,-1.25280741744029,1.25791856237769,
33180,33180,2,11062.873,3,33.2304274916984,30.0588604910468,1.54380351305008,-1.51826972141862,1.26146946258087,-1.25235619164567,1.25691282711327,
33190,33190,2,11066.206,3,33.2306152463369,30.0582815809113,1.54492268338799,-1.51855051517487,1.26134857690875,-1.25270161919412,1.25702509805143,
33200,33200,2,11069.539,3,33.2303403199019,30.0571841103455,1.54558587819338,-1.5223772265017,1.26163961521797,-1.25329896950304,1.2574692923605,
33210,33210,2,11072.873,3,33.2307448864445,30.0567907196742,1.54375741258264,-1.52089418843389,1.26183817319406,-1.25412840540126,1.25798328929766,
33220,33220,2,11076.206,3,33.2302598536282,30.0570768219806,1.54475681483746,-1.51908872649074,1.26085441714275,-1.25321412601513,1.25703427157894,
33230,33230,2,11079.539,3,33.2312500358292,30.0576445562448,1.54623240232468,-1.51994666084647,1.26175342283841,-1.25315414884037,1.25745378583939,
33240,33240,2,11082.873,3,33.2322938622125,30.0577652556553,1.54611710458994,-1.52067188173532,1.26247696735821,-1.25307414822993,1.25777555779407,
33250,33250,2,11086.206,3,33.2305884242457,30.0578658384974,1.54413934797049,-1.51816494762897,1.26064188932782,-1.25286450751503,1.25675319842143,
33260,33260,2,11089.539,3,33.2315249622642,30.0581094724926,1.54474852606654,-1.52055667713284,1.26218145870055,-1.25301985212296,1.25760065541176,
33270,33270,2,11092.873,3,33.2307001829591,30.0572064620882,1.54488226398826,-1.51891345158219,1.26227598794339,-1.25390013823457,1.25808806308898,
33280,33280,2,11096.206,3,33.2306174815112,30.0580312413932,1.54578341171145,-1.51783842593431,1.26116696900379,-1.25333557048081,1.2572512697423,
33290,33290,2,11099.539,3,33.2308275878924,30.0571639937771,1.54490303248167,-1.5205797739327,1.26177465699345,-1.25353170701816,1.2576531820058,
33300,33300,2,11102.873,3,33.2313774407625,30.057063410935,1.54381971806288,-1.52033120393753,1.2626428359114,-1.25429967562547,1.25847125576844,
33310,33310,2,11106.206,3,33.2313863814595,30.0575953824109,1.54799222946167,-1.51985734701157,1.26064030607942,-1.25411611194308,1.25737820901125,
33320,33320,2,11109.539,3,33.2297859966833,30.0570231777982,1.54331997036934,-1.51969632133842,1.26082219338115,-1.25392379382834,1.25737299360475,
33330,33330,2,11112.873,3,33.2318222404419,30.0580580634845,1.54675683006644,-1.51881957426667,1.2618417122199,-1.25342562937521,1.25763367079755,
33340,33340,2,11116.206,3,33.231831181139,30.0578434867547,1.54466088861227,-1.518858037889,1.2619608283791,-1.25339945921045,1.25768014379477,
33350,33350,2,11119.539,3,33.2313215614058,30.0578323108833,1.54601447284222,-1.51808951050043,1.2614541888904,-1.25377897316567,1.25761658102804,
33360,33360,2,11122.873,3,33.2311226308959,30.056947181873,1.5442730858922,-1.51924155652523,1.26137484020577,-1.25366041580003,1.2575176280029,
33370,33370,2,11126.206,3,33.2325196148137,30.0572824580133,1.54726058244705,-1.51803204789758,1.26121213814938,-1.25401199007757,1.25761206411348,
33380,33380,2,11129.539,3,33.2313662648911,30.0581921739406,1.54527630656958,-1.51773514226079,1.26116389563925,-1.25327605896734,1.25721997730329,
33390,33390,2,11132.873,3,33.2317797721308,30.0582838160856,1.54407070949674,-1.5191993676126,1.2625872359528,-1.25363843658692,1.25811283626986,
33400,33400,2,11136.206,3,33.2313394427999,30.0584693355499,1.54624935239553,-1.51730924844742,1.26112887790988,-1.2532772696867,1.25720307379829,
33410,33410,2,11139.539,3,33.2310376942737,30.0574389202121,1.54386088252068,-1.51994284242392,1.26152618012657,-1.25380952054661,1.25766785033659,
33420,33420,2,11142.873,3,33.2322759808184,30.0581340594096,1.54827265068889,-1.51905482634902,1.26220781512984,-1.25347023972725,1.25783902742854,
33430,33430,2,11146.206,3,33.2316993058571,30.0583754582306,1.54358576983213,-1.51804015040398,1.26074740817721,-1.25351783031157,1.25713261924439,
33440,33440,2,11149.539,3,33.2314869643016,30.0590124828971,1.54527928680182,-1.51863321661949,1.26191985018516,-1.25309799008822,1.25750892013669,
33450,33450,2,11152.873,3,33.2319339991553,30.0569874150099,1.54441883787513,-1.51864150539041,1.26233717583752,-1.25346074023684,1.25789895803718,
33460,33460,2,11156.206,3,33.2311047495017,30.0591309471333,1.54608655720949,-1.51709476485848,1.26152068532329,-1.25305831574591,1.2572895005346,
33470,33470,2,11159.539,3,33.2317305982969,30.0579217178541,1.54510755091906,-1.51727758347988,1.26162229261781,-1.25243572659481,1.25702900960631,
33480,33480,2,11162.873,3,33.2306733608679,30.0578434867547,1.54407452791929,-1.518808118999,1.2617824801032,-1.25330595442246,1.25754421726283,
33490,33490,2,11166.206,3,33.2307135940047,30.0592382354982,1.5457752160728,-1.51604078710079,1.26095499998242,-1.25191399968017,1.25643449983129,
33500,33500,2,11169.539,3,33.2309147596889,30.0595757468128,1.54356453567743,-1.51797346770763,1.26159249029494,-1.25344714292703,1.25751981661099,
33510,33510,2,11172.873,3,33.231174039904,30.0576914949044,1.54665429145098,-1.51997711509466,1.26125954246919,-1.25350767889535,1.25738361068227,
33520,33520,2,11176.206,3,33.2310645163649,30.0592225892783,1.54414596036077,-1.51818515732884,1.26101749172817,-1.25288881503461,1.25695315338139,
33530,33530,2,11179.539,3,33.2296720027956,30.057246695225,1.54291493818164,-1.51743916794658,1.26047182982298,-1.25369487473584,1.25708335227941,
33540,33540,2,11182.873,3,33.2303403199019,30.0585028631639,1.54337780550122,-1.51789905503392,1.26173805601568,-1.25261640317718,1.25717722959643,
33550,33550,2,11186.206,3,33.2302978515908,30.0585989756574,1.54390279203653,-1.51727618649602,1.26048859362959,-1.25315517329522,1.2568218834624,
33560,33560,2,11189.539,3,33.2303403199019,30.0590415401626,1.54324751347303,-1.5174220316112,1.26041343589661,-1.25257216535418,1.2564928006254,
33570,33570,2,11192.873,3,33.2308611155064,30.0585565073463,1.5453246422112,-1.51640800759196,1.26151397980065,-1.25271400578456,1.2571139927926,
33580,33580,2,11196.206,3,33.2311427474643,30.0595265729789,1.54539542272687,-1.51804080232978,1.26075849091603,-1.25269221283597,1.256725351876,
33590,33590,2,11199.539,3,33.2312612117005,30.0585520369978,1.54375312849879,-1.51750287041068,1.26129623657922,-1.25283470519216,1.25706547088569,
33600,33600,2,11202.873,3,33.2307135940047,30.0585945053089,1.54548641294241,-1.51822892948985,1.2619869054116,-1.25279428579178,1.25739059560169,
33610,33610,2,11206.206,3,33.2314869643016,30.0594885750163,1.54591612517834,-1.51698607951403,1.261372046238,-1.25315209993067,1.25726207308434,
33620,33620,2,11209.539,3,33.2321172834453,30.0586727364083,1.54607528820634,-1.51742091402411,1.26095732828889,-1.2522041066668,1.25658071747785,
33630,33630,2,11212.873,3,33.2321441055365,30.0588582558726,1.54424663633108,-1.51708787307143,1.26180231727436,-1.25255493588627,1.25717862658032,
33640,33640,2,11216.206,3,33.2313126207087,30.0575149161372,1.5460267663002,-1.51864374056458,1.26152124411684,-1.25262832410633,1.25707478411159,
33650,33650,2,11219.539,3,33.2315875471437,30.0584715707241,1.54523532837629,-1.52069674804807,1.26169996492177,-1.25284141071481,1.25727068781829,
33660,33660,2,11222.873,3,33.2315808416209,30.0577607853068,1.54324341565371,-1.51756107807159,1.26173526204791,-1.25299107425494,1.25736316815143,
33670,33670,2,11226.206,3,33.2312165082151,30.0587219102422,1.5450906008482,-1.51895936578512,1.26083169287157,-1.25341072821378,1.25712121054267,
33680,33680,2,11229.539,3,33.2313752055882,30.0591756506187,1.54598150402308,-1.52056897059083,1.26183090887786,-1.25329412662557,1.25756251775172,
33690,33690,2,11232.873,3,33.2305727780258,30.058187703592,1.54669499024749,-1.51970721781254,1.26183454103596,-1.25286907099572,1.25735180601584,
33700,33700,2,11236.206,3,33.2312187433894,30.0582100553347,1.54565507546067,-1.51872904971242,1.26036770795747,-1.25348206752414,1.2569248877408,
33710,33710,2,11239.539,3,33.232023406126,30.0582346422517,1.54742356389761,-1.51917850598693,1.2614079021577,-1.2525952621544,1.25700158215605,
33720,33720,2,11242.873,3,33.2322513939014,30.0582569939944,1.54648823663592,-1.51929575949907,1.26202862866361,-1.25340355702984,1.25771609284673,
33730,33730,2,11246.206,3,33.230116802475,30.0584715707241,1.54373897239566,-1.51957925409079,1.26007219929982,-1.25335075103901,1.25671147516941,
33740,33740,2,11249.539,3,33.2312813282689,30.0582033498119,1.54491923749447,-1.51880430057645,1.26079006275181,-1.25354698070863,1.25716852173022,
33750,33750,2,11252.873,3,33.2327677191575,30.0576758486846,1.54343023896217,-1.51877989992499,1.26196269102427,-1.25330027335466,1.25763148218947,
33760,33760,2,11256.206,3,33.2315495491811,30.0586883826282,1.54476100578904,-1.51687674224377,1.26110876134195,-1.25309193649139,1.25710034891667,
33770,33770,2,11259.539,3,33.2323363305236,30.0592605872409,1.54585661366582,-1.52082964777946,1.26311464393525,-1.25198934367766,1.25755199380645,
33780,33780,2,11262.873,3,33.2328817130452,30.0593902273485,1.54668018221855,-1.51886781677604,1.26289196470409,-1.2526124916223,1.2577522281632,
33790,33790,2,11266.206,3,33.2315450788326,30.0585945053089,1.5439935028553,-1.52012137696147,1.26144068471285,-1.25304062061671,1.25724065266478,
33800,33800,2,11269.539,3,33.2314333201192,30.0588180227357,1.54756177216768,-1.51987383142114,1.26226220436906,-1.25272881381374,1.2574955090914,
33810,33810,2,11272.873,3,33.2309616983485,30.0592538817181,1.54530862346292,-1.51770850643516,1.26240208902201,-1.2534249774494,1.2579135332357,
33820,33820,2,11276.206,3,33.23243914854,30.0588068468644,1.54521455988288,-1.51783581823111,1.26140669143833,-1.25281263284679,1.25710966214256,
33830,33830,2,11279.539,3,33.232655960444,30.0579284233769,1.54559295624495,-1.51918577030301,1.262058617251,-1.25276839502379,1.25741350613739,
33840,33840,2,11282.873,3,33.2322424532044,30.0581117076669,1.54366185888648,-1.51845468208194,1.26340037370571,-1.25348970436937,1.25844503903754,
33850,33850,2,11286.206,3,33.2313170910572,30.0579485399453,1.54585838317871,-1.51890367269516,1.26091849213691,-1.25377189511399,1.25734519362545,
33860,33860,2,11289.539,3,33.23132379658,30.0587420268106,1.54344458132982,-1.51810748502612,1.262438410603,-1.2534801117467,1.25795926117485,
33870,33870,2,11292.873,3,33.2309393466058,30.058362047185,1.54535453766584,-1.52001567184925,1.26222606905259,-1.25364840173862,1.25793723539561,
33880,33880,2,11296.206,3,33.2317395389939,30.0570835275034,1.54412323608994,-1.51916751638055,1.26170396960891,-1.25424351687333,1.25797374324112,
33890,33890,2,11299.539,3,33.231565195401,30.0580200655219,1.54472105205059,-1.51918400079012,1.26186136312654,-1.25360015922849,1.25773076117751,
33900,33900,2,11302.873,3,33.2316501320232,30.0583821637534,1.54486363753676,-1.51979951187968,1.26186452962334,-1.25379191854967,1.2578282240865,
33910,33910,2,11306.206,3,33.2308767617263,30.0592561168924,1.54552906751633,-1.51715222746134,1.26039676522226,-1.25355238237965,1.25697457380095,
33920,33920,2,11309.539,3,33.2311516881613,30.0582927567827,1.54626052826643,-1.51788238435984,1.26208348356414,-1.2534192963816,1.25775138997287,
33930,33930,2,11312.873,3,33.2327163101493,30.0581117076669,1.54304355382919,-1.51786766946316,1.26217233173918,-1.25355554887645,1.25786394030781,
33940,33940,2,11316.206,3,33.2319272936325,30.0592248244526,1.54554126784205,-1.51769546791911,1.26124752840779,-1.25292252891235,1.25708502866007,
33950,33950,2,11319.539,3,33.2314802587788,30.0584447486329,1.54372211545706,-1.51936234906316,1.26166792742469,-1.25375829780419,1.25771311261444,
33960,33960,2,11322.873,3,33.2307873547556,30.0588895483123,1.54318371787667,-1.51799488812685,1.26105660727693,-1.25276122383985,1.25690891555839,
33970,33970,2,11326.206,3,33.2330001772814,30.0594729287964,1.54483010992408,-1.51794599369168,1.26133088177955,-1.25308402024938,1.25720745101446,
33980,33980,2,11329.539,3,33.231931763981,30.0591309471333,1.54655063524842,-1.5177933499217,1.2613797762155,-1.25313496359502,1.25725736990526,
33990,33990,2,11332.873,3,33.2310108721824,30.0593477590374,1.54512170702219,-1.51744903996587,1.26134690052809,-1.25309771069144,1.25722230560976,
34000,34000,2,11336.206,3,33.2326581956183,30.0580714745301,1.54375741258264,-1.51660703122616,1.26128254613715,-1.25350153216626,1.2573920391517,
34010,34010,2,11339.539,3,33.2318021238735,30.058337460268,1.54572911560535,-1.51788229122758,1.2614687175228,-1.25368351260025,1.25757611506152,
34020,34020,2,11342.873,3,33.2313796759367,30.0589163704036,1.54434591531754,-1.51753071695566,1.26206346012846,-1.25253752015385,1.25730049014115,
34030,34030,2,11346.206,3,33.2309438169544,30.0594125790912,1.54284965246916,-1.51699557900429,1.26114703870038,-1.2531316108337,1.25713932476704,
34040,34040,2,11349.539,3,33.230174917006,30.0586548550141,1.54245905578136,-1.51860555633903,1.26192227162389,-1.25320555784731,1.2575639147356,
34050,34050,2,11352.873,3,33.2308208823696,30.058661560537,1.54431844130158,-1.51865659281611,1.26184655509736,-1.25332215943552,1.25758435726644,
34060,34060,2,11356.206,3,33.2318580032302,30.0581765277207,1.54430773109198,-1.51842776685953,1.26142727366756,-1.2534426725786,1.25743497312308,
34070,34070,2,11359.539,3,33.2308499396351,30.0592248244526,1.54446018859744,-1.51737993583083,1.26210769795146,-1.25261388860619,1.25736079327883,
34080,34080,2,11362.873,3,33.2308857024234,30.0589744849345,1.54410125687718,-1.51756554841995,1.26208543934157,-1.25301761694874,1.25755152814516,
34090,34090,2,11366.206,3,33.2312366247835,30.0589320166234,1.54515625908971,-1.51675119996071,1.26065362399245,-1.25294916473842,1.25680139436543,
34100,34100,2,11369.539,3,33.230233031537,30.0588873131381,1.54316974803805,-1.51737313717604,1.26082871263928,-1.25302320488428,1.25692595876178,
34110,34110,2,11372.873,3,33.2307985306269,30.0586883826282,1.54337789863348,-1.51702091097832,1.26281103277107,-1.25314334549833,1.2579771891347,
34120,34120,2,11376.206,3,33.2299782216704,30.0599400802185,1.54106020927429,-1.51660684496164,1.26069795494771,-1.25286609076343,1.25678202285557,
34130,34130,2,11379.54,3,33.2297390580237,30.0588493151755,1.54221206903458,-1.51709392666817,1.26171244464447,-1.25322036587648,1.25746640526048,
34140,34140,2,11382.873,3,33.2305951297685,30.0603088839728,1.54348937794566,-1.51567868888378,1.26125972873371,-1.25215726114055,1.25670849493713,
34150,34150,2,11386.206,3,33.2294842481571,30.0592829389836,1.54143460094929,-1.51652852073312,1.25986870531401,-1.25312024869811,1.25649447700606,
34160,34160,2,11389.54,3,33.2302553832797,30.0583061678283,1.54140572994947,-1.5178520232439,1.26050554370072,-1.25297337912574,1.25673946141323,
34170,34170,2,11392.873,3,33.2319004715413,30.0596539779122,1.54619310051203,-1.51760783046484,1.26227980636601,-1.25243544719804,1.25735762678202,
34180,34180,2,11396.206,3,33.2309929907883,30.0591845913158,1.54282227158546,-1.51615412905812,1.26172697327687,-1.25342097276226,1.25757397301957,
34190,34190,2,11399.54,3,33.2316367209776,30.0603714688523,1.54358642175794,-1.51771660894156,1.26138508475426,-1.25227525971264,1.25683017223345,
34200,34200,2,11402.873,3,33.2315786064466,30.060177008691,1.5454176813364,-1.51708424091339,1.26193288870141,-1.25171004003306,1.25682146436724,
34210,34210,2,11406.206,3,33.2298463463885,30.05956904129,1.54301151633263,-1.51508906856179,1.26082303157148,-1.25294460125773,1.25688381641461,
34220,34220,2,11409.54,3,33.2299312830108,30.0612789496053,1.54188359156251,-1.51688130572438,1.26188557751386,-1.25277277223996,1.25732917487691,
34230,34230,2,11412.873,3,33.2308588803322,30.0596919758747,1.54374772682786,-1.51763837784529,1.26157656467866,-1.25225132472209,1.25691394470038,
34240,34240,2,11416.206,3,33.2311092198502,30.0604474647775,1.54187716543674,-1.5165327116847,1.26014242102306,-1.252513119502,1.25632777026253,
34250,34250,2,11419.54,3,33.2295177757711,30.0596852703519,1.5423970296979,-1.51691474020481,1.26139784387373,-1.2532012737634,1.25729955881857,
34260,34260,2,11422.873,3,33.2304073751299,30.0593142314233,1.54367461800575,-1.51994684711099,1.26220362417818,-1.25358684131546,1.25789523274682,
34270,34270,2,11426.206,3,33.2307135940047,30.0596852703519,1.54382837936282,-1.51561582460999,1.26131719133748,-1.25296024747723,1.25713871940736,
34280,34280,2,11429.54,3,33.2308700562035,30.0586257977487,1.54472719877958,-1.51930404826999,1.26236483611843,-1.25282064222106,1.25759273916975,
34290,34290,2,11432.873,3,33.2312455654806,30.0587912006445,1.54391536489129,-1.51765700429678,1.26275617787054,-1.25383773962107,1.25829695874581,
34300,34300,2,11436.206,3,33.2302732646738,30.0581653518493,1.54442889615893,-1.51754943653941,1.261351184612,-1.25314632573062,1.25724875517131,
34310,34310,2,11439.54,3,33.2307292402246,30.0586816771054,1.54383555054665,-1.51905650272965,1.26208255224155,-1.25297878079676,1.25753066651915,
34320,34320,2,11442.873,3,33.2320971668769,30.0588113172129,1.54393296688795,-1.5174163505435,1.26277750515784,-1.25327950486092,1.25802850500938,
34330,34330,2,11446.206,3,33.2308052361497,30.0585989756574,1.5418560244143,-1.51756899431348,1.26143854267089,-1.25351140418571,1.2574749734283,
34340,34340,2,11449.54,3,33.2311539233356,30.0588962538351,1.54447434470057,-1.51674160733819,1.26106787628027,-1.25322222852166,1.25714505240096,
34350,34350,2,11452.873,3,33.2310600460163,30.0592516465438,1.5454538166523,-1.51736298575997,1.26103136843476,-1.25307610400737,1.25705373622106,
34360,34360,2,11456.206,3,33.2324503244113,30.0597456200572,1.54658714309335,-1.51769341900945,1.26123504868509,-1.25297244780315,1.25710374824412,
34370,34370,2,11459.54,3,33.2313170910572,30.0588962538351,1.54441501945257,-1.51924835518003,1.26152916035885,-1.25258399315107,1.25705657675496,
34380,34380,2,11462.873,3,33.2323452712207,30.059177885793,1.54407788068056,-1.51669830083847,1.26199957139882,-1.25195218390634,1.25697587765258,
34390,34390,2,11466.206,3,33.2314288497706,30.0588068468644,1.54536403715611,-1.51609182357788,1.2613974713447,-1.25305850201042,1.25722798667756,
34400,34400,2,11469.54,3,33.2324659706312,30.0596316261695,1.54615063220263,-1.51925049722195,1.2629003466074,-1.25223465404774,1.25756750032757,
34410,34410,2,11472.873,3,33.2330225290241,30.058911900055,1.54444184154272,-1.51653774082661,1.26293424674966,-1.25285407670203,1.25789416172584,
34420,34420,2,11476.206,3,33.2322603345985,30.0595645709414,1.54333570972085,-1.51827335357666,1.2619801067567,-1.25188326603471,1.25693168639571,
34430,34430,2,11479.54,3,33.2311941564724,30.0591108305649,1.54415844008327,-1.51827521622181,1.26233419560523,-1.25265905775178,1.25749662667851,
34440,34440,2,11482.873,3,33.2318289459647,30.0596472723893,1.54482703655958,-1.51745369657874,1.26160962663059,-1.25327242680924,1.25744102671991,
34450,34450,2,11486.206,3,33.231256741352,30.0585654480434,1.54520329087973,-1.51767358183861,1.26127574748225,-1.25280890755643,1.25704232751934,
34460,34460,2,11489.54,3,33.2323564470921,30.0590191884199,1.54594425112009,-1.52034591883421,1.26228977151771,-1.25314688452417,1.25771832802094,
34470,34470,2,11492.873,3,33.2311248660701,30.0573651594612,1.54223395511508,-1.51900155469775,1.2618771024783,-1.25341063508152,1.25764386877991,
34480,34480,2,11496.206,3,33.2313282669286,30.0574053925981,1.54569232836366,-1.51664447039366,1.26107299855451,-1.25288173698293,1.25697736776872,
34490,34490,2,11499.54,3,33.2319272936325,30.0593857569999,1.54354861006141,-1.51775339618325,1.26171831197679,-1.2523606619941,1.25703948698544,
34500,34500,2,11502.873,3,33.2319719971179,30.0594595177508,1.54514582827687,-1.51818143203855,1.2615977988337,-1.25263260819024,1.25711520351197,
34510,34510,2,11506.206,3,33.2315696657495,30.0597567959285,1.54291521757841,-1.51854697614908,1.26135816953142,-1.25352304571808,1.25744060762475,
34520,34520,2,11509.54,3,33.2321865738476,30.0592270596269,1.5447735786438,-1.51790482923388,1.26303790295387,-1.25283470519216,1.25793630407302,
34530,34530,2,11512.873,3,33.2298843443511,30.0581698221979,1.54314814135432,-1.51926968246698,1.26207892008345,-1.25313989960475,1.2576094098441,
34540,34540,2,11516.206,3,33.2306085408141,30.0579440695968,1.54254604130983,-1.51704344898462,1.26098200833751,-1.25428468133178,1.25763334483465,
34550,34550,2,11519.54,3,33.2301302135206,30.0586794419311,1.54342912137508,-1.52011839672923,1.261554026672,-1.25330604755472,1.25743003711336,
34560,34560,2,11522.873,3,33.2296608269243,30.0579105419827,1.5422067604959,-1.51636181399226,1.26163300282759,-1.25267256192933,1.25715278237846,
34570,34570,2,11526.206,3,33.2289947449923,30.058853785524,1.54126910492778,-1.51700405403972,1.25960793498894,-1.25275945432693,1.25618369465794,
34580,34580,2,11529.54,3,33.2299603402762,30.0583732230563,1.54337510466576,-1.51809817180037,1.26161176867255,-1.25351363935992,1.25756270401623,
34590,34590,2,11532.873,3,33.2305817187229,30.0600116057951,1.54453739523888,-1.51699567213655,1.26145707599043,-1.25231381646785,1.25688544622914,
34600,34600,2,11536.206,3,33.2291824996308,30.059095184345,1.54145108535886,-1.51651734486222,1.25948788750715,-1.25181472069212,1.25565130409964,
34610,34610,2,11539.54,3,33.229450720543,30.0597947938911,1.54263759031892,-1.51692274957895,1.26058507864986,-1.25228634245146,1.25643571055066,
34620,34620,2,11542.873,3,33.2297211766295,30.0593701107801,1.54381562024355,-1.51789793744683,1.26100333562481,-1.25155469542513,1.25627901552497,
34630,34630,2,11546.206,3,33.2305124283206,30.0580982966213,1.54112288728356,-1.51655860245228,1.26106266087377,-1.25268029190682,1.25687147639029,
34640,34640,2,11549.54,3,33.2307180643533,30.0591398878304,1.54277347028255,-1.51782492175698,1.26157200119797,-1.25218818105052,1.25688009112425,
34650,34650,2,11552.873,3,33.230566072503,30.0585319204294,1.54242189601064,-1.51729704812169,1.26179523922268,-1.25222897297994,1.25701210610131,
34660,34660,2,11556.206,3,33.2299536347534,30.059394697697,1.54171772301197,-1.51635082438588,1.26040877928367,-1.25255447022498,1.25648162475432,
34670,34670,2,11559.54,3,33.230715829179,30.0587844951217,1.54243987053633,-1.51909664273262,1.26258481451407,-1.25223456091548,1.25740968771478,
34680,34680,2,11562.873,3,33.2301615059604,30.0582905216084,1.5431422740221,-1.51756899431348,1.26304153511197,-1.25238003350396,1.25771078430797,
34690,34690,2,11566.206,3,33.2299782216704,30.0590527160339,1.54315056279302,-1.51825388893485,1.26166159443108,-1.25227097562873,1.25696628502991,
34700,34700,2,11569.54,3,33.2303671419931,30.0580580634845,1.54310604557395,-1.51678388938308,1.2628030233968,-1.2526826202133,1.25774282180505,
34710,34710,2,11572.873,3,33.2300743341639,30.0582927567827,1.54338795691729,-1.51883689686656,1.26267496654074,-1.25288052626357,1.25777774640215,
34720,34720,2,11576.206,3,33.2292517900331,30.0578501922775,1.54196824878454,-1.51717141270638,1.26130061379539,-1.25311400883676,1.25720731131607,
34730,34730,2,11579.54,3,33.2288829862788,30.0577250225185,1.54164396226406,-1.51800373569131,1.2624919616519,-1.25251973189239,1.25750584677214,
34740,34740,2,11582.873,3,33.2285857081011,30.0577809018752,1.54153639450669,-1.51916276663542,1.26176543689982,-1.25292336710269,1.25734440200125,
34750,34750,2,11586.206,3,33.2280738531936,30.0577272576927,1.5401023440063,-1.51774864643812,1.26056915303358,-1.25308457904293,1.25682686603826,
34760,34760,2,11589.54,3,33.2289880394694,30.0570432943666,1.54306693002582,-1.51822073385119,1.26165181554389,-1.25218808791826,1.25691995173108,
34770,34770,2,11592.873,3,33.22781010263,30.0579552454681,1.53923816978931,-1.51833985000849,1.26002684388971,-1.25262655459341,1.25632669924156,
34780,34780,2,11596.206,3,33.2281610249901,30.0568957728648,1.5408718958497,-1.5182944945991,1.25885188731077,-1.25255307324109,1.25570248027593,
34790,34790,2,11599.54,3,33.2281096159819,30.057546208577,1.54141513630748,-1.51625210419297,1.26080673342617,-1.25277733572065,1.25679203457341,
34800,34800,2,11602.873,3,33.2286438226321,30.0573293966729,1.54133113101125,-1.5203570947051,1.26147486425189,-1.25306502126855,1.25726994276022,
34810,34810,2,11606.206,3,33.2284828900848,30.0572198731338,1.54157755896449,-1.51615338400006,1.26072682594799,-1.25319820039885,1.25696251317342,
34820,34820,2,11609.54,3,33.228958982204,30.0585989756574,1.54148899018764,-1.5177852474153,1.26189489073976,-1.25217197603746,1.25703343338861,
34830,34830,2,11612.873,3,33.2292607307302,30.0583665175335,1.54008232057095,-1.51688801124692,1.26248404540989,-1.25262506447726,1.25755455494357,
34840,34840,2,11616.206,3,33.2298172891231,30.0583553416622,1.54245449230075,-1.51730431243777,1.26118969327498,-1.25231344393881,1.25675156860689,
34850,34850,2,11619.54,3,33.2297658801149,30.0576758486846,1.54012246057391,-1.51886092498899,1.26247249700978,-1.25246329374346,1.25746789537662,
34860,34860,2,11622.873,3,33.2296049475676,30.0573003394074,1.54491905122995,-1.51820266619325,1.26220623188143,-1.25247111685322,1.25733867436732,
34870,34870,2,11626.206,3,33.2284828900848,30.0575037402659,1.54329063370824,-1.51811884716153,1.26088915547534,-1.25330334671921,1.25709625109727,
34880,34880,2,11629.54,3,33.2291310906226,30.0573204559759,1.54354991391301,-1.52029655873775,1.26140929914158,-1.25331740969031,1.25736335441595,
34890,34890,2,11632.873,3,33.229933518185,30.0566946071807,1.54471732676029,-1.51902697980404,1.26162564537913,-1.2526290691644,1.25712735727176,
34900,34900,2,11636.206,3,33.2292137920706,30.0565001470193,1.54146943241358,-1.51755278930068,1.26129884428247,-1.25343037912042,1.25736461170144,
34910,34910,2,11639.54,3,33.2291467368425,30.0574389202121,1.54246222227812,-1.52050442993641,1.2617064841799,-1.25313254215629,1.25741951316809,
34920,34920,2,11642.873,3,33.2300944507324,30.0570097667525,1.54475420713425,-1.52053041383624,1.26180399365502,-1.25302739583593,1.25741569474548,
34930,34930,2,11646.206,3,33.2303872585615,30.057546208577,1.54548874124885,-1.51955913752317,1.26203207455719,-1.25352108994064,1.25777658224892,
34940,34940,2,11649.54,3,33.2292897879957,30.0564956766708,1.54322609305382,-1.52043923735619,1.26292623737539,-1.25300737240026,1.25796680488782,
34950,34950,2,11652.873,3,33.2298508167371,30.0564442676626,1.54509246349335,-1.51969464495778,1.26127639940806,-1.25271046675872,1.25699343308339,
34960,34960,2,11656.206,3,33.2307292402246,30.0563369792977,1.54436603188515,-1.52261536568403,1.26155551678814,-1.25368900740353,1.25762226209583,
34970,34970,2,11659.54,3,33.2290081560379,30.0557267767224,1.54387066140771,-1.51935201138258,1.26213992171306,-1.25402866075192,1.25808429123249,
34980,34980,2,11662.873,3,33.2296496510529,30.0561961633188,1.54361659660935,-1.51972938328981,1.26240451046074,-1.25317594178896,1.25779022612485,
34990,34990,2,11666.206,3,33.2301391542177,30.0562520426755,1.54207963496447,-1.52119928970933,1.26132482818271,-1.25359969356719,1.25746226087495,
35000,35000,2,11669.54,3,33.2304297268726,30.0561402839621,1.54419234022498,-1.52270933613181,1.26254644402338,-1.25347815596926,1.25801229999632,
35010,35010,2,11672.873,3,33.2297144711067,30.055523375864,1.54464263468981,-1.51885431259871,1.26145837984205,-1.25407736892336,1.2577678743827,
35020,35020,2,11676.206,3,33.2297703504634,30.0559055906639,1.54548725113273,-1.51917347684503,1.26160245544665,-1.25344975063028,1.25752610303847,
35030,35030,2,11679.54,3,33.2295065998997,30.0559011203154,1.54544794932008,-1.52210844680667,1.26258844667217,-1.25320732736023,1.2578978870162,
35040,35040,2,11682.873,3,33.2295825958249,30.0561715764019,1.54463117942214,-1.52082508429885,1.26248218276471,-1.25309202962365,1.25778710619418,
35050,35050,2,11686.206,3,33.2293993115349,30.0565761429445,1.541633810848,-1.5200954861939,1.26205349497675,-1.2534229285397,1.25773821175823,
35060,35060,2,11689.54,3,33.2313729704139,30.0560754639083,1.545275375247,-1.52011793106794,1.26247091376137,-1.25280723117577,1.25763907246857,
35070,35070,2,11692.873,3,33.229542362688,30.0560307604229,1.54402833431959,-1.52106266468763,1.26232758321485,-1.25333063447108,1.25782910884296,
35080,35080,2,11696.206,3,33.2303157329849,30.0560821694311,1.54423955827951,-1.52066256850958,1.26182690419072,-1.25376593464942,1.25779641942007,
35090,35090,2,11699.54,3,33.229542362688,30.054890821546,1.5443017706275,-1.52102131396532,1.2628275171809,-1.25396300250936,1.25839525984513,
35100,35100,2,11702.873,3,33.2299178719651,30.0544594329122,1.54326129704714,-1.51938768103719,1.26238793291865,-1.25397268826429,1.25818031059147,
35110,35110,2,11706.206,3,33.2291824996308,30.0549131732887,1.54494289308786,-1.52099290862679,1.26196539185978,-1.25396514455132,1.25796526820555,
35120,35120,2,11709.54,3,33.2304297268726,30.0543096762362,1.54384560883045,-1.52245545759797,1.26177949987092,-1.2546583279547,1.25821891391281,
35130,35130,2,11712.873,3,33.2299692809733,30.0556284290546,1.54434312134981,-1.51993092149496,1.26130676052448,-1.25379964852716,1.25755320452582,
35140,35140,2,11716.206,3,33.2296630620985,30.0555658441751,1.54272522777319,-1.52115356177092,1.26175128079645,-1.25381576040796,1.25778352060221,
35150,35150,2,11719.54,3,33.2299849271932,30.0552372735576,1.54389413073659,-1.52042796835303,1.26232171588253,-1.25397799680305,1.25814985634279,
35160,35160,2,11722.873,3,33.2298776388283,30.054591308194,1.54221281409264,-1.5206535346806,1.26153139553307,-1.25386940458912,1.25770040006109,
35170,35170,2,11726.206,3,33.228809225528,30.0556641918429,1.54266469180584,-1.52023853734136,1.26122564232693,-1.25422693933123,1.25772629082908,
35180,35180,2,11729.54,3,33.2297658801149,30.0546136599367,1.54337733983994,-1.52135146781802,1.26192348234326,-1.25446526478189,1.25819437356257,
35190,35190,2,11732.873,3,33.2281856119071,30.054016868407,1.54307195916772,-1.519684959203,1.26146126694208,-1.25428710277051,1.2578741848563,
35200,35200,2,11736.206,3,33.2292607307302,30.0548550587577,1.54326194897294,-1.52064841240644,1.26143770448056,-1.25376612091394,1.25760191269725,
35210,35210,2,11739.54,3,33.2296407103558,30.0559748810662,1.5417629852891,-1.5220258384943,1.26210872240631,-1.25381641233377,1.25796256737004,
35220,35220,2,11742.873,3,33.2306688905194,30.0545980137168,1.54483495280147,-1.52279585599899,1.26259841182388,-1.25394921893504,1.25827381537946,
35230,35230,2,11746.206,3,33.2292875528214,30.0558944147926,1.54140638187528,-1.52102671563625,1.26161325878869,-1.25400733346462,1.25781029612666,
35240,35240,2,11749.54,3,33.2287309944286,30.0559927624604,1.53953740373254,-1.52045646682382,1.26220548682336,-1.25336071619072,1.25778310150704,
35250,35250,2,11752.873,3,33.228210198824,30.0562900406381,1.54168251901865,-1.51956602931023,1.26178983755166,-1.25298623137748,1.25738803446457,
35260,35260,2,11756.206,3,33.228026914534,30.0566096705585,1.54380621388555,-1.51856876909733,1.26159882328855,-1.25356774920237,1.25758328624546,
35270,35270,2,11759.54,3,33.2287242889058,30.055556903478,1.54176987707615,-1.52028575539589,1.26175370223519,-1.25312173881425,1.25743772052472,
35280,35280,2,11762.873,3,33.2269607364079,30.0560754639083,1.54056064784527,-1.52093367651105,1.26119760951699,-1.25312024869811,1.25715892910755,
35290,35290,2,11766.206,3,33.2282526671351,30.0556239587061,1.54228415340185,-1.52056543156505,1.26166829995373,-1.25393469030264,1.25780149512819,
35300,35300,2,11769.54,3,33.2285901784497,30.0545220177917,1.54078081250191,-1.52156557887793,1.26195049069835,-1.25397212947074,1.25796131008455,
35310,35310,2,11772.873,3,33.2293099045641,30.0544817846549,1.54054593294859,-1.52089362964034,1.26180567003568,-1.25449488084024,1.25815027543796,
35320,35320,2,11776.206,3,33.2286661743748,30.0553289157026,1.54097806662321,-1.52169950306416,1.26178983755166,-1.25391448060245,1.25785215907705,
35330,35330,2,11779.54,3,33.2300855100353,30.0555725496979,1.54323764145374,-1.52203431352973,1.26192851148524,-1.25372728476196,1.2578278981236,
35340,35340,2,11782.873,3,33.229383665315,30.0554786723786,1.54120242223144,-1.52013823390007,1.26200236536659,-1.25360593342854,1.25780414939757,
35350,35350,2,11786.206,3,33.2292204975934,30.0553087991342,1.54026439413428,-1.51859587058425,1.2619608283791,-1.25379759961746,1.25787921399828,
35360,35360,2,11789.54,3,33.2288539290133,30.05437449629,1.54332760721445,-1.52066890150309,1.26305215218949,-1.25340253257499,1.25822734238224,
35370,35370,2,11792.873,3,33.2284985363046,30.0550942224044,1.54165523126721,-1.52040114626288,1.26168869591844,-1.25375056782669,1.25771963187257,
35380,35380,2,11796.206,3,33.2279844462229,30.0549198788115,1.54453115537763,-1.5197791159153,1.26169996492177,-1.25336043679395,1.25753020085786,
35390,35390,2,11799.54,3,33.2282481967866,30.0550003450852,1.54220946133137,-1.52268428355455,1.26252073951991,-1.25374684253634,1.25813379102812,
35400,35400,2,11802.873,3,33.2281230270275,30.0546024840654,1.54226971790195,-1.52059979736805,1.26159966147888,-1.25386996338267,1.25773481243078,
35410,35410,2,11806.206,3,33.227085906167,30.0556932491084,1.54040772467852,-1.51999332010746,1.26101907497658,-1.25345226520127,1.25723567008892,
35420,35420,2,11809.54,3,33.2268266259518,30.0555300813868,1.54034690931439,-1.52067169547081,1.26209596328683,-1.25357510665083,1.25783553496883,
35430,35430,2,11812.873,3,33.2280224441855,30.0551679831553,1.5399363823235,-1.52135258540511,1.26186955876532,-1.25304732613935,1.25745844245234,
35440,35440,2,11816.206,3,33.2273876546932,30.0550852817074,1.5399812720716,-1.5202465467155,1.26180669449053,-1.25371359431989,1.25776014440521,
35450,35450,2,11819.54,3,33.2280693828451,30.0550316375249,1.54084395617247,-1.52132930234075,1.26260651433041,-1.25258399315107,1.25759525374074,
35460,35460,2,11822.873,3,33.226936149491,30.054832707015,1.53892487287521,-1.52033688500524,1.26154741428161,-1.25348840051775,1.25751790739968,
35470,35470,2,11826.206,3,33.2271328448266,30.0544303756467,1.53924217447639,-1.5190364792943,1.26097558221165,-1.25324569785092,1.25711064003128,
35480,35480,2,11829.54,3,33.2275932907259,30.0549534064255,1.5390575863421,-1.52056645601988,1.26155747256558,-1.25308094688483,1.2573192097252,
35490,35490,2,11832.873,3,33.2277229308335,30.0550316375249,1.53955677524209,-1.51861244812608,1.2624050692543,-1.25297719754836,1.25769113340133,
35500,35500,2,11836.206,3,33.2276625811282,30.0544974308748,1.54059994965792,-1.51878716424108,1.26076240247091,-1.25325305529937,1.25700772888514,
35510,35510,2,11839.54,3,33.2272021352289,30.0550584596162,1.54137192294002,-1.52027057483792,1.26287194126842,-1.25326264792205,1.25806729459523,
35520,35520,2,11842.873,3,33.2277452825762,30.0548371773636,1.54069922864437,-1.52041930705309,1.26249903970358,-1.25352760919876,1.25801332445117,
35530,35530,2,11846.206,3,33.2282660781807,30.0541778009544,1.53980022296309,-1.51840476319194,1.26122759810437,-1.25327652462863,1.2572520613665,
35540,35540,2,11849.54,3,33.2281386732474,30.0540794532866,1.54054947197437,-1.52085712179542,1.26202788360554,-1.25372411826515,1.25787600093535,
35550,35550,2,11852.873,3,33.2282303153924,30.054191212,1.53972273692489,-1.51975732296705,1.26147356040026,-1.25313859575312,1.25730607807669,
35560,35560,2,11856.206,3,33.2267886279893,30.0537039440095,1.54094528406858,-1.51996789500117,1.26184273667475,-1.25375336179446,1.2577980492346,
35570,35570,2,11859.54,3,33.2269048570512,30.0534223120516,1.53955006971955,-1.52185065671802,1.26223733805592,-1.25450372840484,1.25837053323038,
35580,35580,2,11862.873,3,33.2277162253107,30.0540839236351,1.541399769485,-1.51988975703716,1.26161176867255,-1.25323591896373,1.25742384381814,
35590,35590,2,11866.206,3,33.2282146691726,30.0540146332328,1.53919979929924,-1.51945175603032,1.26155588931717,-1.2535774349573,1.25756666213724,
35600,35600,2,11869.54,3,33.2265718160852,30.0535653632048,1.53870666399598,-1.51978256180882,1.2620477207767,-1.25389864811843,1.25797318444756,
35610,35610,2,11872.873,3,33.2266589878817,30.0546583634221,1.53885381296277,-1.52000850066543,1.26206895493174,-1.25255158312495,1.25731026902834,
35620,35620,2,11876.206,3,33.2262901841274,30.0537933509802,1.54062164947391,-1.51960635557771,1.26081306641978,-1.25319214680202,1.2570026066109,
35630,35630,2,11879.54,3,33.2267595707238,30.0534759562341,1.54164461418986,-1.52062335982919,1.26099281167955,-1.2535815327767,1.25728717222812,
35640,35640,2,11882.873,3,33.2272580145856,30.0536570053498,1.54010578989983,-1.52075663208961,1.2609085269852,-1.25264005877095,1.25677429287808,
35650,35650,2,11886.206,3,33.2269249736196,30.0552395087319,1.54158705845475,-1.52093283832073,1.26028342326312,-1.25235535345534,1.25631938835923,
35660,35660,2,11889.54,3,33.2262991248245,30.0550539892676,1.54108824208379,-1.52063025161624,1.26221871160413,-1.2523726760555,1.25729569382982,
35670,35670,2,11892.873,3,33.2262745379075,30.0540571015439,1.5430748462677,-1.52110615745187,1.26166196696012,-1.25211525849176,1.25688861272594,
35680,35680,2,11896.206,3,33.2263147710443,30.0545510750572,1.5387887135148,-1.52008291333914,1.26204585813152,-1.25267069928415,1.25735827870783,
35690,35690,2,11899.54,3,33.2272848366769,30.054682950339,1.54349822551012,-1.51936141774058,1.26209112040937,-1.25290651016382,1.25749881528659,
35700,35700,2,11902.873,3,33.2276670514768,30.0544169646011,1.5399320051074,-1.52041409164667,1.26156669265921,-1.25240471355258,1.2569857031059,
35710,35710,2,11906.206,3,33.2268020390349,30.0537888806317,1.54003640636802,-1.51891158893704,1.2614786826745,-1.25309175022687,1.25728521645069,
35720,35720,2,11909.54,3,33.2267707465951,30.054016868407,1.54186207801104,-1.52210341766477,1.26243719988363,-1.25323647775728,1.25783683882046,
35730,35730,2,11912.873,3,33.2269763826278,30.0537352364492,1.54101885855198,-1.52104999870062,1.26203235395397,-1.25376509645909,1.25789872520653,
35740,35740,2,11916.206,3,33.2284806549105,30.0535452466364,1.54128400608897,-1.52009194716811,1.26188371486868,-1.25369385028099,1.25778878257484,
35750,35750,2,11919.54,3,33.2275999962487,30.0522153179466,1.54118193313479,-1.52058750391006,1.26293284976577,-1.2532684221221,1.25810063594394,
35760,35760,2,11922.873,3,33.2271283744781,30.0538358192913,1.54209388419986,-1.52130136266351,1.26161996431133,-1.25276597358506,1.25719296894819,
35770,35770,2,11926.206,3,33.2274033009131,30.0546002488911,1.5405242331326,-1.52100026607513,1.26087779333975,-1.25331126296122,1.25709452815048,
35780,35780,2,11929.54,3,33.2279173909948,30.0542448561824,1.5432795509696,-1.52232842519879,1.26205796532518,-1.25351764404706,1.25778780468612,
35790,35790,2,11932.873,3,33.2272557794114,30.0531362097453,1.54263386502862,-1.5233208425343,1.26108836537724,-1.25371303552634,1.25740070045179,
35800,35800,2,11936.206,3,33.228085029065,30.0532390277616,1.54302585870028,-1.52154127135873,1.26192646257554,-1.2539399988414,1.25793323070847,
35810,35810,2,11939.54,3,33.2281945526041,30.0545980137168,1.54312467202544,-1.52302198112011,1.26231575541796,-1.25367820406149,1.25799697973972,
35820,35820,2,11942.873,3,33.2281364380732,30.053800056503,1.54228433966637,-1.52249755337834,1.26145968369368,-1.25417571658881,1.25781770014124,
35830,35830,2,11946.206,3,33.2276156424686,30.0526288251863,1.54421860352159,-1.52219627052546,1.26183528609403,-1.25423709074746,1.25803618842074,
35840,35840,2,11949.54,3,33.2276670514768,30.0526020030951,1.54102537781,-1.52307655662298,1.26172399304458,-1.25384453827598,1.25778426566028,
35850,35850,2,11952.873,3,33.2280090331399,30.0531943242762,1.54295414686203,-1.52198392897844,1.26202918745717,-1.25350209095981,1.25776563920849,
35860,35860,2,11956.206,3,33.228576767404,30.0525148312986,1.54027817770839,-1.52249298989773,1.26196306355331,-1.25370688879725,1.25783497617528,
35870,35870,2,11959.54,3,33.2278972744264,30.0533641975206,1.54341496527195,-1.52087947353721,1.26169363192816,-1.25313785069505,1.25741574131161,
35880,35880,2,11962.873,3,33.2290349781291,30.0545287233145,1.54155744239688,-1.52182281017303,1.26110699182903,-1.25284895442778,1.2569779731284,
35890,35890,2,11966.206,3,33.2282169043468,30.0547902387039,1.54211102053523,-1.52139104902744,1.26216646440686,-1.2531783632277,1.25767241381728,
35900,35900,2,11969.54,3,33.2290461540004,30.0543029707134,1.54294641688466,-1.52363525703549,1.26282369875828,-1.25329766565141,1.25806068220485,
35910,35910,2,11972.873,3,33.2290126263864,30.0546561282478,1.54009005054832,-1.52046699076891,1.26212390296452,-1.25295270376426,1.25753830336439,
35920,35920,2,11976.206,3,33.228026914534,30.0539341669591,1.54326409101486,-1.52117582038045,1.26189572893009,-1.25353235894397,1.25771404393703,
35930,35930,2,11979.54,3,33.2280962049363,30.0531853835792,1.5412138774991,-1.52286011725664,1.26255119376859,-1.25352211439549,1.25803665408204,
35940,35940,2,11982.873,3,33.2286102950181,30.054099569855,1.5425531193614,-1.52197405695915,1.26223361276557,-1.25394819448019,1.25809090362288,
35950,35950,2,11986.206,3,33.2285968839725,30.0538179378971,1.53820021077991,-1.52229722589254,1.2623905406219,-1.25371350118763,1.25805202090477,
35960,35960,2,11989.54,3,33.2275061189294,30.0539341669591,1.54141522943974,-1.5226099640131,1.26205703400259,-1.25334395238411,1.25770049319335,
35970,35970,2,11992.873,3,33.2289746284238,30.0537933509802,1.54042867943645,-1.52316791936755,1.26251682796504,-1.2538567386019,1.25818678328347,
35980,35980,2,11996.206,3,33.2289276897642,30.0537911158059,1.54102854430676,-1.52124641463161,1.26251012244239,-1.25340271883951,1.25795642064095,
35990,35990,2,11999.54,3,33.2288472234905,30.0539676945731,1.54134053736925,-1.523657143116,1.26242192619317,-1.25355210298287,1.25798701458802,
36000,36000,2,12002.873,3,33.2286706447233,30.0527942280822,1.53849953785539,-1.52113270014524,1.26192357547552,-1.25377738991727,1.25785048269639,
36010,36010,2,12006.206,3,33.227235662843,30.0532993774669,1.54010355472565,-1.52082275599241,1.2624098189995,-1.25405017430374,1.25822999665162,
36020,36020,2,12009.54,3,33.2265651105624,30.0534580748399,1.53921004384756,-1.52157638221979,1.2623245098503,-1.25416528577581,1.25824489781305,
36030,36030,2,12012.873,3,33.2270300268103,30.0533887844376,1.54161248356104,-1.52005460113287,1.26040980373851,-1.25320322954084,1.25680651663968,
36040,36040,2,12016.206,3,33.2270590840757,30.0539118152164,1.53958797454834,-1.52083579450846,1.26165032542775,-1.25317286842442,1.25741159692608,
36050,36050,2,12019.54,3,33.2265829919566,30.0541487436889,1.54218599200249,-1.52080599218607,1.26150969571673,-1.25271512337167,1.2571124095442,
36060,36060,2,12022.873,3,33.2277877508873,30.053317258861,1.53823839500546,-1.52226854115725,1.26238616340573,-1.25284364588902,1.25761490464738,
36070,36070,2,12026.206,3,33.227568703809,30.0543096762362,1.54039384797215,-1.52025809511542,1.26229144789837,-1.2531066513883,1.25769904964334,
36080,36080,2,12029.54,3,33.2277162253107,30.052959630978,1.54175655916333,-1.52076380327344,1.26263491966939,-1.25314548754029,1.25789020360484,
36090,36090,2,12032.873,3,33.2281140863305,30.0548617642805,1.54085867106915,-1.51942018419504,1.26162536598235,-1.252973472258,1.25729941912018,
36100,36100,2,12036.206,3,33.2290528595232,30.0547589462642,1.54047962278128,-1.51991061866283,1.26172688014461,-1.25293584682539,1.257331363485,
36110,36110,2,12039.54,3,33.2295937716962,30.0549601119483,1.54266189783812,-1.521429233253,1.26291375765269,-1.25290371619605,1.25790873692437,
36120,36120,2,12042.873,3,33.2288271069221,30.0534312527487,1.54289919883013,-1.52020370587707,1.26240208902201,-1.25352649161166,1.25796429031683,
36130,36130,2,12046.206,3,33.2276536404312,30.0547455352186,1.54110677540302,-1.5193366445601,1.26120431503963,-1.25315582522103,1.25718007013033,
36140,36140,2,12049.54,3,33.2282191395211,30.0546203654595,1.54153471812606,-1.52124548330903,1.26196986220821,-1.25293510176731,1.25745248198776,
36150,36150,2,12052.873,3,33.228876280756,30.0532949071183,1.54064875096083,-1.52040161192417,1.26168143160224,-1.25347973921766,1.25758058540995,
36160,36160,2,12056.206,3,33.2286639392005,30.0546807151648,1.54339540749788,-1.5187531709671,1.26150196573924,-1.25344397643023,1.25747297108473,
36170,36170,2,12059.54,3,33.2294149577547,30.0550785761846,1.54378013685346,-1.52123495936394,1.26236148335711,-1.25333408036466,1.25784778186088,
36180,36180,2,12062.873,3,33.2294194281033,30.0546181302853,1.54189690947533,-1.52021190151572,1.26183957017794,-1.25379936913039,1.25781946965416,
36190,36190,2,12066.206,3,33.2286997019888,30.0539766352702,1.54167674481869,-1.52086643502116,1.26259235822705,-1.25361301148022,1.25810268485363,
36200,36200,2,12069.54,3,33.2288583993619,30.0540101628842,1.54030276462436,-1.52108762413263,1.26219384529099,-1.25359671333491,1.25789527931295,
36210,36210,2,12072.873,3,33.229533421991,30.0543789666385,1.54260043054819,-1.51908053085208,1.261486412652,-1.25342665383006,1.25745653324103,
36220,36220,2,12076.206,3,33.2286527633292,30.0553959709307,1.54367471113801,-1.52064766734838,1.26198997877615,-1.25313785069505,1.2575639147356,
36230,36230,2,12079.54,3,33.2290550946975,30.0544750791321,1.54256811365485,-1.52064273133874,1.26197880290507,-1.25319223993428,1.25758552141968,
36240,36240,2,12082.873,3,33.2289880394694,30.0543454390245,1.54316006228328,-1.52038866654038,1.26207351841243,-1.25375978792033,1.25791665316638,
36250,36250,2,12086.206,3,33.2300586879441,30.055431733719,1.5433463267982,-1.517722196877,1.26240171649297,-1.25366311663554,1.25803241656426,
36260,36260,2,12089.54,3,33.2295289516424,30.0548885863717,1.54426181688905,-1.52106890454888,1.26188576377838,-1.25317240276312,1.25752908327075,
36270,36270,2,12092.873,3,33.2304051399557,30.0564956766708,1.54274795204401,-1.5204488299787,1.26166718236662,-1.25245155907884,1.25705937072273,
36280,36280,2,12096.206,3,33.2294373094974,30.0558497113072,1.54289891943336,-1.51927527040243,1.26088645463983,-1.25321766504097,1.2570520598404,
36290,36290,2,12099.54,3,33.2299961030645,30.05455778058,1.54298739507794,-1.52106313034892,1.2626033478336,-1.25306613885566,1.25783474334463,
36300,36300,2,12102.873,3,33.2296451807044,30.0562453371527,1.54129061847925,-1.52019402012229,1.26247147255493,-1.25304006182315,1.25775576718904,
36310,36310,2,12106.206,3,33.2296071827418,30.0561626357048,1.54052153229713,-1.51887722313404,1.26235617481835,-1.25247735671457,1.25741676576646,
36320,36320,2,12109.54,3,33.2302218556657,30.0560575825142,1.54189495369792,-1.51987746357918,1.26228399731766,-1.25250175736641,1.25739287734203,
36330,36330,2,12112.873,3,33.2295065998997,30.0564755601024,1.54021512717009,-1.51743618771434,1.26166662357307,-1.25159176206419,1.25662919281863,
36340,36340,2,12116.206,3,33.2284158348567,30.0560329955972,1.53944315388799,-1.51657946407795,1.26090061074319,-1.25265142090655,1.25677601582487,
36350,36350,2,12119.54,3,33.2288583993619,30.0560441714686,1.54087981209159,-1.5195001848042,1.26195859320488,-1.25281598560811,1.2573872894065,
36360,36360,2,12122.873,3,33.2286460578064,30.0565694374217,1.53950173407793,-1.51761490851641,1.26105697980597,-1.25270199172316,1.25687948576456,
36370,36370,2,12126.206,3,33.228967922901,30.0562565130241,1.54035845771432,-1.51767572388053,1.26050861706526,-1.25236299030057,1.25643580368292,
36380,36380,2,12129.54,3,33.2283398389316,30.0566811961351,1.53930010274053,-1.51921296492219,1.26125982186597,-1.25264378406131,1.25695180296364,
36390,36390,2,12132.873,3,33.2287153482087,30.0561849874475,1.5408338047564,-1.52004202827811,1.26058358853372,-1.25205285987826,1.25631822420599,
36400,36400,2,12136.206,3,33.2291936755022,30.0564085048743,1.54093652963638,-1.52037218213081,1.26175491295455,-1.25284774370842,1.25730132833149,
36410,36410,2,12139.54,3,33.229533421991,30.0563705069118,1.54121704399586,-1.52014046907425,1.26199165515681,-1.25251777611495,1.25725471563588,
36420,36420,2,12142.873,3,33.2288047551794,30.0560687583855,1.54087357223034,-1.51933683082461,1.26098806193435,-1.25293826826412,1.25696316509923,
36430,36430,2,12146.206,3,33.2285544156614,30.0568644804251,1.537926774472,-1.51703739538789,1.2613080643761,-1.25249104715663,1.25689955576637,
36440,36440,2,12149.54,3,33.2286997019888,30.0565448505047,1.5386993996799,-1.51875233277678,1.26195887260166,-1.25228895015471,1.25712391137818,
36450,36450,2,12152.873,3,33.2284560679936,30.0559122961867,1.53845585882664,-1.51933971792459,1.26052482207832,-1.25317370661475,1.25684926434653,
36460,36460,2,12156.206,3,33.2286214708894,30.0563258034264,1.5394764021039,-1.51932807639241,1.26067038779906,-1.25292159758977,1.25679599269441,
36470,36470,2,12159.54,3,33.2286773502461,30.0570567054122,1.53880575671792,-1.5175074338913,1.26089865496575,-1.25287549712158,1.25688707604367,
36480,36480,2,12162.873,3,33.2288271069221,30.0559637051949,1.54062006622553,-1.51760540902615,1.25973664377081,-1.25294944413519,1.256343043953,
36490,36490,2,12166.206,3,33.2293031990413,30.0572824580133,1.5400187112391,-1.51868211105466,1.26155998713657,-1.25252075634724,1.2570403717419,
36500,36500,2,12169.54,3,33.2304453730925,30.0569918853584,1.5392679721117,-1.51928029954433,1.26202890806039,-1.25309026011073,1.25755958408556,
36510,36510,2,12172.873,3,33.2303269088563,30.0562676888954,1.54154310002923,-1.52028622105718,1.26077702423556,-1.25261528559007,1.25669615491282,
36520,36520,2,12176.206,3,33.2298508167371,30.0578591329746,1.53996841982007,-1.51668088510633,1.26131700507296,-1.25202175370377,1.25666937938837,
36530,36530,2,12179.54,3,33.2293121397384,30.0568331879853,1.5391762368381,-1.51846585795283,1.26208227284477,-1.2524668327693,1.25727455280704,
36540,36540,2,12182.873,3,33.2306085408141,30.0573495132413,1.53896054252982,-1.51832047849894,1.26130294210186,-1.25230468950647,1.25680381580417,
36550,36550,2,12186.206,3,33.2296317696588,30.057304809756,1.54035445302725,-1.51782166212797,1.26206932746077,-1.25292308770591,1.25749620758334,
36560,36560,2,12189.54,3,33.2302822053709,30.0569225949561,1.53931844979525,-1.51786124333739,1.26165758974395,-1.25228727377405,1.256972431759,
36570,36570,2,12192.873,3,33.2299849271932,30.0567281347947,1.54074439778924,-1.51758557185531,1.26110373219996,-1.25296928130635,1.25703650675316,
36580,36580,2,12196.206,3,33.2297703504634,30.0572735173162,1.5415764413774,-1.51826133951545,1.26153865984927,-1.25310832776896,1.25732349380912,
36590,36590,2,12199.54,3,33.2305012524492,30.056638727824,1.54183208942413,-1.51797858998179,1.26161502830161,-1.25277277223996,1.25719390027078,
36600,36600,2,12202.873,3,33.2299849271932,30.0567951900228,1.54103916138411,-1.51993986219168,1.26074144771264,-1.25274920977845,1.25674532874554,
36610,36610,2,12206.206,3,33.2304654896609,30.0560441714686,1.54180945828557,-1.51996705681086,1.26167798570866,-1.25328937688037,1.25748368129451,
36620,36620,2,12209.54,3,33.2309549928257,30.0574076277723,1.54483988881111,-1.52143146842718,1.26136766902183,-1.25308383398486,1.25722575150335,
36630,36630,2,12212.873,3,33.231448966339,30.0562185150615,1.54324788600206,-1.51924211531878,1.26116482696184,-1.25304872312323,1.25710677504254,
36640,36640,2,12216.206,3,33.2308365285895,30.0575506789255,1.54366139322519,-1.51881715282798,1.26221545197507,-1.25323061042497,1.25772303120002,
36650,36650,2,12219.54,3,33.2306018352913,30.0570701164578,1.54016874730587,-1.52052463963628,1.26160226918213,-1.25272173576206,1.25716200247209,
36660,36660,2,12222.873,3,33.231623309932,30.0566253167784,1.54496068134904,-1.51901310309768,1.26123085773343,-1.25289840765729,1.25706463269536,
36670,36670,2,12226.206,3,33.2299178719651,30.0571103495946,1.54258171096444,-1.52067085728049,1.26185177050386,-1.253142507308,1.25749713890593,
36680,36680,2,12229.54,3,33.230116802475,30.0571036440718,1.54209807515144,-1.52062708511949,1.26196744076948,-1.25287866361839,1.25742305219393,
36690,36690,2,12232.873,3,33.2314891994759,30.0583575768364,1.53958294540644,-1.5190196223557,1.26175146706097,-1.2527549839785,1.25725322551974,
36700,36700,2,12236.206,3,33.230807471324,30.0566029650357,1.54043845832348,-1.51866795495152,1.26169912673144,-1.253041086278,1.25737010650472,
36710,36710,2,12239.54,3,33.2308275878924,30.0579843027336,1.54033750295639,-1.51875019073486,1.26280637615812,-1.25213472313388,1.257470549646,
36720,36720,2,12242.873,3,33.2313908518081,30.0569896501841,1.54225621372461,-1.51969064027071,1.26058256407887,-1.25246999926611,1.25652628167249,
36730,36730,2,12246.206,3,33.231048870145,30.0581832332435,1.54249994084239,-1.51938684284687,1.2623172455341,-1.25293035202211,1.25762379877811,
36740,36740,2,12249.54,3,33.2316680134174,30.0568376583339,1.54276750981808,-1.51999881491065,1.26248218276471,-1.25337897011348,1.25793057643909,
36750,36750,2,12252.873,3,33.2313327372771,30.0573852760296,1.54185080900788,-1.51894055306911,1.26241699018344,-1.253074893288,1.25774594173572,
36760,36760,2,12256.206,3,33.2301033914294,30.0567326051432,1.54253486543894,-1.52017725631595,1.26231994636961,-1.25329822444497,1.25780908540729,
36770,36770,2,12259.54,3,33.2315428436583,30.0578233701863,1.54204228892922,-1.51781029999256,1.26164296797929,-1.25311736159808,1.25738016478869,
36780,36780,2,12262.873,3,33.2309013486433,30.0565180284135,1.53933288529515,-1.5176422894001,1.26057325085298,-1.2529827854839,1.25677801816844,
36790,36790,2,12266.206,3,33.2303649068188,30.0577093762986,1.54262203723192,-1.51631645858288,1.2618339822424,-1.25261845208688,1.25722621716464,
36800,36800,2,12269.54,3,33.2305951297685,30.0572690469677,1.54032120481133,-1.51877962052822,1.26122545606241,-1.25332020365808,1.25727282986025,
36810,36810,2,12272.873,3,33.2300273955043,30.0572511655735,1.5405778773129,-1.51907410472631,1.26078279843562,-1.25302311175202,1.25690295509382,
36820,36820,2,12276.206,3,33.229750233895,30.0568600100766,1.54152056202292,-1.51694733649492,1.26158336333356,-1.25340774798149,1.25749555565753,
36830,36830,2,12279.54,3,33.2310332239251,30.0573539835899,1.54097648337483,-1.51751833036542,1.26300065005029,-1.25259395830277,1.25779730417653,
36840,36840,2,12282.873,3,33.2305973649428,30.0566163760813,1.54040586203337,-1.51814920827746,1.26174671731577,-1.25347899415959,1.25761285573768,
36850,36850,2,12286.206,3,33.2309214652117,30.0575909120623,1.54266990721226,-1.51850795373321,1.26209531136102,-1.25281728945974,1.25745630041038,
36860,36860,2,12289.54,3,33.2313841462853,30.0577697260038,1.54055487364531,-1.51910521090031,1.26158382899486,-1.25275964059145,1.25717173479315,
36870,36870,2,12292.873,3,33.2309192300374,30.0574813885232,1.54278250411153,-1.518764346838,1.26132175481817,-1.25319931798596,1.25726053640206,
36880,36880,2,12296.206,3,33.2303202033335,30.0572981042332,1.53974080458283,-1.5175417996943,1.26103714263481,-1.25311773412712,1.25707743838097,
36890,36890,2,12299.54,3,33.2298508167371,30.0573606891127,1.5420782379806,-1.51930935680866,1.26109609535473,-1.25301445045194,1.25705527290334,
36900,36900,2,12302.873,3,33.2302978515908,30.0573025745817,1.54261384159327,-1.51931177824736,1.26050433298135,-1.25345189267224,1.25697811282679,
36910,36910,2,12306.206,3,33.2306040704656,30.0574433905606,1.54310027137399,-1.51753984391689,1.26178993068392,-1.2526451810452,1.25721755586456,
36920,36920,2,12309.54,3,33.232081520657,30.0565850836415,1.54162282124162,-1.51949804276228,1.26256758504617,-1.25311764099486,1.25784261302051,
36930,36930,2,12312.873,3,33.2317171872513,30.0576177341536,1.54407843947411,-1.51848662644625,1.26175575114488,-1.25313617431439,1.25744596272964,
36940,36940,2,12316.206,3,33.231198626821,30.0566186112556,1.54293226078153,-1.51842078194022,1.26208665006094,-1.25303503268117,1.25756084137105,
36950,36950,2,12319.54,3,33.2304990172749,30.0560195845516,1.54340276494622,-1.51995597407222,1.2619639948759,-1.25389520222485,1.25792959855037,
36960,36960,2,12322.873,3,33.2318781197986,30.0564912063223,1.54216196388006,-1.5187444165349,1.26148902035525,-1.25323414945081,1.25736158490303,
36970,36970,2,12326.206,3,33.2308879375977,30.0572332841794,1.54156666249037,-1.51843838393688,1.26180846400345,-1.25330250852888,1.25755548626616,
36980,36980,2,12329.54,3,33.2301927984002,30.057271282142,1.54104363173246,-1.52066955342889,1.26171821884453,-1.25324718796706,1.25748270340579,
36990,36990,2,12332.873,3,33.2312679172233,30.05622298541,1.5401316806674,-1.51821337640285,1.26153651780731,-1.25315535955973,1.25734593868352,
37000,37000,2,12336.206,3,33.2317082465542,30.0574791533489,1.54215330258012,-1.51775190606713,1.26213852472918,-1.25293687128023,1.2575376980047,
37010,37010,2,12339.54,3,33.2305146634948,30.0566856664836,1.53960017487407,-1.51773048564792,1.26221368246215,-1.25316327580175,1.25768847913195,
37020,37020,2,12342.873,3,33.2317127169027,30.0574746830004,1.54302418231964,-1.51768513023853,1.26141684285456,-1.25269202657145,1.257054434713,
37030,37030,2,12346.206,3,33.2300050437616,30.0584514541557,1.54275326058269,-1.5176460146904,1.26157358444637,-1.253020224652,1.25729690454919,
37040,37040,2,12349.54,3,33.2316031933636,30.0576356155477,1.54110584408045,-1.51798138394952,1.2619213403013,-1.25331806161612,1.25761970095871,
37050,37050,2,12352.873,3,33.230782884407,30.0591689450959,1.54310623183846,-1.51789970695972,1.26187617115571,-1.25269388921663,1.25728503018617,
37060,37060,2,12356.206,3,33.230324673682,30.0573517484156,1.5381783246994,-1.51813914999366,1.2623921238703,-1.25359112539937,1.25799162463484,
37070,37070,2,12359.54,3,33.2314824939531,30.0574657423033,1.54015207663178,-1.51765402406454,1.26212446175807,-1.25316159942108,1.25764303058958,
37080,37080,2,12362.873,3,33.2305861890714,30.0566320223012,1.53906382620335,-1.51719683781266,1.26046819766488,-1.25320583724409,1.25683701745448,
37090,37090,2,12366.206,3,33.2314132035508,30.0577518446097,1.54125588014722,-1.51704540476203,1.26127407110159,-1.25278301678845,1.25702854394502,
37100,37100,2,12369.54,3,33.2304967821007,30.057188580694,1.54037307947874,-1.5181191265583,1.2618022241421,-1.25323126235078,1.25751674324644,
37110,37110,2,12372.873,3,33.2301950335744,30.057821135012,1.5404200181365,-1.51905687525868,1.26141889176426,-1.25293454297376,1.25717671736901,
37120,37120,2,12376.206,3,33.2303716123416,30.0590884788222,1.5381095930934,-1.5169189311564,1.26224339165276,-1.25245127968206,1.25734733566741,
37130,37130,2,12379.54,3,33.2308789969006,30.0584760410727,1.53952995315194,-1.51702174916863,1.26269862213451,-1.25250464446644,1.25760163330048,
37140,37140,2,12382.873,3,33.2297927022061,30.0610755487469,1.54020125046372,-1.51505637913942,1.26033120011196,-1.25150617351822,1.25591868681509,
37150,37150,2,12386.206,3,33.2306666553451,30.0591041250421,1.53929023072124,-1.51371145620942,1.26089036619471,-1.25210305816584,1.25649671218027,
37160,37160,2,12389.54,3,33.2304230213498,30.059244941021,1.54214324429631,-1.51548348367214,1.26209968857719,-1.25269863896184,1.25739916376951,
37170,37170,2,12392.873,3,33.2299648106248,30.0594952805391,1.53777115046978,-1.51683678850532,1.26115625879401,-1.25282641642112,1.25699133760756,
37180,37180,2,12396.206,3,33.22947530746,30.0593634052573,1.54076907783747,-1.51549689471722,1.26142531789012,-1.25251907996658,1.25697219892835,
37190,37190,2,12399.54,3,33.2301682114832,30.0591421230047,1.53920566663146,-1.51672763749957,1.26199500791813,-1.25252271212468,1.2572588600214,
37200,37200,2,12402.873,3,33.2289299249385,30.059086243648,1.54078593477607,-1.51645857840776,1.26072794353509,-1.25268094383263,1.25670444368386,
37210,37210,2,12406.206,3,33.2297055304096,30.0596808000034,1.53740309178829,-1.51672884821892,1.26197004847273,-1.25280136384346,1.2573857061581,
37220,37220,2,12409.54,3,33.2297301173266,30.0580223006962,1.53964972123504,-1.51716796681285,1.26171048886703,-1.25330846899345,1.25750947893024,
37230,37230,2,12412.873,3,33.2309214652117,30.0597702069741,1.53906131163239,-1.51758873835206,1.26116641021024,-1.25286646329247,1.25701643675135,
37240,37240,2,12416.206,3,33.2315115512186,30.0612521275141,1.5394389629364,-1.51421837508678,1.26341611305747,-1.2519695065065,1.25769280978199,
37250,37250,2,12419.54,3,33.2307650030129,30.0606843932499,1.54004665091634,-1.51680111885071,1.26208869897064,-1.25261584438363,1.25735227167713,
37260,37260,2,12422.873,3,33.2314020276794,30.061384002796,1.53916059061885,-1.5141767449677,1.26115653819079,-1.25256322465732,1.25685988142405,
37270,37270,2,12426.206,3,33.2306085408141,30.0591063602164,1.54010187834501,-1.51505703106523,1.26192543812069,-1.25280005999183,1.25736274905626,
37280,37280,2,12429.54,3,33.2310935736304,30.0595086915847,1.53953563421965,-1.51785658672452,1.26135537556365,-1.25237574942005,1.25686556249185,
37290,37290,2,12432.873,3,33.2310086370082,30.0594058735684,1.54138412326574,-1.51608576998115,1.25985045139125,-1.2529823198226,1.25641638560693,
37300,37300,2,12436.206,3,33.2304811358808,30.060360292981,1.53861669823527,-1.51504324749112,1.2611665033425,-1.25268802188431,1.25692726261341,
37310,37310,2,12439.54,3,33.2294797778085,30.0605391069225,1.53900412842631,-1.51575999334455,1.260857024846,-1.25206543273322,1.25646122878961,
37320,37320,2,12442.873,3,33.2312790930946,30.0611649557177,1.53996674343944,-1.51628674939275,1.26094326531779,-1.25220904267653,1.25657615399716,
37330,37330,2,12446.206,3,33.2323050380839,30.0613482400077,1.54113285243511,-1.51511719450355,1.26230877049854,-1.25186929619587,1.2570890333472,
37340,37340,2,12449.54,3,33.2319094122384,30.0599557264384,1.53912277892232,-1.51586411520839,1.26230904989532,-1.25233523688741,1.25732214339136,
37350,37350,2,12452.873,3,33.2316478968489,30.0607983871376,1.53833217918873,-1.51533726602793,1.25991601650155,-1.25179292774353,1.25585447212254,
37360,37360,2,12456.206,3,33.2317909480021,30.0617773934672,1.53933791443706,-1.51364309713244,1.26137828609935,-1.25148661574384,1.2564324509216,
37370,37370,2,12459.54,3,33.2324436188885,30.0609503789879,1.5403269790113,-1.51548674330115,1.26154285080092,-1.25223279140256,1.25688782110174,
37380,37380,2,12462.873,3,33.2328280688627,30.0615628167374,1.54240457341075,-1.51439625769854,1.26079844465512,-1.25187814376047,1.2563382942078,
37390,37390,2,12466.206,3,33.2313729704139,30.0614264711071,1.54173234477639,-1.51507407426834,1.26100259056674,-1.25201514131339,1.25650886594007,
37400,37400,2,12469.54,3,33.2329711200159,30.0616388126626,1.5400554984808,-1.51389027014375,1.26215705804871,-1.25221090532171,1.25718398168521,
37410,37410,2,12472.873,3,33.2312388599578,30.0605167551798,1.54046537354589,-1.51626830920577,1.2611109033839,-1.25288918756365,1.25700004547378,
37420,37420,2,12476.206,3,33.2323519767435,30.0613392993106,1.54028404504061,-1.51589401066303,1.26196343608235,-1.25248415536947,1.25722379572591,
37430,37430,2,12479.54,3,33.2335142673631,30.0618198617783,1.53998704627156,-1.51684945449233,1.26255398773636,-1.25250445820192,1.25752922296914,
37440,37440,2,12482.873,3,33.2339456559969,30.0609615548592,1.54069606214762,-1.51448948308825,1.26201959483449,-1.25273905836222,1.25737932659836,
37450,37450,2,12486.206,3,33.2330493511153,30.0603737040266,1.54257426038384,-1.51604311540723,1.26257047214619,-1.25230813540005,1.25743930377312,
37460,37460,2,12489.54,3,33.2333108665047,30.0615896388287,1.53919365257025,-1.51558211073279,1.26185158423935,-1.25252504043115,1.25718831233525,
37470,37470,2,12492.873,3,33.2356555643123,30.0615739926088,1.5410665422678,-1.51488306000829,1.26130378029219,-1.25255670539919,1.25693024284569,
37480,37480,2,12496.206,3,33.234312224577,30.0614979966837,1.54175832867622,-1.51847265660763,1.26305243158627,-1.2524600341144,1.25775623285033,
37490,37490,2,12499.54,3,33.2337064923502,30.062325011163,1.54049331322312,-1.5160171315074,1.26179514609042,-1.25224219776071,1.25701867192557,
37500,37500,2,12502.873,3,33.2330337048954,30.0609906121247,1.54219316318631,-1.51673508808017,1.26066722130226,-1.25266138605825,1.25666430368026,
37510,37510,2,12506.206,3,33.2336573185163,30.0611895426346,1.54044590890408,-1.51648288592696,1.26172706640913,-1.25249635569539,1.25711171105226,
37520,37520,2,12509.54,3,33.2349671306376,30.0626200541664,1.54246920719743,-1.51752578094602,1.26197097979532,-1.25235777489407,1.2571643773447,
37530,37530,2,12512.873,3,33.2347525539079,30.0621931358812,1.54325300827622,-1.514698471874,1.26085162317498,-1.25268131636167,1.25676646976833,
37540,37540,2,12516.206,3,33.2357337954117,30.0631050869827,1.54030807316303,-1.5171967446804,1.26266090356964,-1.2523055276968,1.25748321563322,
37550,37550,2,12519.54,3,33.2340775312788,30.0622736021548,1.54166147112846,-1.51621391996741,1.26152767024271,-1.25247102372096,1.25699934698183,
37560,37560,2,12522.873,3,33.2345133902611,30.0620657309479,1.54232857748866,-1.5147858299315,1.26100082105382,-1.2521868771989,1.25659384912636,
37570,37570,2,12526.206,3,33.234611737929,30.0618399783467,1.54029503464699,-1.51739250868559,1.26170108250888,-1.25236755378126,1.25703431814507,
37580,37580,2,12529.54,3,33.2347480835593,30.0619495018859,1.54191395267844,-1.51600195094943,1.26239501097033,-1.25281272597905,1.25760386847469,
37590,37590,2,12532.873,3,33.2354409875826,30.0608453257973,1.54225919395685,-1.51640027761459,1.26164939410516,-1.25278655581429,1.25721797495972,
37600,37600,2,12536.206,3,33.2346072675804,30.0625753506811,1.54406642541289,-1.51496520265937,1.26094345158231,-1.25231046370652,1.25662695764442,
37610,37610,2,12539.54,3,33.2359595480129,30.0607112153411,1.54390623793006,-1.51619976386428,1.26187822006541,-1.25228522486435,1.25708172246488,
37620,37620,2,12542.873,3,33.235011834123,30.0608408554487,1.54070667922497,-1.51495672762394,1.26079555755509,-1.25266194485181,1.25672875120345,
37630,37630,2,12546.206,3,33.2349045457581,30.0610353156101,1.54445143416524,-1.51624726131558,1.26222159870416,-1.25223307079934,1.25722733475175,
37640,37640,2,12549.54,3,33.2344843329957,30.0614287062813,1.54157876968384,-1.51627101004124,1.26181908108097,-1.25249421365344,1.2571566473672,
37650,37650,2,12552.873,3,33.2342138769092,30.0605346365739,1.54324853792787,-1.51361348107457,1.26195682369196,-1.25315582522103,1.25755632445649,
37660,37660,2,12556.206,3,33.2354521634539,30.0611358984522,1.54508259147406,-1.51612292975187,1.2622984328178,-1.25254040725388,1.25741942003584,
37670,37670,2,12559.54,3,33.2357315602375,30.0623048945946,1.54530759900808,-1.51634449139237,1.26250518643267,-1.25274706773649,1.25762612708458,
37680,37680,2,12562.873,3,33.2361629488713,30.0614376469784,1.54187334701419,-1.51597708463669,1.26196623005012,-1.25290772088318,1.25743697546665,
37690,37690,2,12566.206,3,33.2336103798567,30.0602261825249,1.54102286323905,-1.51729555800557,1.26326095471406,-1.25300420590346,1.25813258030876,
37700,37700,2,12569.54,3,33.2344284536389,30.0614622338954,1.54340583831072,-1.51752438396215,1.26169055856362,-1.25288602106685,1.25728828981523,
37710,37710,2,12572.873,3,33.2346854986798,30.060901205154,1.54293207451701,-1.51610989123583,1.26208460115124,-1.25275349386236,1.2574190475068,
37720,37720,2,12576.206,3,33.2348106684388,30.061384002796,1.54296681284904,-1.51761006563902,1.26258881920121,-1.25300187759698,1.25779534839909,
37730,37730,2,12579.54,3,33.2337333144414,30.0598350270279,1.54014518484473,-1.51798697188497,1.26190327264306,-1.25262264303853,1.2572629578408,
37740,37740,2,12582.873,3,33.2324883223739,30.0603088839728,1.54266906902194,-1.5159735456109,1.26065967758928,-1.252884996612,1.25677233710064,
37750,37750,2,12586.206,3,33.2335030914918,30.0620366736824,1.53901921585202,-1.51634607464075,1.2621278145194,-1.25232145331308,1.25722463391624,
37760,37760,2,12589.54,3,33.2346229138003,30.0621663137899,1.54088055714965,-1.51368761435151,1.26180892966475,-1.25193076348678,1.25686984657576,
37770,37770,2,12592.873,3,33.2331476987831,30.0616566940567,1.54198361560702,-1.51462648063898,1.2609085269852,-1.25236196584573,1.25663524641546,
37780,37780,2,12596.206,3,33.232747602589,30.0610800190954,1.53919318690896,-1.51463067159057,1.26222476520096,-1.25272657863952,1.25747567192024,
37790,37790,2,12599.54,3,33.2340797664531,30.0626893445688,1.54080567881465,-1.51496268808842,1.2618646227556,-1.25213518879518,1.25699990577539,
37800,37800,2,12602.873,3,33.2333935679526,30.0614957615094,1.54109494760633,-1.51369459927082,1.26139039329302,-1.2521140477724,1.25675222053271,
37810,37810,2,12606.206,3,33.2331141711691,30.0617796286415,1.53936557471752,-1.51466550305486,1.26292204642374,-1.25252355031501,1.25772279836937,
37820,37820,2,12609.54,3,33.2333578051643,30.0613638862275,1.53964376077056,-1.51550574228168,1.26187468103957,-1.25272173576206,1.25729820840081,
37830,37830,2,12612.873,3,33.2335053266661,30.0615471705176,1.54114365577698,-1.5147877857089,1.26182085059389,-1.25293733694153,1.25737909376771,
37840,37840,2,12616.206,3,33.2331588746544,30.0618712707865,1.54035855084658,-1.51646314188838,1.26190941937215,-1.25269835956506,1.25730388946861,
37850,37850,2,12619.54,3,33.2334092141725,30.0614979966837,1.54123920947313,-1.51456734165549,1.26104189238002,-1.25217197603746,1.25660693420874,
37860,37860,2,12622.873,3,33.2336014391596,30.0608117981832,1.53905544430017,-1.51490075513721,1.26019410942678,-1.25248080260815,1.25633745601747,
37870,37870,2,12626.206,3,33.2338093103666,30.0620657309479,1.54028832912445,-1.51387369260192,1.26296134823701,-1.25244103513357,1.25770119168529,
37880,37880,2,12629.54,3,33.2330202938498,30.060992847299,1.53924226760864,-1.51600120589137,1.26200515933436,-1.25294609137387,1.25747562535411,
37890,37890,2,12632.873,3,33.2333376885959,30.0604407592547,1.53906596824527,-1.51427779346704,1.26129502585985,-1.25320471965698,1.25724987275841,
37900,37900,2,12636.206,3,33.2335992039853,30.0622624262835,1.54251819476485,-1.51380533352494,1.26182979129075,-1.25253705449255,1.25718342289165,
37910,37910,2,12639.54,3,33.2342049362121,30.0613482400077,1.54039673507214,-1.51596963405609,1.26211803563221,-1.25239232696214,1.25725518129717,
37920,37920,2,12642.873,3,33.2335947336368,30.0609548493364,1.53975887224078,-1.51459462940693,1.26032235254736,-1.25284308709547,1.25658271982141,
37930,37930,2,12646.206,3,33.2326269031785,30.0605212255283,1.53916338458657,-1.51517065241933,1.26178676418712,-1.25287586965062,1.25733131691887,
37940,37940,2,12649.54,3,33.2328794778709,30.0607581540008,1.53806824237108,-1.51582295075059,1.26148659891651,-1.25286627702795,1.25717643797223,
37950,37950,2,12652.873,3,33.2327297211949,30.0612185999001,1.54008185490966,-1.51525158435106,1.26057129507554,-1.25331862040968,1.25694495774261,
37960,37960,2,12656.206,3,33.232955473796,30.0613527103562,1.5381520614028,-1.5142485499382,1.26229982980168,-1.25272713743307,1.25751348361738,
37970,37970,2,12659.54,3,33.2324369133657,30.0605659290137,1.54128018766642,-1.51516404002905,1.26200376235047,-1.25221910096049,1.25711143165548,
37980,37980,2,12662.873,3,33.2334449769608,30.0615002318579,1.53687801212072,-1.513980794698,1.26031741653763,-1.25269407548115,1.25650574600939,
37990,37990,2,12666.206,3,33.2332438112766,30.0616969271936,1.53863206505775,-1.51445651426911,1.26174010492538,-1.25202566525865,1.25688288509202,
38000,38000,2,12669.54,3,33.2332907499363,30.0612901254767,1.53961014002562,-1.5160514973104,1.2622074426008,-1.25274781279456,1.25747762769768,
38010,38010,2,12672.873,3,33.2336930813046,30.0615292891234,1.5401866286993,-1.51497311890125,1.26089157691407,-1.25277435548836,1.25683296620122,
38020,38020,2,12676.206,3,33.2329465330989,30.0611046060124,1.54053047299385,-1.51520799845457,1.26193819724017,-1.25254525013134,1.25724172368576,
38030,38030,2,12679.54,3,33.2321150482711,30.0612476571656,1.53832333162427,-1.51485968381166,1.26130219704379,-1.25237435243617,1.25683827473998,
38040,38040,2,12682.873,3,33.2329353572276,30.0614465876755,1.53997428715229,-1.51402726769447,1.26067141225391,-1.25278031595294,1.25672586410342,
38050,38050,2,12686.206,3,33.2332080484883,30.0603111191471,1.53919020667672,-1.51451397687197,1.26149330443916,-1.25223465404774,1.25686397924345,
38060,38060,2,12689.54,3,33.2333309830731,30.0604832275658,1.53823168948293,-1.51545694097877,1.26146555102599,-1.25267870865842,1.25707212984221,
38070,38070,2,12692.873,3,33.2329934717586,30.0614063545386,1.54054379090667,-1.51342228055,1.26060892050815,-1.25303112112629,1.25682002081722,
38080,38080,2,12696.206,3,33.2321128130968,30.0616991623678,1.53843639418483,-1.51394475251436,1.26129865801795,-1.25233719266484,1.2568179253414,
38090,38090,2,12699.54,3,33.2331789912229,30.0610017879961,1.53973326086998,-1.51500422507524,1.26193242304012,-1.2515933453126,1.25676288417636,
38100,38100,2,12702.873,3,33.2318222404419,30.0618355079982,1.53901129961014,-1.514632999897,1.26032523964739,-1.25200405857457,1.25616464911098,
38110,38110,2,12706.206,3,33.2327453674148,30.0616052850485,1.54177052900195,-1.51683762669563,1.26144077784511,-1.25230441010969,1.2568725939774,
38120,38120,2,12709.54,3,33.2317574203881,30.0602485342676,1.53858559206128,-1.5156744979322,1.26080468451647,-1.25236410788768,1.25658439620208,
38130,38130,2,12712.873,3,33.2327587784604,30.0610353156101,1.54138933867216,-1.51502713561058,1.26078093579044,-1.2518347441278,1.25630783995912,
38140,38140,2,12716.206,3,33.2315584898782,30.0610800190954,1.5372047200799,-1.5156046487391,1.26191193394315,-1.25252792753118,1.25721993073716,
38150,38150,2,12719.54,3,33.2311583936841,30.06066874703,1.54012339189649,-1.51579482480884,1.26045972262931,-1.25210203371099,1.25628087817015,
38160,38160,2,12722.873,3,33.2314042628537,30.0614108248872,1.53975039720535,-1.51414908468723,1.26104729405104,-1.25237509749424,1.25671119577264,
38170,38170,2,12726.206,3,33.2316076637121,30.0605324013997,1.53836645185947,-1.51540767401457,1.26191947765612,-1.25223986945424,1.25707967355518,
38180,38180,2,12729.54,3,33.2320882261798,30.0607670946979,1.53867788612843,-1.51706300675869,1.26160804338219,-1.25230291999355,1.25695548168787,
38190,38190,2,12732.873,3,33.2321955145447,30.0597992642396,1.5395755879581,-1.51581317186356,1.26125535151754,-1.25300532349056,1.25713033750405,
38200,38200,2,12736.206,3,33.2319362343296,30.0610040231703,1.5379442833364,-1.51752578094602,1.26158364273034,-1.25161821162574,1.25660092717804,
38210,38210,2,12739.54,3,33.2326380790499,30.060244063919,1.54138710349798,-1.51453157886863,1.26178695045163,-1.25232061512275,1.25705378278719,
38220,38220,2,12742.873,3,33.232023406126,30.0613392993106,1.53944892808795,-1.51442810893059,1.26158969632717,-1.25181714213086,1.25670341922902,
38230,38230,2,12746.206,3,33.2327319563692,30.0602574749646,1.54089005663991,-1.51638640090823,1.26182709045524,-1.25203590980713,1.25693150013119,
38240,38240,2,12749.54,3,33.2326112569587,30.0607402726066,1.54158035293221,-1.51542415842414,1.26138312897682,-1.25184489554403,1.25661401226042,
38250,38250,2,12752.873,3,33.2325732589961,30.0602842970559,1.54106533154845,-1.51428701356053,1.26088785162371,-1.25252019755368,1.2567040245887,
38260,38260,2,12756.206,3,33.2327230156721,30.0603737040266,1.53939723968506,-1.51473134756088,1.26192189909485,-1.25247512154035,1.2571985103176,
38270,38270,2,12759.54,3,33.2327453674148,30.0595131619332,1.53924152255058,-1.51692135259509,1.26183454103596,-1.25249253727278,1.25716353915437,
38280,38280,2,12762.873,3,33.2331655801773,30.0603290005412,1.54031924903393,-1.51445139199495,1.26116529262313,-1.25302106284233,1.25709317773273,
38290,38290,2,12766.206,3,33.232747602589,30.0601680679939,1.53886899352074,-1.51573186740279,1.26162313080814,-1.25201597950372,1.25681955515593,
38300,38300,2,12769.54,3,33.2325419665563,30.0596562130864,1.5394052490592,-1.51531202718616,1.26103527998963,-1.25244857884655,1.25674192941809,
38310,38310,2,12772.873,3,33.2329532386217,30.0591577692246,1.54099306091666,-1.51635762304068,1.26162573851139,-1.2525396621958,1.2570827003536,
38320,38320,2,12776.206,3,33.2328571261282,30.0596785648291,1.54126323759556,-1.51719395071268,1.26225950353355,-1.2529110736445,1.25758528858903,
38330,38330,2,12779.54,3,33.2322446883786,30.059810440111,1.54024111106992,-1.51687134057283,1.26187756813959,-1.25302404307461,1.2574508056071,
38340,38340,2,12782.873,3,33.2323564470921,30.0586481494913,1.53887439519167,-1.515918597579,1.26136990419605,-1.25319875919241,1.25728433169423,
38350,38350,2,12786.206,3,33.232405620926,30.0597702069741,1.54010318219662,-1.51592772454023,1.26252195023928,-1.25249970845671,1.257510829348,
38360,38360,2,12789.54,3,33.2325173796394,30.0589677794117,1.53902461752295,-1.5173246152699,1.26174457527381,-1.25288639359588,1.25731548443485,
38370,38370,2,12792.873,3,33.232347506395,30.059761266277,1.54109438881278,-1.51557307690382,1.26106880760286,-1.25253249101187,1.25680064930736,
38380,38380,2,12796.206,3,33.2326537252698,30.0593075259005,1.54257519170642,-1.51839749887586,1.26255203195892,-1.25269444801018,1.25762323998455,
38390,38390,2,12799.54,3,33.2339098932087,30.0600741906746,1.5430505387485,-1.51616102084517,1.26198597408901,-1.25252289838919,1.2572544362391,
38400,38400,2,12802.873,3,33.2327923060744,30.0597679717999,1.53911467641592,-1.51421958580613,1.26142122007073,-1.25245938218859,1.25694030112966,
38410,38410,2,12806.206,3,33.2321217537939,30.0600093706208,1.54290059581399,-1.51543626561761,1.26198392517932,-1.25196866831617,1.25697629674774,
38420,38420,2,12809.54,3,33.2326067866101,30.0599244339986,1.54317189007998,-1.51709644123912,1.262214706917,-1.25235321141338,1.25728395916519,
38430,38430,2,12812.873,3,33.2324816168511,30.0593656404315,1.54146738350391,-1.51495896279812,1.26124482757228,-1.25288117818938,1.25706300288083,
38440,38440,2,12816.206,3,33.2321955145447,30.0592583520666,1.5438636764884,-1.51858609169722,1.26257401117203,-1.25271977998462,1.25764689557833,
38450,38450,2,12819.54,3,33.231714952077,30.0596897407005,1.54049368575215,-1.51731185615063,1.26153335131051,-1.25242911420443,1.25698123275747,
38460,38460,2,12822.873,3,33.232414561623,30.0596070392525,1.5421062707901,-1.51664633303881,1.26174206070282,-1.2531831129729,1.25746258683786,
38470,38470,2,12826.206,3,33.2322245718102,30.0603893502465,1.54179483652115,-1.5181609429419,1.26235095941184,-1.25212429232088,1.25723762586636,
38480,38480,2,12829.54,3,33.2316322506291,30.0583598120107,1.54234226793051,-1.51736661791801,1.2623764776508,-1.25309081890428,1.25773364827754,
38490,38490,2,12832.873,3,33.2311896861239,30.0587509675077,1.53753235936165,-1.51611752808094,1.26168711267004,-1.25318478935356,1.2574359510118,
38500,38500,2,12836.206,3,33.2319608212465,30.0590169532456,1.54193360358477,-1.51610588654876,1.26265783020509,-1.25279428579178,1.25772605799843,
38510,38510,2,12839.54,3,33.2314869643016,30.0590348346398,1.53921516612172,-1.51742184534669,1.26212064333546,-1.2532970137256,1.25770882853053,
38520,38520,2,12842.873,3,33.2318736494501,30.0588336689556,1.53961824253201,-1.5163466334343,1.26218620844576,-1.25356029862166,1.25787325353371,
38530,38530,2,12846.206,3,33.2303961992586,30.0593142314233,1.5380322933197,-1.51614556089044,1.26256823697198,-1.25303158678759,1.25779991187978,
38540,38540,2,12849.54,3,33.2308320582409,30.0584827465955,1.5368327498436,-1.51671580970287,1.26181982613904,-1.25341501229769,1.25761741921837,
38550,38550,2,12852.873,3,33.2300430417242,30.0588090820387,1.53796738013625,-1.51643324643373,1.26222727977196,-1.25359289491229,1.25791008734212,
38560,38560,2,12856.206,3,33.2306174815112,30.0586906178024,1.53605677187443,-1.51755334809422,1.26226769917234,-1.25307303064282,1.25767036490758,
38570,38570,2,12859.54,3,33.231048870145,30.0590035422,1.53951104730368,-1.51645801961422,1.26132352433109,-1.25361133509956,1.25746742971533,
38580,38580,2,12862.873,3,33.2308007658012,30.0597076220946,1.53822917491198,-1.51650980114937,1.26061385651788,-1.25290455438638,1.25675920545213,
38590,38590,2,12866.206,3,33.2316166044092,30.0591577692246,1.54152661561966,-1.51814930140972,1.26185791723295,-1.25307442762671,1.25746617242983,
38600,38600,2,12869.54,3,33.2310265184023,30.0592829389836,1.53971863910556,-1.51778031140566,1.26121679476233,-1.25243246696575,1.25682463086404,
38610,38610,2,12872.873,3,33.2316993058571,30.059452812228,1.53719205409288,-1.51522634550929,1.26195132888868,-1.25254813723137,1.25724973306003,
38620,38620,2,12876.206,3,33.2307202995275,30.0598484380735,1.53858922421932,-1.51701364666224,1.26254877232986,-1.2522873669063,1.25741806961808,
38630,38630,2,12879.54,3,33.2311092198502,30.0593768163029,1.5400217846036,-1.51663171127439,1.26244660624179,-1.25286255173759,1.25765457898969,
38640,38640,2,12882.873,3,33.2308722913778,30.0590549512082,1.53766442090273,-1.51498438790441,1.26202201627323,-1.25265477366787,1.25733839497055,
38650,38650,2,12886.206,3,33.2313439131484,30.0595399840245,1.54059873893857,-1.51755614206195,1.2625647910784,-1.25230627275487,1.25743553191663,
38660,38660,2,12889.54,3,33.2308275878924,30.0589968366772,1.54073545709252,-1.51693699881434,1.26187645055249,-1.252950096061,1.25741327330675,
38670,38670,2,12892.873,3,33.2311136901988,30.0596226854724,1.54110388830304,-1.5179350040853,1.26166029057946,-1.25291377448001,1.25728703252974,
38680,38680,2,12896.206,3,33.2319339991553,30.0587599082048,1.54032409191132,-1.5164477750659,1.26203691743466,-1.25329375409654,1.2576653357656,
38690,38690,2,12899.54,3,33.2317238927741,30.0582301719031,1.54106188565493,-1.51995029300451,1.26153344444277,-1.25369059065193,1.25761201754735,
38700,38700,2,12902.873,3,33.2318714142758,30.0586906178024,1.54195865616202,-1.51726715266705,1.26172725267365,-1.25341138013959,1.25756931640662,
38710,38710,2,12906.206,3,33.2312075675181,30.058670501234,1.54356891289353,-1.51703786104918,1.2620617837478,-1.25299153991624,1.25752666183202,
38720,38720,2,12909.54,3,33.2312679172233,30.0592650575894,1.53872463852167,-1.51809137314558,1.26146787933246,-1.2529349155028,1.25720139741763,
38730,38730,2,12912.873,3,33.2300899803838,30.0589387221462,1.54033005237579,-1.51507239788771,1.2618038073905,-1.25244904450784,1.25712642594917,
38740,38740,2,12916.206,3,33.230624187034,30.0588023765159,1.5367878600955,-1.51754766702652,1.26242602401256,-1.25336583846496,1.25789593123876,
38750,38750,2,12919.54,3,33.2299536347534,30.0585050983382,1.53977740556002,-1.51569517329335,1.26227757119179,-1.25311531268838,1.25769644194009,
38760,38760,2,12922.873,3,33.2303470254247,30.05882025791,1.53773203492165,-1.51551403105259,1.26161940551778,-1.25263698540641,1.25712819546209,
38770,38770,2,12926.206,3,33.2295021295512,30.0584000451475,1.53619199991226,-1.51459574699402,1.26159798509822,-1.25256722934445,1.25708260722134,
38780,38780,2,12929.54,3,33.2308253527181,30.0582145256833,1.5395175665617,-1.51764946058393,1.26217279740047,-1.25333501168725,1.25775390454386,
38790,38790,2,12932.873,3,33.2299603402762,30.0586392087943,1.53698306530714,-1.51545293629169,1.26096068105021,-1.25280099131442,1.25688083618232,
38800,38800,2,12936.206,3,33.2292607307302,30.0598707898162,1.53840063139796,-1.51547035202384,1.26230253063719,-1.2524262271044,1.2573643788708,
38810,38810,2,12939.54,3,33.2298642277827,30.0592829389836,1.53635069727898,-1.51748275384307,1.26137111491541,-1.25222403697022,1.25679757594282,
38820,38820,2,12942.873,3,33.2298150539488,30.0589878959801,1.53796998783946,-1.51709709316492,1.26147467798737,-1.25335764282618,1.25741616040677,
38830,38830,2,12946.206,3,33.2303067922879,30.0593701107801,1.53750609606504,-1.51800876483321,1.2626782261698,-1.25259693853506,1.25763758235243,
38840,38840,2,12949.54,3,33.2299513995792,30.0590661270795,1.53745198622346,-1.51645038276911,1.26235440530543,-1.25259991876735,1.25747716203639,
38850,38850,2,12952.873,3,33.228958982204,30.0588873131381,1.53836878016591,-1.51562569662929,1.26133125430858,-1.25238282747173,1.25685704089016,
38860,38860,2,12956.206,3,33.2292115568963,30.0591018898678,1.53712127357721,-1.51480529457331,1.26162490032106,-1.25199306896802,1.25680898464454,
38870,38870,2,12959.54,3,33.2292294382904,30.0589968366772,1.53906289488077,-1.51640214025974,1.26081148317137,-1.25209635264319,1.25645391790728,
38880,38880,2,12962.873,3,33.2300564527698,30.0585967404832,1.53651284053922,-1.51516040787101,1.26170313141858,-1.25222478202829,1.25696395672343,
38890,38890,2,12966.206,3,33.2294820129828,30.0587442619849,1.53843536973,-1.51626570150256,1.26183174706819,-1.25218184805691,1.25700679756255,
38900,38900,2,12969.54,3,33.2295267164682,30.0586325032715,1.5367922373116,-1.51733849197626,1.26104030913162,-1.25189658394774,1.25646844653968,
38910,38910,2,12972.873,3,33.229209321722,30.0590437753369,1.53745757415891,-1.51585703715682,1.26111732950977,-1.25254878915718,1.25683305933348,
38920,38920,2,12976.206,3,33.229300963867,30.0588247282586,1.53481429442763,-1.5167192555964,1.261923389211,-1.25281673066619,1.25737005993859,
38930,38930,2,12979.54,3,33.2286102950181,30.0590840084737,1.53630282729864,-1.51481134817004,1.26071592947369,-1.25205509505248,1.25638551226308,
38940,38940,2,12982.873,3,33.2292741417758,30.0580781800529,1.53515553101897,-1.51719925925136,1.26158746115296,-1.25285165526329,1.25721955820813,
38950,38950,2,12986.206,3,33.2290372133034,30.0585274500808,1.53565732762218,-1.51707669720054,1.26181880168419,-1.25277854644002,1.25729867406211,
38960,38960,2,12989.54,3,33.2287041723374,30.058612386703,1.53584582731128,-1.51812229305506,1.2613548167701,-1.25240164018804,1.25687822847907,
38970,38970,2,12992.873,3,33.2283890127655,30.0589722497603,1.53535418212414,-1.51573857292533,1.26134820437971,-1.25226752973515,1.25680786705743,
38980,38980,2,12996.206,3,33.2291824996308,30.0584782762469,1.5364701859653,-1.51609443128109,1.26260874950462,-1.2524085319752,1.25750864073991,
38990,38990,2,12999.54,3,33.227727401182,30.0586280329229,1.53545634821057,-1.51689285412431,1.26134475848613,-1.25236764691352,1.25685620269983,
39000,39000,2,13002.873,3,33.2296518862272,30.0578367812319,1.54020236805081,-1.51516450569034,1.26141647032552,-1.2529147058026,1.25716558806406,
39010,39010,2,13006.206,3,33.2296183586132,30.0585274500808,1.53860747814178,-1.51710053905845,1.26164641387288,-1.25196401170322,1.25680521278805,
39020,39020,2,13009.54,3,33.2298731684798,30.0574568016062,1.53881181031466,-1.51727702468634,1.26053180699774,-1.25212568930476,1.25632874815125,
39030,39030,2,13012.873,3,33.2294462501945,30.0583687527078,1.53981959447265,-1.51760568842292,1.26150401464894,-1.25234846166818,1.25692623815856,
39040,39040,2,13016.206,3,33.2297010600611,30.0589834256316,1.53820812702179,-1.51809565722942,1.26159081391428,-1.25226911298355,1.25692996344892,
39050,39050,2,13019.54,3,33.2291333257969,30.0587196750679,1.53670562431216,-1.51868108659983,1.26109190440308,-1.25189732900582,1.25649461670445,
39060,39060,2,13022.873,3,33.2293747246179,30.0575059754401,1.53741855174303,-1.5170588158071,1.26215016626154,-1.25271083928776,1.25743050277465,
39070,39070,2,13026.206,3,33.2296027123933,30.0589789552831,1.53854982927442,-1.51842776685953,1.26241959788669,-1.25230813540005,1.25736386664337,
39080,39080,2,13029.54,3,33.2283197223632,30.0581988794634,1.53829585760832,-1.51908053085208,1.26116175359729,-1.25255763672178,1.25685969515954,
39090,39090,2,13032.873,3,33.2292942583442,30.0577227873442,1.53733557090163,-1.51716116815805,1.26127770325969,-1.2528527728504,1.25706523805504,
39100,39100,2,13036.206,3,33.2294283688003,30.0588850779638,1.53781762346625,-1.51750920340419,1.26206262193813,-1.25214841357595,1.25710551775704,
39110,39110,2,13039.54,3,33.2302442074083,30.0578166646635,1.53726497665048,-1.51971038430929,1.26231799059218,-1.25278934978205,1.25755367018711,
39120,39120,2,13042.873,3,33.2298374056915,30.0578837198915,1.5394507907331,-1.51844453066587,1.26194611348218,-1.25303447388761,1.2574902936849,
39130,39130,2,13046.206,3,33.2295736551278,30.058004419302,1.53822861611843,-1.51691045612097,1.26202052615708,-1.25234557456815,1.25718305036262,
39140,39140,2,13049.54,3,33.2299469292306,30.058154175978,1.53708504512906,-1.51885394006968,1.26141255877065,-1.25285919897627,1.25713587887346,
39150,39150,2,13052.873,3,33.2295378923395,30.0570879978519,1.53858428820968,-1.51603287085891,1.26170918501541,-1.2528548217601,1.25728200338775,
39160,39160,2,13056.206,3,33.2302531481054,30.0576669079875,1.53974164277315,-1.51747642084956,1.26238355570248,-1.25206897175906,1.25722626373077,
39170,39170,2,13059.54,3,33.2295513033851,30.0576669079875,1.54049834236503,-1.51820182800293,1.26148408434552,-1.25213844842424,1.25681126638488,
39180,39180,2,13062.873,3,33.2298396408657,30.0567460161889,1.53849180787802,-1.51697145774961,1.26110270774512,-1.25327782848026,1.25719026811269,
39190,39190,2,13066.206,3,33.2306264222082,30.0572668117934,1.53800062835217,-1.51860006153584,1.26296786749514,-1.25277118899156,1.25786952824335,
39200,39200,2,13069.54,3,33.2283778368942,30.0569494170473,1.5387486666441,-1.51750864461064,1.2607560694773,-1.25270301617801,1.25672954282765,
39210,39210,2,13072.873,3,33.2284068941596,30.0571729344741,1.54014257714152,-1.51933440938592,1.26135993904434,-1.25339759656527,1.2573787678048,
39220,39220,2,13076.206,3,33.2289388656355,30.0572489303993,1.53557704761624,-1.51825761422515,1.26200879149246,-1.25252159453757,1.25726519301501,
39230,39230,2,13079.54,3,33.228476184562,30.0570075315783,1.53653612360358,-1.51930637657642,1.26138014874453,-1.25235293201661,1.25686654038057,
39240,39240,2,13082.873,3,33.228958982204,30.0578010184436,1.53758805245161,-1.5156576409936,1.26115160218106,-1.25186026236675,1.25650593227391,
39250,39250,2,13086.206,3,33.2280582069738,30.0574523312577,1.54056828469038,-1.51764247566462,1.26181237555833,-1.25242222241727,1.2571172989878,
39260,39260,2,13089.54,3,33.2289522766812,30.0583978099733,1.53999142348766,-1.51942847296596,1.26122620112049,-1.251672973394,1.25644958725724,
39270,39270,2,13092.873,3,33.228326427886,30.0571461123829,1.53891425579786,-1.51840001344681,1.26132650456338,-1.25233560941644,1.25683105698991,
39280,39280,2,13096.206,3,33.228717583383,30.0567996603713,1.53712909668684,-1.51960831135511,1.26171915016712,-1.2523211739163,1.25702016204171,
39290,39290,2,13099.54,3,33.2290863871373,30.0562788647667,1.5400018543005,-1.51863982900977,1.26142298958365,-1.25288592793459,1.25715445875912,
39300,39300,2,13102.873,3,33.2297927022061,30.0567460161889,1.54006602242589,-1.51799423620105,1.2619921208181,-1.25270599641029,1.2573490586142,
39310,39310,2,13106.206,3,33.2306040704656,30.0549467009027,1.54127422720194,-1.51984021067619,1.26259897061743,-1.25290669642833,1.25775283352288,
39320,39320,2,13109.54,3,33.2297412931979,30.0563280386007,1.53966415673494,-1.52070177718997,1.26254914485889,-1.25336406895204,1.25795660690547,
39330,39330,2,13112.873,3,33.2298172891231,30.0563570958661,1.53908589854836,-1.51733998209238,1.26290686586553,-1.25300672047445,1.25795679316999,
39340,39340,2,13116.206,3,33.2294931888541,30.0558295947388,1.54052590951324,-1.51822539046407,1.26270188176357,-1.25279177122079,1.25774682649218,
39350,39350,2,13119.54,3,33.2289634525525,30.0554116171506,1.53632210567594,-1.51829123497009,1.26152245483621,-1.25308653482037,1.25730449482829,
39360,39360,2,13122.873,3,33.2302375018855,30.0559547644978,1.53933968394995,-1.51847880333662,1.26226695411427,-1.25328006365447,1.25777350888437,
39370,39370,2,13126.206,3,33.2291042685314,30.0550808113588,1.53974145650864,-1.52146639302373,1.26202006049579,-1.25378903144964,1.25790454597272,
39380,39380,2,13129.54,3,33.2298932850482,30.0558832389212,1.53929209336638,-1.52039956301451,1.26180455244858,-1.25321356722158,1.25750905983508,
39390,39390,2,13132.873,3,33.2295490682108,30.0553490322711,1.54041405767202,-1.52014186605811,1.26182625226491,-1.25373566666526,1.25778095946509,
39400,39400,2,13136.206,3,33.2294976592027,30.0561358136136,1.53701435774565,-1.51971448212862,1.26222243689449,-1.25336900496177,1.25779572092813,
39410,39410,2,13139.54,3,33.2290416836519,30.0556194883575,1.53903570026159,-1.51819810271263,1.26173963926409,-1.25241654134947,1.25707809030678,
39420,39420,2,13142.873,3,33.2284024238111,30.0542850893193,1.53760174289346,-1.5179087407887,1.26147076643249,-1.25326749079951,1.257369128616,
39430,39430,2,13146.206,3,33.2278056322814,30.0563950938287,1.53843183070421,-1.51806641370058,1.26106694495768,-1.25270785905547,1.25688740200657,
39440,39440,2,13149.54,3,33.2283756017199,30.0551545721097,1.53878852725029,-1.51971522718668,1.26086726939449,-1.25294627763839,1.25690677351644,
39450,39450,2,13152.873,3,33.2279173909948,30.0553646784909,1.53821501880884,-1.5171523205936,1.26176096655139,-1.25248899824693,1.25712498239916,
39460,39460,2,13156.206,3,33.2271797834862,30.0562654537211,1.53674865141511,-1.51798781007528,1.26234844484085,-1.25265803329693,1.25750323906889,
39470,39470,2,13159.54,3,33.2276983439165,30.056073228734,1.53935495764017,-1.51724489405751,1.26142084754169,-1.25174403330758,1.25658244042464,
39480,39480,2,13162.873,3,33.228210198824,30.0554160874991,1.53804905712605,-1.51714785024524,1.26164352677285,-1.2527695126109,1.25720651969187,
39490,39490,2,13166.206,3,33.2271999000547,30.053766528889,1.53617663308978,-1.51867046952248,1.26203803502177,-1.25328555845775,1.25766179673976,
39500,39500,2,13169.54,3,33.2272468387143,30.055648545623,1.53856435790658,-1.51873147115111,1.26197116605984,-1.25250138483738,1.25723627544861,
39510,39510,2,13172.873,3,33.2273675381248,30.0545846026712,1.53545457869768,-1.51823759078979,1.26097316077291,-1.25283656783734,1.25690486430513,
39520,39520,2,13176.206,3,33.2276491700826,30.0536301832586,1.53670767322183,-1.51807637885213,1.26156529567533,-1.25282073535332,1.25719301551432,
39530,39530,2,13179.54,3,33.2284717142134,30.0535564225077,1.53855346143246,-1.51870073750615,1.26208413548995,-1.2528756833861,1.25747990943803,
39540,39540,2,13182.873,3,33.2286974668145,30.0550249320021,1.53813268989325,-1.51784513145685,1.26269312733123,-1.25313310094984,1.25791311414054,
39550,39550,2,13186.206,3,33.2262231288993,30.0549802285168,1.53526095673442,-1.51906386017799,1.26223938696562,-1.25317137830827,1.25770538263695,
39560,39560,2,13189.54,3,33.2275418817177,30.0550852817074,1.53649859130383,-1.51879638433456,1.26131197593098,-1.25271735854588,1.25701466723843,
39570,39570,2,13192.873,3,33.2263818262724,30.0547522407414,1.5366243198514,-1.51882451027632,1.26183780066502,-1.25228848449341,1.25706314257922,
39580,39580,2,13196.206,3,33.227418947133,30.0551456314126,1.53840035200119,-1.51803661137819,1.26153512082343,-1.25274520509131,1.25714016295737,
39590,39590,2,13199.54,3,33.2266098140478,30.0547455352186,1.5385108999908,-1.52039872482419,1.26061609169209,-1.25229761145479,1.25645685157344,
39600,39600,2,13202.873,3,33.2278346895469,30.0547522407414,1.53662255033851,-1.51996351778507,1.26130499101156,-1.25257784642198,1.25694141871677,
39610,39610,2,13206.206,3,33.2266835747986,30.0549936395624,1.53585001826286,-1.51783972978592,1.26157991743998,-1.25303307690373,1.25730649717186,
39620,39620,2,13209.54,3,33.2276759921739,30.0547857683554,1.53604177758098,-1.52072682976723,1.26116315058118,-1.25217290736005,1.25666802897061,
39630,39630,2,13212.873,3,33.2260443149579,30.0554563206359,1.53597397729754,-1.51923326775432,1.26045255144537,-1.2521952591022,1.25632390527379,
39640,39640,2,13216.206,3,33.2263415931356,30.0542314451368,1.53542449697852,-1.51957217603922,1.26064617341173,-1.25269817330054,1.25667217335614,
39650,39650,2,13219.54,3,33.2272311924944,30.0561179322194,1.5388005413115,-1.51862762868404,1.26178825430326,-1.25254124544421,1.25716474987373,
39660,39660,2,13222.873,3,33.2272826015026,30.0554786723786,1.53732607141137,-1.51916472241282,1.26159388727883,-1.25231307140978,1.2569534793443,
39670,39670,2,13226.206,3,33.2265628753881,30.0544437866923,1.5351147390902,-1.5188149176538,1.26148771650362,-1.2532564080607,1.25737206228216,
39680,39680,2,13229.54,3,33.2269093273998,30.0546024840654,1.53760788962245,-1.5204856172204,1.26114033317773,-1.25242743782377,1.25678388550075,
39690,39690,2,13232.873,3,33.2263348876128,30.0549534064255,1.53531432151794,-1.51686100289226,1.26160571507571,-1.25222683093799,1.25691627300685,
39700,39700,2,13236.206,3,33.2264600573718,30.0554786723786,1.53396343812346,-1.51659110561013,1.26208366982865,-1.25177681586273,1.25693024284569,
39710,39710,2,13239.54,3,33.2267908631635,30.0541129809006,1.53513867408037,-1.51934381574392,1.26125842488208,-1.25264220081291,1.2569503128475,
39720,39720,2,13242.873,3,33.2269339143167,30.0550092857822,1.53726488351822,-1.51704866439104,1.26227440469499,-1.25269444801018,1.25748442635258,
39730,39730,2,13246.206,3,33.2261605440198,30.0546516578993,1.53772328048944,-1.51964360848069,1.26206448458331,-1.25265868522274,1.25736158490303,
39740,39740,2,13249.54,3,33.2263550041812,30.0537955861545,1.53801208361983,-1.51862744241953,1.26103677010578,-1.25277258597544,1.25690467804061,
39750,39750,2,13252.873,3,33.2259236155474,30.0539811056187,1.53618818148971,-1.51884267106652,1.26204716198314,-1.25274064161062,1.25739390179688,
39760,39760,2,13256.206,3,33.226095723966,30.0535765390761,1.53456991538405,-1.51864560320973,1.26198522903094,-1.25253686822804,1.25726104862949,
39770,39770,2,13259.54,3,33.2273988305646,30.0544884901777,1.53907407075167,-1.52099104598165,1.2615764715464,-1.25252494729889,1.25705070942265,
39780,39780,2,13262.873,3,33.2259996114725,30.0541800361286,1.53894806280732,-1.51915904134512,1.26144543445806,-1.25271111868453,1.2570782765713,
39790,39790,2,13266.206,3,33.2266679285788,30.0549601119483,1.53783019632101,-1.51901757344604,1.26184674136188,-1.25194277754818,1.25689475945503,
39800,39800,2,13269.54,3,33.2265651105624,30.0547835331811,1.53746139258146,-1.52116399258375,1.26102019256368,-1.25218808791826,1.25660414024097,
39810,39810,2,13272.873,3,33.2277050494393,30.0536212425615,1.53633914887905,-1.51939420029521,1.2623515182054,-1.25252895198603,1.25744023509571,
39820,39820,2,13276.206,3,33.2268378018232,30.0539341669591,1.5361906029284,-1.51944663375616,1.26222318195256,-1.25192992529645,1.25707655362451,
39830,39830,2,13279.54,3,33.226603108525,30.0527249376799,1.53504721820354,-1.51962982490659,1.26083057528446,-1.25325612866392,1.25704335197419,
39840,39840,2,13282.873,3,33.2276804625224,30.0521840255069,1.53864063322544,-1.51959592476487,1.26195915199843,-1.2533948025975,1.25767697729797,
39850,39850,2,13286.206,3,33.2259973762982,30.0534044306575,1.5377695672214,-1.51823423802853,1.26094680434363,-1.25288564853781,1.25691622644072,
39860,39860,2,13289.54,3,33.2266835747986,30.0550338726992,1.53832510113716,-1.5206465497613,1.26055061971405,-1.25242753095603,1.25648907533504,
39870,39870,2,13292.873,3,33.2278011619329,30.0541889768257,1.53559874743223,-1.52119807898998,1.26210052676752,-1.25322967910238,1.25766510293495,
39880,39880,2,13296.206,3,33.2284560679936,30.053800056503,1.54102556407452,-1.52101591229439,1.26257708453658,-1.25310255356891,1.25783981905274,
39890,39890,2,13299.54,3,33.2277497529247,30.0545309584888,1.53784537687898,-1.52032114565372,1.26138610920911,-1.25225840277377,1.25682225599144,
39900,39900,2,13302.873,3,33.2272200166231,30.0525327126928,1.53706781566143,-1.51877207681537,1.26190140999788,-1.25267628721969,1.25728884860879,
39910,39910,2,13306.206,3,33.2278324543726,30.0531697373593,1.53729822486639,-1.52063444256783,1.26264721312757,-1.25282222546946,1.25773471929852,
39920,39920,2,13309.54,3,33.2283510148029,30.0524209539793,1.53760612010956,-1.52054419741035,1.26261172973691,-1.25296434529662,1.25778803751677,
39930,39930,2,13312.873,3,33.2277542232732,30.0542783837965,1.54034402221441,-1.52073334902525,1.26214802421959,-1.25253752015385,1.25734277218672,
39940,39940,2,13316.206,3,33.2274904727096,30.0537821751089,1.53890736401081,-1.51928924024105,1.26251887687473,-1.25301603370034,1.25776745528754,
39950,39950,2,13319.54,3,33.2277586936218,30.0530535082973,1.53680555522442,-1.52005003765225,1.2624524735741,-1.25254906855396,1.25750077106403,
39960,39960,2,13322.873,3,33.2266858099729,30.0531563263137,1.53591791167855,-1.51835465803742,1.26238299690892,-1.25286925726023,1.25762612708458,
39970,39970,2,13326.206,3,33.2277676343189,30.0528523426132,1.53968958184123,-1.52117507532239,1.26306547010252,-1.25319596522464,1.25813071766358,
39980,39980,2,13329.54,3,33.2283778368942,30.053683827441,1.53859509155154,-1.52283245697618,1.26200031645689,-1.25338148468447,1.25769090057068,
39990,39990,2,13332.873,3,33.2279509186089,30.0529149274927,1.54163734987378,-1.51990726590157,1.26204967655414,-1.25332839929687,1.2576890379255,
40000,40000,2,13336.206,3,33.2283800720684,30.0530155103348,1.54062546789646,-1.52216199785471,1.26241065718983,-1.25336248570364,1.25788657144674,
40010,40010,2,13339.54,3,33.2278257488498,30.0521840255069,1.53912222012877,-1.52184721082449,1.26221731462025,-1.25320453339246,1.25771092400635,
40020,40020,2,13342.873,3,33.2283890127655,30.0527852873851,1.53748374432325,-1.52020920068026,1.26240870141239,-1.25321068012155,1.25780969076697,
40030,40030,2,13346.206,3,33.2277296363563,30.0532367925873,1.53947230428457,-1.52054307982326,1.26317490050679,-1.25284103818577,1.25800796934628,
40040,40040,2,13349.54,3,33.2274412988757,30.0532613795043,1.53988134115934,-1.52269275858998,1.26197749905345,-1.25335456946163,1.25766603425754,
40050,40050,2,13352.873,3,33.2277251660078,30.0520990888847,1.53808547183871,-1.51981879025698,1.26209428690617,-1.25312127315296,1.25760778002957,
40060,40060,2,13356.206,3,33.2283197223632,30.0533329050809,1.53726665303111,-1.52036193758249,1.26241922535766,-1.25368463018736,1.25805192777251,
40070,40070,2,13359.54,3,33.2271283744781,30.0535318355908,1.53949502855539,-1.52061237022281,1.26160292110794,-1.25285994403434,1.25723143257114,
40080,40080,2,13362.873,3,33.2284091293339,30.0545488398829,1.53895346447825,-1.51887545362115,1.26238215871859,-1.25257160656063,1.25747688263961,
40090,40090,2,13366.206,3,33.2289455711583,30.0528948109243,1.53831774368882,-1.52216218411922,1.26276707434484,-1.25393804306396,1.2583525587044,
40100,40100,2,13369.54,3,33.2283063113176,30.0517459313503,1.53760565444827,-1.52159901335835,1.2622609936497,-1.25389501596033,1.25807800480501,
40110,40110,2,13372.873,3,33.2274569450955,30.0527696411652,1.53653835877776,-1.52134764939547,1.26188185222351,-1.25329300903846,1.25758743063098,
40120,40120,2,13376.206,3,33.2277832805387,30.0533105533382,1.53829837217927,-1.51721388101578,1.26361727873681,-1.25298557945167,1.25830142909424,
40130,40130,2,13379.54,3,33.227269190457,30.0529730420237,1.53792211785913,-1.52198700234294,1.26203375093785,-1.25307666280092,1.25755520686939,
40140,40140,2,13382.873,3,33.2276111721201,30.0542739134479,1.53662916272879,-1.51886902749538,1.26227356650466,-1.25220475859261,1.25723916254863,
40150,40150,2,13386.206,3,33.2282884299234,30.0537285309264,1.53895597904921,-1.51847079396248,1.26329587931117,-1.25260764874484,1.257951764028,
40160,40160,2,13389.54,3,33.2277721046674,30.0538849931252,1.5360371209681,-1.52005506679416,1.26238383509925,-1.25252820692795,1.2574560210136,
40170,40170,2,13392.873,3,33.2278592764639,30.0533306699066,1.5400467440486,-1.51924714446068,1.2619249724594,-1.25295000292875,1.25743748769407,
40180,40180,2,13396.206,3,33.2274994134066,30.0528098743021,1.53529113158584,-1.52065847069025,1.26248171710341,-1.25311857231745,1.25780014471043,
40190,40190,2,13399.54,3,33.2267238079355,30.0538939338223,1.53934629634023,-1.52142308652401,1.26130256957283,-1.25290921099932,1.25710589028608,
40200,40200,2,13402.873,3,33.2269517957109,30.0536905329638,1.53748849406838,-1.52015602216125,1.26198476336965,-1.25286637016021,1.25742556676493,
40210,40210,2,13406.206,3,33.2264555870233,30.0539744000959,1.53630888089538,-1.51812750846148,1.26211226143215,-1.25204149774267,1.25707687958741,
40220,40220,2,13409.54,3,33.2259303210702,30.0526601176261,1.53718227520585,-1.52163347229362,1.26123719072704,-1.25326469683174,1.25725094377939,
40230,40230,2,13412.873,3,33.2269160329226,30.0541621547345,1.53614049777389,-1.52004323899746,1.26197517074697,-1.25259535528666,1.25728526301682,
40240,40240,2,13416.206,3,33.2269540308851,30.0533552568236,1.53455194085836,-1.52018424123526,1.26166932440858,-1.2528829477023,1.25727613605544,
40250,40250,2,13419.54,3,33.2264041780151,30.0530892710856,1.53612401336432,-1.51912681758404,1.26070289095744,-1.2529786876645,1.25684078931097,
40260,40260,2,13422.873,3,33.2265338181227,30.053766528889,1.53743317350745,-1.51824522763491,1.26233391620846,-1.25248154766622,1.25740773193734,
40270,40270,2,13426.206,3,33.2269406198395,30.0533932547861,1.53515543788671,-1.51921948418021,1.26193819724017,-1.25257766015746,1.25725792869881,
40280,40280,2,13429.54,3,33.2268355666489,30.0530400972517,1.53828924521804,-1.5189585275948,1.26158718175618,-1.25340262570725,1.25749490373172,
40290,40290,2,13432.873,3,33.2269562660594,30.0535273652422,1.53717901557684,-1.51983983814716,1.2618771024783,-1.2528459741955,1.2573615383369,
40300,40300,2,13436.206,3,33.2270724951214,30.0545868378455,1.53785115107894,-1.51843018829823,1.26231938757606,-1.25237248979099,1.25734593868352,
40310,40310,2,13439.54,3,33.2270814358184,30.0542739134479,1.53842633590102,-1.51811884716153,1.26130825064062,-1.25204084581686,1.25667454822874,
40320,40320,2,13442.873,3,33.2271551965693,30.0541442733403,1.53682455420494,-1.52029609307647,1.26327511081742,-1.25161374127731,1.25744442604736,
40330,40330,2,13446.206,3,33.2265584050396,30.0537061791837,1.53604047372937,-1.51743637397885,1.26303669223451,-1.25271614782652,1.25787642003051,
40340,40340,2,13449.54,3,33.2267439245039,30.0528434019161,1.53742106631398,-1.52066713199019,1.26141330382872,-1.25304760553613,1.25723045468242,
40350,40350,2,13452.873,3,33.2265405236455,30.0551925700723,1.53986662626266,-1.51937557384372,1.26239771180584,-1.25257244475096,1.2574850782784,
40360,40360,2,13456.206,3,33.2271574317436,30.0552439790804,1.53366439044476,-1.51844257488847,1.26268297591501,-1.25256173454118,1.25762235522809,
40370,40370,2,13459.54,3,33.2266344009647,30.0549467009027,1.53695736080408,-1.51759264990687,1.26152357242332,-1.25145960738874,1.25649158990603,
40380,40380,2,13462.873,3,33.2267238079355,30.05325914433,1.53661463409662,-1.51915578171611,1.26340754488965,-1.25291526459616,1.2581614047429,
40390,40390,2,13466.206,3,33.2279956220942,30.0536726515697,1.53594827279449,-1.51992859318852,1.26277163782553,-1.25264648489682,1.25770906136118,
40400,40400,2,13469.54,3,33.2265159367285,30.0540906291579,1.53671391308308,-1.52137223631144,1.26204688258637,-1.25228317595465,1.25716502927051,
40410,40410,2,13472.873,3,33.2263013599987,30.0540705125895,1.53550673276186,-1.51924351230264,1.26133926368285,-1.25247735671457,1.25690831019871,
40420,40420,2,13476.206,3,33.2279978572685,30.0529305737126,1.53651582077146,-1.51794916018844,1.2630854935382,-1.25295698784817,1.25802124069318,
40430,40430,2,13479.54,3,33.2267483948524,30.0517593423959,1.53586138039827,-1.52066955342889,1.26167025573117,-1.25322073840552,1.25744549706834,
40440,40440,2,13482.873,3,33.2269339143167,30.0534848969311,1.5354129485786,-1.52015164494514,1.26252595492641,-1.2536616265194,1.25809379072291,
40450,40450,2,13486.206,3,33.2278816282066,30.053408901006,1.53768640011549,-1.52046540752053,1.2622432985205,-1.25286013029886,1.25755171440968,
40460,40460,2,13489.54,3,33.2264220594092,30.0515693525831,1.53741631656885,-1.52104124426842,1.26208953716097,-1.25374293098146,1.25791623407121,
40470,40470,2,13492.873,3,33.2272289573202,30.0528277556962,1.53807736933231,-1.52120012789965,1.26257857465272,-1.25318553441163,1.25788205453218,
40480,40480,2,13496.206,3,33.2268690942629,30.0529216330155,1.53758190572262,-1.51787111535668,1.26274975174468,-1.25249095402437,1.25762035288452,
40490,40490,2,13499.54,3,33.2260510204807,30.0530691545172,1.53862750157714,-1.51896756142378,1.2616570309504,-1.25208964712055,1.25687333903547,
40500,40500,2,13502.873,3,33.2263751207496,30.0530557434716,1.53561010956764,-1.51934176683426,1.26257047214619,-1.25236923016192,1.25746985115406,
40510,40510,2,13506.206,3,33.2259482024643,30.0529976289406,1.53672769665718,-1.51825416833162,1.26223612733656,-1.25225206978016,1.25724409855836,
40520,40520,2,13509.54,3,33.2274971782324,30.0532971422926,1.53787434101105,-1.51973832398653,1.26182643852943,-1.2525183349085,1.25717238671897,
40530,40530,2,13512.873,3,33.2265516995168,30.0530378620774,1.53515245765448,-1.51913501322269,1.26315022045817,-1.2527815266723,1.25796587356524,
40540,40540,2,13516.206,3,33.226902621877,30.0544683736093,1.53736509382725,-1.52090955525637,1.26259226509479,-1.25217951975044,1.25738589242261,
40550,40550,2,13519.54,3,33.2258163271825,30.052467892639,1.53825460001826,-1.51931522414088,1.26066805949259,-1.25143781444015,1.25605293696637,
40560,40560,2,13522.873,3,33.2270479082044,30.0545868378455,1.53634753078222,-1.51868648827076,1.26227775745631,-1.25241626195269,1.2573470097045,
40570,40570,2,13526.206,3,33.2270501433787,30.0518509845409,1.53876636177301,-1.5207969583571,1.26245331176443,-1.25344863304317,1.2579509724038,
40580,40580,2,13529.54,3,33.2269182680968,30.0527137618085,1.53973493725061,-1.52145754545927,1.26160320050472,-1.25235926501022,1.25698123275747,
40590,40590,2,13532.873,3,33.2262633620362,30.0523896615396,1.53697906062007,-1.51868965476751,1.26227962010149,-1.25217951975044,1.25722956992596,
40600,40600,2,13536.206,3,33.2271507262208,30.0517928700099,1.54015943408012,-1.52040077373385,1.26279492089027,-1.2529927506356,1.25789383576294,
40610,40610,2,13539.54,3,33.227152961395,30.0518778066321,1.53725724667311,-1.52213210240006,1.26174038432216,-1.25316951566309,1.25745494999263,
40620,40620,2,13542.873,3,33.227718460485,30.0515470008404,1.53797157108784,-1.52005739510059,1.26270225429261,-1.25255642600242,1.25762934014751,
40630,40630,2,13546.206,3,33.2283800720684,30.0511916081317,1.54011221602559,-1.52110867202282,1.26403711896016,-1.25294348367062,1.25849030131539,
40640,40640,2,13549.54,3,33.2278458654183,30.0517638127444,1.53868496417999,-1.52021171525121,1.26210909493535,-1.25318860777618,1.25764885135576,
40650,40650,2,13552.873,3,33.2269562660594,30.0508093933318,1.53672760352492,-1.52115179225802,1.26323152492023,-1.25350544372113,1.25836848432068,
40660,40660,2,13556.206,3,33.2270903765155,30.0510463218042,1.53626082465053,-1.52092175558209,1.26262914546933,-1.25312248387232,1.25787581467083,
40670,40670,2,13559.54,3,33.2276044665973,30.0511960784802,1.53645584359765,-1.5211989171803,1.261585319111,-1.25372290754579,1.25765411332839,
40680,40680,2,13562.873,3,33.2276625811282,30.0517727534415,1.54052469879389,-1.52039704844356,1.26229358994033,-1.2534796460854,1.25788661801287,
40690,40690,2,13566.206,3,33.2269339143167,30.0519202749432,1.53520945459604,-1.52157442644238,1.2626870737344,-1.25304602228772,1.25786654801106,
40700,40700,2,13569.54,3,33.2263773559239,30.0513100723679,1.53735317289829,-1.52178602293134,1.26111807456784,-1.25347685211764,1.25729746334274,
40710,40710,2,13572.873,3,33.2275932907259,30.0519560377315,1.53878657147288,-1.52088170871139,1.26195430912097,-1.25309929393985,1.25752680153041,
40720,40720,2,13576.206,3,33.227027791636,30.0508742133856,1.53531078249216,-1.52135258540511,1.26242648967385,-1.25283917554059,1.25763283260722,
40730,40730,2,13579.54,3,33.2264041780151,30.0513994793386,1.5359609387815,-1.52045469731092,1.26198839552775,-1.25279102616272,1.25738971084523,
40740,40740,2,13582.873,3,33.2268959163541,30.0516542892052,1.53933065012097,-1.52111491188407,1.26311632031591,-1.25296797745472,1.25804214888532,
40750,40750,2,13586.206,3,33.2267059265413,30.0524030725852,1.53880976140499,-1.52059942483902,1.2622537293335,-1.25271987311688,1.25748680122519,
40760,40760,2,13589.54,3,33.2261426626257,30.0507758657177,1.53750143945217,-1.52134271338582,1.26127258098544,-1.25283172495988,1.25705215297266,
40770,40770,2,13592.873,3,33.2268132149062,30.0510552625013,1.53737487271428,-1.5205031260848,1.26313066268379,-1.25333463915822,1.258232650921,
40780,40780,2,13596.206,3,33.2268422721717,30.0505992869505,1.53951188549399,-1.52092166244984,1.26254318439432,-1.25348635160805,1.25801476800118,
40790,40790,2,13599.54,3,33.2269182680968,30.0501544872711,1.5360988676548,-1.52266277000308,1.26168795086037,-1.25327978425769,1.25748386755903,
40800,40800,2,13602.873,3,33.2266835747986,30.0507646898464,1.53801860287786,-1.52144096791744,1.26235412590865,-1.2532970137256,1.25782556981712,
40810,40810,2,13606.206,3,33.2261694847169,30.0500069657694,1.5359221957624,-1.52014661580324,1.26260632806589,-1.25281272597905,1.25770952702247,
40820,40820,2,13609.54,3,33.2259593783357,30.050411532312,1.5368178486824,-1.52069227769971,1.26200739450857,-1.25358488553802,1.2577961400233,
40830,40830,2,13612.873,3,33.225820797531,30.0517392258275,1.53660057112575,-1.52185661718249,1.26190764985923,-1.25284019999544,1.25737392492734,
40840,40840,2,13616.206,3,33.2253245888434,30.0507602194979,1.53523730114102,-1.51890171691775,1.2626636975374,-1.2527195937201,1.25769164562875,
40850,40850,2,13619.54,3,33.2267640410723,30.0504674116687,1.53640229254961,-1.52182802557945,1.26209614955135,-1.25313123830467,1.25761369392801,
40860,40860,2,13622.873,3,33.2253447054118,30.0514039496872,1.5368664637208,-1.52021162211895,1.26218704663609,-1.25234874106495,1.25726789385052,
40870,40870,2,13626.206,3,33.2259616135099,30.0515537063632,1.53677687048912,-1.51925981044769,1.26283161500029,-1.252502688689,1.25766715184465,
40880,40880,2,13629.54,3,33.2251278935078,30.0507982174604,1.53576983138919,-1.52108324691653,1.26113549030027,-1.25264955826137,1.25689252428082,
40890,40890,2,13632.873,3,33.2262432454677,30.0511983136545,1.53740281239152,-1.52161763980985,1.26259775989807,-1.25284280769869,1.25772028379838,
40900,40900,2,13636.206,3,33.2259794949041,30.051560411886,1.53433764353395,-1.52057120576501,1.2616976366153,-1.25220783195716,1.25695273428623,
40910,40910,2,13639.54,3,33.2248037932388,30.0515134732263,1.53942350298166,-1.52079211547971,1.26150224513602,-1.25270432002963,1.25710328258282,
40920,40920,2,13642.873,3,33.226853448043,30.0517839293128,1.53527082875371,-1.52062447741628,1.2622480482657,-1.25179441785967,1.25702123306269,
40930,40930,2,13646.206,3,33.2262901841274,30.0518286327982,1.53713161125779,-1.52079304680228,1.2627313115574,-1.25280611358867,1.25776871257303,
40940,40940,2,13649.54,3,33.2261091350116,30.0507892767634,1.53843024745584,-1.52232134714723,1.26144338554836,-1.25242380566567,1.25693359560701,
40950,40950,2,13652.873,3,33.2267126320641,30.0516028801971,1.53499646112323,-1.51988696306944,1.26369364718915,-1.25236597053286,1.25802980886101,
40960,40960,2,13656.207,3,33.2256084559755,30.0516453485082,1.53995342552662,-1.5201392583549,1.26248544239377,-1.25218222058595,1.25733383148986,
40970,40970,2,13659.54,3,33.2261828957625,30.0502170721506,1.53608927503228,-1.5207402408123,1.2623978049381,-1.25224620244785,1.25732200369297,
40980,40980,2,13662.873,3,33.227635759037,30.0523941318881,1.53678189963102,-1.5212832018733,1.2622178734138,-1.25209961227226,1.25715874284303,
40990,40990,2,13666.207,3,33.2257470367801,30.0503064791214,1.53593216091394,-1.52046289294958,1.26259161316898,-1.2524740970855,1.25753285512724,
41000,41000,2,13669.54,3,33.2263818262724,30.0503489474325,1.53731321915984,-1.52074489742517,1.26250537269719,-1.25257970906715,1.25754254088217,
41010,41010,2,13672.873,3,33.2251413045534,30.0524231891536,1.53582328930497,-1.520352717489,1.26156278110434,-1.25171711808474,1.25663994959454,
41020,41020,2,13676.207,3,33.2261024294888,30.0496605137578,1.53665775433183,-1.52175491675735,1.26251310267468,-1.25315461450166,1.25783385858817,
41030,41030,2,13679.54,3,33.2260890184432,30.0514263014299,1.53722558170557,-1.52238989248872,1.2621881642232,-1.25242706529473,1.25730761475896,
41040,41040,2,13682.873,3,33.2253804682001,30.0499063829273,1.53248505666852,-1.52004910632968,1.26257270732041,-1.25293715067701,1.25775492899871,
41050,41050,2,13686.207,3,33.2259102045017,30.0505165855026,1.53766609728336,-1.52092045173049,1.26210704602565,-1.25309221588817,1.25759963095691,
41060,41060,2,13689.54,3,33.2256531594609,30.0491754809415,1.53481997549534,-1.52111714705825,1.26205628894452,-1.25296602167729,1.2575111553109,
41070,41070,2,13692.873,3,33.2247657952763,30.0509837369247,1.53490602970123,-1.52145307511091,1.26237992354438,-1.25273449488153,1.25755720921296,
41080,41080,2,13696.207,3,33.226279008256,30.0510038534931,1.53651339933276,-1.52054000645876,1.26234360196339,-1.25282306365979,1.25758333281159,
41090,41090,2,13699.54,3,33.2255816338843,30.0495934585297,1.53720527887344,-1.5220059081912,1.26150550476508,-1.25252094261176,1.25701322368842,
41100,41100,2,13702.873,3,33.2250071940973,30.0494861701648,1.5341822989285,-1.5220008790493,1.26277014770939,-1.25344807424962,1.2581091109795,
41110,41110,2,13706.207,3,33.2249244926494,30.0499935547238,1.53574338182807,-1.52015350759029,1.26241764210925,-1.25209299988187,1.25725532099556,
41120,41120,2,13709.54,3,33.2251413045534,30.0505389372453,1.53626436367631,-1.52291720733047,1.26103891214773,-1.25247735671457,1.25675813443115,
41130,41130,2,13712.873,3,33.2247501490564,30.0508518616429,1.53504433110356,-1.5192985534668,1.26168906844748,-1.25160349672882,1.25664628258815,
41140,41140,2,13716.207,3,33.2261985419824,30.0503400067354,1.53848864138126,-1.52090191841125,1.26300968387941,-1.25255866117663,1.25778417252802,
41150,41150,2,13719.54,3,33.2256911574234,30.0511960784802,1.5363079495728,-1.52222961187363,1.2610151634217,-1.25203572354262,1.25652544348216,
41160,41160,2,13722.873,3,33.2246294496459,30.0511916081317,1.53432562947273,-1.518564671278,1.26200059585367,-1.2519127889608,1.25695669240723,
41170,41170,2,13726.207,3,33.2254318772083,30.0502483645904,1.53705133125186,-1.5220015309751,1.26188557751386,-1.2534031845008,1.25764438100733,
41180,41180,2,13729.54,3,33.2258655010164,30.0490860739708,1.53927281498909,-1.52269070968032,1.26093413835641,-1.2526113740352,1.25677275619581,
41190,41190,2,13732.873,3,33.2255346952246,30.0509010354768,1.53655773028731,-1.5201622620225,1.26313848579354,-1.25174133247207,1.25743990913281,
41200,41200,2,13736.207,3,33.2250563679312,30.0500047305951,1.53736267238855,-1.52116902172565,1.26229535945325,-1.25292215638332,1.25760875791828,
41210,41210,2,13739.54,3,33.2254631696481,30.0507378677552,1.53789650648832,-1.52272833511233,1.26154350272673,-1.25229919470319,1.25692134871496,
41220,41220,2,13742.873,3,33.2259057341532,30.0495487550443,1.53879020363092,-1.52094773948193,1.26145865923883,-1.25265067584848,1.25705466754365,
41230,41230,2,13746.207,3,33.2267036913671,30.049895207056,1.54068851843476,-1.52125684544444,1.26209521822876,-1.2522946312225,1.25719492472563,
41240,41240,2,13749.54,3,33.2268646239144,30.0495152274303,1.53753412887454,-1.52268214151263,1.26180082715822,-1.25319577896012,1.25749830305917,
41250,41250,2,13752.873,3,33.2260890184432,30.0500628451261,1.53603162616491,-1.52136646211147,1.26281047397751,-1.25351485007929,1.2581626620284,
41260,41260,2,13756.207,3,33.2270590840757,30.0505545834652,1.5357824973762,-1.52317108586431,1.26260781818203,-1.25224303595104,1.25742542706654,
41270,41270,2,13759.54,3,33.2264757035917,30.0492604175637,1.53875751420856,-1.52171785011888,1.26173926673505,-1.25295400761588,1.25734663717547,
41280,41280,2,13762.873,3,33.2252105949557,30.0498058000852,1.53783401474357,-1.52139337733388,1.26223659299785,-1.25308960818491,1.25766310059138,
41290,41290,2,13766.207,3,33.2258342085766,30.0487373867849,1.53543399646878,-1.52073111385107,1.26293452614644,-1.25297570743222,1.25795511678933,
41300,41300,2,13769.54,3,33.2265226422513,30.050561288988,1.53690529987216,-1.52145950123668,1.26198038615348,-1.2521083667046,1.25704437642904,
41310,41310,2,13772.873,3,33.2261247812315,30.0494593480736,1.53815103694797,-1.52143007144332,1.26203878007984,-1.25314558067254,1.25759218037619,
41320,41320,2,13776.207,3,33.2268176852547,30.047664503136,1.53723694384098,-1.52264563366771,1.26219039939741,-1.25350404673725,1.25784722306733,
41330,41330,2,13779.54,3,33.2253648219802,30.0479707220108,1.53931546956301,-1.52499862015247,1.26162294454362,-1.25328919061585,1.25745606757973,
41340,41340,2,13782.873,3,33.2262141882023,30.0499399105413,1.53607204556465,-1.52034433558583,1.2617845290129,-1.2529324009318,1.25735846497235,
41350,41350,2,13786.207,3,33.2265941678279,30.0503400067354,1.53664899989963,-1.52300652116537,1.26227086566915,-1.25269211970371,1.25748149268643,
41360,41360,2,13789.54,3,33.2259817300783,30.0497722724712,1.53755070641637,-1.52351278811693,1.26167556426993,-1.25229053340311,1.25698304883652,
41370,41370,2,13792.873,3,33.2255592821416,30.0492604175637,1.53708020225167,-1.52240842580795,1.26167612306348,-1.25347945982089,1.25757779144218,
41380,41380,2,13796.207,3,33.2264913498116,30.0489027896807,1.53595916926861,-1.52237601578236,1.26265540876636,-1.25295037545778,1.25780289211207,
41390,41390,2,13799.54,3,33.2260465501321,30.0496582785835,1.53835760429502,-1.52142699807882,1.26171775318323,-1.25228522486435,1.25700148902379,
41400,41400,2,13802.873,3,33.2266232250934,30.0495331088245,1.53788421303034,-1.52118904516101,1.26227170385948,-1.25294665016742,1.25760917701345,
41410,41410,2,13806.207,3,33.2256531594609,30.0489139655521,1.5379574149847,-1.52347153052688,1.2627546877544,-1.25350367420821,1.25812918098131,
41420,41420,2,13809.54,3,33.2269629715822,30.0482568243172,1.53721058741212,-1.52344554662704,1.26242984243518,-1.25326832898984,1.25784908571251,
41430,41430,2,13812.873,3,33.2263885317952,30.0493386486631,1.53659787029028,-1.52148334309459,1.26230793230821,-1.25281244658227,1.25756018944524,
41440,41440,2,13816.207,3,33.2264421759776,30.0491508940246,1.53922690078616,-1.52373844757676,1.26306062722506,-1.25355107852802,1.25830585287654,
41450,41450,2,13819.54,3,33.2264175890607,30.0481741228692,1.53543120250106,-1.52169372886419,1.26209912978364,-1.25325882949943,1.25767897964153,
41460,41460,2,13822.873,3,33.2267953335121,30.0486099818516,1.53665356338024,-1.52232320979238,1.2637248464959,-1.25359904164138,1.25866194406864,
41470,41470,2,13826.207,3,33.2260845480947,30.0493632355801,1.53477378189564,-1.52176572009921,1.26253741019427,-1.25314949222742,1.25784345121084,
41480,41480,2,13829.54,3,33.2265338181227,30.047597447908,1.53476120904088,-1.52158746495843,1.26182885996816,-1.25332001739356,1.25757443868086,
41490,41490,2,13832.873,3,33.2256866870749,30.0489474931661,1.53548354282975,-1.52209987863898,1.26205470569612,-1.25277603186902,1.25741536878257,
41500,41500,2,13836.207,3,33.2256486891123,30.0486390391171,1.53733622282743,-1.5225226059556,1.26272907638319,-1.25321393975061,1.2579715080669,
41510,41510,2,13839.54,3,33.2260644315263,30.048422227213,1.53630878776312,-1.5221188776195,1.2615816869529,-1.252952610632,1.25726714879245,
41520,41520,2,13842.873,3,33.2253424702376,30.0495308736502,1.53754111379385,-1.52084287256002,1.26215538166805,-1.25286739461506,1.25751138814155,
41530,41530,2,13846.207,3,33.2253089426235,30.0485429266235,1.5382282435894,-1.52175296097994,1.26220101647493,-1.25390963772498,1.25805532709996,
41540,41540,2,13849.54,3,33.2254050551171,30.0486278632457,1.53663130477071,-1.52217298746109,1.26185204990064,-1.25281244658227,1.25733224824146,
41550,41550,2,13852.873,3,33.2252888260551,30.0492470065181,1.53484214097261,-1.52240376919508,1.26143137148696,-1.25287437953448,1.25715287551072,
41560,41560,2,13856.207,3,33.226279008256,30.0501634279682,1.53722064569592,-1.52225820347667,1.26195607863389,-1.25243842743032,1.25719725303211,
41570,41570,2,13859.54,3,33.2261113701859,30.0494615832479,1.53922997415066,-1.52189265936613,1.26227058627237,-1.25195125258375,1.25711091942806,
41580,41580,2,13862.873,3,33.2260532556549,30.0503020087728,1.53469080105424,-1.52114285156131,1.26216860644882,-1.25213053218223,1.25714956931552,
41590,41590,2,13866.207,3,33.2264555870233,30.0487619737018,1.53593840077519,-1.52102159336209,1.26216981716818,-1.25245090715302,1.2573103621606,
41600,41600,2,13869.54,3,33.2256397484153,30.0493654707543,1.53581891208887,-1.52351092547178,1.26180557690342,-1.25320388146665,1.25750472918504,
41610,41610,2,13872.873,3,33.2263237117414,30.0495889881812,1.5394764021039,-1.52223175391555,1.26271240570884,-1.25360574716402,1.25815907643643,
41620,41620,2,13876.207,3,33.2255950449299,30.0491441885017,1.53645500540733,-1.52303520590067,1.26296991640484,-1.25262105979013,1.25779548809748,
41630,41630,2,13879.54,3,33.2265941678279,30.0492067733813,1.53817906975746,-1.52004072442651,1.26161083734996,-1.25234259433586,1.25697671584291,
41640,41640,2,13882.873,3,33.2261247812315,30.0494816998163,1.5369956381619,-1.52282044291496,1.2616248071888,-1.25248843945338,1.25705662332109,
41650,41650,2,13886.207,3,33.2265181719028,30.0498594442677,1.53784789144993,-1.52306146919727,1.26258695655603,-1.25279819734665,1.25769257695134,
41660,41660,2,13889.54,3,33.2267640410723,30.0478433170775,1.53827304020524,-1.52275245636702,1.26217112101981,-1.25271503023941,1.25744307562961,
41670,41670,2,13892.873,3,33.2263527690069,30.0494369963309,1.54030006378889,-1.52146695181727,1.26296404907252,-1.25277826704324,1.25787115805788,
41680,41680,2,13896.207,3,33.2265718160852,30.0493408838374,1.5350928530097,-1.52211356908083,1.26260986709173,-1.25285025827941,1.25773006268557,
41690,41690,2,13899.54,3,33.2260800777461,30.0489162007264,1.536407135427,-1.52189461514354,1.26183426163918,-1.25265272475817,1.25724349319868,
41700,41700,2,13902.873,3,33.2273675381248,30.0489206710749,1.53849525377154,-1.52004724368453,1.26308595919949,-1.2529099560574,1.25799795762844,
41710,41710,2,13906.207,3,33.2265673457367,30.0488625565439,1.53638459742069,-1.52222169563174,1.26226183184003,-1.25255726419275,1.25740954801639,
41720,41720,2,13909.54,3,33.2260711370491,30.0487642088761,1.53538370504975,-1.52333322912455,1.26180492497761,-1.25369208076807,1.25774850287284,
41730,41730,2,13912.873,3,33.2254475234282,30.0499354401928,1.53688825666904,-1.52122983708978,1.26195486791452,-1.2525614551444,1.25725816152946,
41740,41740,2,13916.207,3,33.2265159367285,30.0500047305951,1.53374960646033,-1.52140706777573,1.26251496531986,-1.25288406528941,1.25769951530463,
41750,41750,2,13919.54,3,33.2264421759776,30.0488066771872,1.53974238783121,-1.52236707508564,1.26135779700238,-1.25254664711523,1.2569522220588,
41760,41760,2,13922.873,3,33.2272311924944,30.0490413704854,1.5378700569272,-1.52276353910565,1.26239510410259,-1.25323051729271,1.25781281069765,
41770,41770,2,13926.207,3,33.2269070922255,30.0485406914493,1.53873143717647,-1.52158653363585,1.2627281450606,-1.25256853319608,1.25764833912834,
41780,41780,2,13929.54,3,33.2278033971072,30.0493766466257,1.53682511299849,-1.52331087738276,1.26280423411616,-1.25275917493015,1.25778170452316,
41790,41790,2,13932.873,3,33.2261091350116,30.0489854911287,1.53758395463228,-1.52167780324817,1.26341127018001,-1.25339266055554,1.25840196536778,
41800,41800,2,13936.207,3,33.2266902803214,30.0495621660899,1.5381321310997,-1.52296675369143,1.26286458381996,-1.25302562632301,1.25794510507149,
41810,41810,2,13939.54,3,33.2264265297578,30.0496091047496,1.53851695358753,-1.52332559227943,1.26149227998431,-1.25328127437384,1.25738677717907,
41820,41820,2,13942.873,3,33.2264689980689,30.0484490493042,1.53851117938757,-1.5226099640131,1.263213457262,-1.25381846124347,1.25851595925273,
41830,41830,2,13946.207,3,33.2260599611777,30.0494057038912,1.53923323377967,-1.52479521930218,1.26265820273413,-1.25379694769165,1.25822757521289,
41840,41840,2,13949.54,3,33.2265874623051,30.0480422475874,1.53869176283479,-1.52337169274688,1.26289680758156,-1.25319084295039,1.25804382526598,
41850,41850,2,13952.873,3,33.2263862966209,30.0481115379897,1.53727056458592,-1.52226248756051,1.2629695438758,-1.25371443251022,1.25834198819301,
41860,41860,2,13956.207,3,33.2262231288993,30.0470811226519,1.53472097590566,-1.52330975979567,1.2633112461339,-1.25349287086617,1.25840205850004,
41870,41870,2,13959.54,3,33.2263125358701,30.0479506054424,1.53760770335793,-1.52454320341349,1.26217316992951,-1.25358684131546,1.25788000562248,
41880,41880,2,13962.873,3,33.2258275030538,30.0482009449604,1.53416283428669,-1.52153754606843,1.2635968827721,-1.25340802737827,1.25850245507518,
41890,41890,2,13966.207,3,33.225337999889,30.0478388467289,1.53583008795977,-1.52325695380569,1.26233102910843,-1.25377589980113,1.25805346445478,
41900,41900,2,13969.54,3,33.225912439676,30.0481830635663,1.53718059882522,-1.52143631130457,1.26114452412938,-1.2532237186378,1.25718412138359,
41910,41910,2,13972.873,3,33.2255749283615,30.0483015278025,1.53587600216269,-1.52172176167369,1.26248637371636,-1.25370185965526,1.25809411668581,
41920,41920,2,13976.207,3,33.2267461596782,30.0494906405134,1.53678804636002,-1.52261694893241,1.26242332317705,-1.25338288166835,1.2579031024227,
41930,41930,2,13979.54,3,33.2259929059497,30.0474029877466,1.53544386848807,-1.5221269801259,1.26275887870605,-1.2537501021654,1.25825449043573,
41940,41940,2,13982.873,3,33.2255816338843,30.0486591556855,1.53884645551443,-1.52264200150967,1.26186229444913,-1.25394996399311,1.25790612922112,
41950,41950,2,13986.207,3,33.2249669609604,30.0473851063524,1.53865488246083,-1.52167323976755,1.26248283469052,-1.2537215105619,1.25810217262621,
41960,41960,2,13989.54,3,33.2253245888434,30.0475303926799,1.53690865263343,-1.52521757408977,1.26144133663866,-1.25372048610705,1.25758091137286,
41970,41970,2,13992.873,3,33.2255279897018,30.0492403009953,1.53667591512203,-1.5213874168694,1.26275757485443,-1.252448020053,1.25760279745371,
41980,41980,2,13996.207,3,33.2250340161885,30.0495219329531,1.53854181990027,-1.52284605428576,1.26230402075333,-1.25343568765918,1.25786985420626,
41990,41990,2,13999.54,3,33.2252217708271,30.048963139386,1.53726143762469,-1.52087779715657,1.26148678518103,-1.25185327744733,1.25667003131418,
42000,42000,2,14002.873,3,33.2252620039639,30.0499399105413,1.53696751222014,-1.5225769020617,1.26226425327876,-1.25306269296208,1.25766347312042,
42010,42010,2,14006.207,3,33.2252575336153,30.0496113399239,1.53555851429701,-1.519984472543,1.26139374605434,-1.2520142099908,1.25670397802257,
42020,42020,2,14009.54,3,33.2256598649837,30.0491106608877,1.53393093496561,-1.52251981198788,1.26203645177336,-1.25272387780401,1.25738016478869,
42030,42030,2,14012.873,3,33.2257827995684,30.0487932661416,1.53621900826693,-1.52168786153197,1.26148874095847,-1.25269947715217,1.25709410905532,
42040,42040,2,14016.207,3,33.2263214765672,30.0486815074282,1.53851881623268,-1.52134923264384,1.2630475887088,-1.25280220203379,1.2579248953713,
42050,42050,2,14019.54,3,33.2259727893813,30.0500717858232,1.53650157153606,-1.52174327522516,1.26109190440308,-1.25226631901578,1.25667911170943,
42060,42060,2,14022.873,3,33.2262030123309,30.0485161045323,1.53712201863527,-1.52106024324894,1.2623410873924,-1.2526447153839,1.25749290138815,
42070,42070,2,14026.207,3,33.2262231288993,30.0489162007264,1.53737151995301,-1.52313830330968,1.26272851758963,-1.25316085436301,1.25794468597632,
42080,42080,2,14029.54,3,33.2263147710443,30.0492894748292,1.53442025184631,-1.52133796364069,1.26138750619299,-1.2519554435354,1.2566714748642,
42090,42090,2,14032.873,3,33.2257939754398,30.0485339859264,1.53572419658303,-1.52218863368034,1.26286691212644,-1.25273738198156,1.257802147054,
42100,42100,2,14036.207,3,33.2254341123826,30.0473448732156,1.53427617624402,-1.52173526585102,1.26251915627151,-1.2533625788359,1.25794086755371,
42110,42110,2,14039.54,3,33.2253536461089,30.0477002659243,1.53651321306825,-1.52425328269601,1.26128655082429,-1.25277565933999,1.25703110508214,
42120,42120,2,14042.873,3,33.2260420797836,30.0482657650142,1.53378779068589,-1.52092464268208,1.26239137881223,-1.25245174534335,1.25742156207779,
42130,42130,2,14046.207,3,33.2259996114725,30.0479774275336,1.5342490747571,-1.52102019637823,1.26282444381635,-1.25287456579899,1.25784950480767,
42140,42140,2,14049.54,3,33.2255034027849,30.0476332106963,1.53563171625137,-1.52264470234513,1.26165637902458,-1.25318143659224,1.25741890780841,
42150,42150,2,14052.873,3,33.2260577260035,30.0482903519312,1.5352301299572,-1.5218953602016,1.26222727977196,-1.25295316942555,1.25759022459875,
42160,42160,2,14056.207,3,33.2260152576924,30.0476533272647,1.5367423184216,-1.52320675551891,1.26263389521454,-1.253095754914,1.25786482506427,
42170,42170,2,14059.54,3,33.2263170062186,30.0485116341838,1.53650864958763,-1.52276586741209,1.26160087219825,-1.25249775267928,1.25704931243876,
42180,42180,2,14062.873,3,33.2268355666489,30.0482814112341,1.53884282335639,-1.52295902371407,1.26283962437456,-1.25340644412987,1.25812303425222,
42190,42190,2,14066.207,3,33.2264645277203,30.0499577919355,1.53877753764391,-1.52099644765258,1.26278737717729,-1.25255894057341,1.25767315887535,
42200,42200,2,14069.54,3,33.2259683190327,30.0484691658727,1.53561467304826,-1.52216199785471,1.26164706579869,-1.25237211726195,1.25700959153032,
42210,42210,2,14072.873,3,33.2266969858443,30.0490123132199,1.5369426459074,-1.52218639850616,1.26221321680086,-1.25274194546225,1.25747758113155,
42220,42220,2,14076.207,3,33.2270434378559,30.0481920042634,1.54130207374692,-1.52337178587914,1.26261778333374,-1.25243833429807,1.2575280588159,
42230,42230,2,14079.54,3,33.2268467425202,30.0490167835684,1.53996413573623,-1.52255464345217,1.2616018966531,-1.25248238585655,1.25704214125482,
42240,42240,2,14082.873,3,33.2265896974794,30.0483775237277,1.54026094824076,-1.52211096137762,1.26291170874299,-1.2530218079004,1.25796675832169,
42250,42250,2,14086.207,3,33.2265271125998,30.0475415685512,1.54045019298792,-1.52534833177924,1.26247873687113,-1.2532137534861,1.25784624517861,
42260,42260,2,14089.54,3,33.2273630677763,30.0478097894635,1.53775718063116,-1.52192395180464,1.26163598305987,-1.25324905061224,1.25744251683606,
42270,42270,2,14092.873,3,33.227336245685,30.0472867586846,1.53823290020227,-1.52309872210026,1.26269405865382,-1.25349473351135,1.25809439608259,
42280,42280,2,14096.207,3,33.2276514052569,30.0472018220624,1.53865022584796,-1.52415381744504,1.26241373055438,-1.25380868235628,1.25811120645533,
42290,42290,2,14099.54,3,33.2275217651493,30.0460730590568,1.5406315214932,-1.52512509375811,1.26190262071725,-1.25378670314317,1.25784466193021,
42300,42300,2,14102.873,3,33.2270233212874,30.0476913252272,1.53818670660257,-1.52258677408099,1.26239463844129,-1.25349594423072,1.25794529133601,
42310,42310,2,14106.207,3,33.2276625811282,30.0460529424884,1.54059706255794,-1.52293369174004,1.26372717480237,-1.25384202370498,1.25878459925368,
42320,42320,2,14109.54,3,33.2270970820383,30.0469090142333,1.5354753471911,-1.52301359921694,1.26280954265492,-1.25374246532017,1.25827600398754,
42330,42330,2,14112.873,3,33.2266165195706,30.0469760694613,1.54038602486253,-1.5222093090415,1.26311091864489,-1.25405743861994,1.25858417863241,
42340,42340,2,14116.207,3,33.2269137977483,30.0472956993817,1.53822656720877,-1.52460336685181,1.26250164740683,-1.25367606201953,1.25808885471318,
42350,42350,2,14119.54,3,33.2263103006958,30.0464552738568,1.53704602271318,-1.52284922078252,1.26203170202816,-1.25360435018014,1.25781802610415,
42360,42360,2,14122.873,3,33.2270367323331,30.0464306869398,1.53683181852102,-1.52415065094829,1.26397090192405,-1.25399941722261,1.25898515957333,
42370,42370,2,14126.207,3,33.2265740512595,30.0466609098895,1.53729114681482,-1.52106964960694,1.26217903726182,-1.25321049385703,1.25769476555943,
42380,42380,2,14129.54,3,33.2257716236971,30.0461535253305,1.53680546209216,-1.52255175635219,1.26215556793256,-1.2534837439048,1.25781965591868,
42390,42390,2,14132.873,3,33.2261717198912,30.0482255318774,1.53517965227365,-1.52150839567184,1.26273354673162,-1.25292495035109,1.25782924854135,
42400,42400,2,14136.207,3,33.2272647201084,30.0472219386308,1.54012935236096,-1.52398813515902,1.26282397815506,-1.25358376795091,1.25820387305299,
42410,42410,2,14139.54,3,33.2267640410723,30.0479818978821,1.53404725715518,-1.52515294030309,1.2622256033913,-1.25335969173587,1.25779264756359,
42420,42420,2,14142.873,3,33.225937026593,30.0466497340181,1.5381159260869,-1.52400564402342,1.26281839021952,-1.25387694830209,1.25834766926081,
42430,42430,2,14146.207,3,33.2265226422513,30.0476488569161,1.53734339401126,-1.52326077222824,1.26235896878611,-1.25309892141081,1.25772894509846,
42440,42440,2,14149.54,3,33.2259616135099,30.0469581880672,1.53721924871206,-1.52229769155383,1.26144459626773,-1.25335559391648,1.2574000950921,
42450,42450,2,14152.873,3,33.2260398446093,30.0481987097862,1.53571655973792,-1.52215138077736,1.26252483733931,-1.25271409891682,1.25761946812806,
42460,42460,2,14156.207,3,33.225762683,30.0468956031877,1.53567725792527,-1.52227440848947,1.26277424552878,-1.25330632695149,1.25804028624014,
42470,42470,2,14159.54,3,33.2273116587681,30.0471437075315,1.53704443946481,-1.52210472151637,1.26221032970083,-1.25299414761949,1.25760223866016,
42480,42480,2,14162.873,3,33.2258722065392,30.0469917156812,1.53615633025765,-1.52232348918915,1.2627775982901,-1.25372942680391,1.25825351254701,
42490,42490,2,14166.207,3,33.2266902803214,30.0465647973959,1.53601067140698,-1.52284931391478,1.26299003297277,-1.25298250608712,1.25798626952995,
42500,42500,2,14169.54,3,33.2270993172126,30.0465826787901,1.53598012402654,-1.5235529281199,1.26191258586896,-1.25339061164585,1.2576515987574,
42510,42510,2,14172.873,3,33.2262007771566,30.0459255375551,1.54039207845926,-1.52341835200787,1.26357127140089,-1.25407019773942,1.25882073457015,
42520,42520,2,14176.207,3,33.2266723989273,30.0462004639902,1.53768379241228,-1.52518982067704,1.26299282694054,-1.25364206874502,1.25831744784278,
42530,42530,2,14179.54,3,33.2262521861648,30.0458607175013,1.53647214174271,-1.52321178466082,1.26196008332102,-1.25360118368334,1.25778063350218,
42540,42540,2,14182.873,3,33.2266388713133,30.0460685887083,1.53747163712978,-1.52269145473838,1.26356084058789,-1.25343624645273,1.25849854352031,
42550,42550,2,14186.207,3,33.2262544213391,30.0443117417333,1.53694525361061,-1.52433821931481,1.26292651677217,-1.25381585354022,1.25837118515619,
42560,42560,2,14189.54,3,33.2258520899708,30.0455187358383,1.53755433857441,-1.52450557798147,1.26222076051383,-1.25388160491504,1.25805118271443,
42570,42570,2,14192.873,3,33.2262164233765,30.0468687810964,1.53473690152168,-1.52242677286267,1.26287827426203,-1.25326208912849,1.25807018169526,
42580,42580,2,14196.207,3,33.2265472291683,30.0464016296743,1.54256587848067,-1.52294579893351,1.26238802605091,-1.25356914618626,1.25797858611858,
42590,42590,2,14199.54,3,33.2265405236455,30.0455276765353,1.53863718733191,-1.52306640520692,1.26273689949294,-1.25350041457915,1.25811865703605,
42600,42600,2,14202.873,3,33.2271306096523,30.0452102817892,1.53667721897364,-1.52291273698211,1.26322295675241,-1.25445660348181,1.25883978011711,
42610,42610,2,14206.207,3,33.2266634582302,30.0457422532651,1.54041908681393,-1.52654610574245,1.2625023924649,-1.25416696215647,1.25833467731068,
42620,42620,2,14209.54,3,33.2266679285788,30.0468084313912,1.53800314292312,-1.52384210377932,1.26195999018877,-1.25319065668588,1.25757532343732,
42630,42630,2,14212.873,3,33.2264421759776,30.04566625734,1.53820123523474,-1.52397202327847,1.26262774848545,-1.25361887881254,1.25812331364899,
42640,42640,2,14216.207,3,33.2263415931356,30.0466229119269,1.54016437008977,-1.52126513421535,1.26286020660379,-1.25337254398761,1.2581163752957,
42650,42650,2,14219.54,3,33.2265360532969,30.0451454617354,1.53922401368618,-1.52422459796071,1.26217829220375,-1.25338865586841,1.25778347403608,
42660,42660,2,14222.873,3,33.2254363475568,30.0465044476907,1.53581816703081,-1.52325732633471,1.26182178191648,-1.25298921160976,1.25740549676312,
42670,42670,2,14226.207,3,33.2265025256829,30.0469358363245,1.53894815593958,-1.52347031980753,1.26286467695222,-1.25267004735834,1.25776736215528,
42680,42680,2,14229.54,3,33.2262968896502,30.0453779198593,1.53804663568735,-1.52391027659178,1.26178909249359,-1.25323014476367,1.25750961862863,
42690,42690,2,14232.873,3,33.2269450901881,30.0456796683856,1.53845390304923,-1.52208814397454,1.26383613954535,-1.25339666524268,1.25861640239401,
42700,42700,2,14236.207,3,33.2266589878817,30.0448638297776,1.5371810644865,-1.52510581538081,1.26306090662183,-1.25364402452245,1.25835246557214,
42710,42710,2,14239.54,3,33.2266344009647,30.0456126131575,1.53668690472841,-1.52438776567578,1.26129940307602,-1.25382488736934,1.25756214522268,
42720,42720,2,14242.873,3,33.2267014561928,30.0456036724605,1.54071282595396,-1.52370752766728,1.26336740488604,-1.25395685578027,1.25866213033316,
42730,42730,2,14246.207,3,33.2278950392522,30.0451812245237,1.53878079727292,-1.5245602466166,1.26347562457094,-1.25405836994253,1.25876699725674,
42740,42740,2,14249.54,3,33.2269585012337,30.0451901652208,1.53739405795932,-1.52581790462136,1.26245796837738,-1.25440230737484,1.25843013787611,
42750,42750,2,14252.873,3,33.2269607364079,30.0461803474217,1.53770251199603,-1.52446823194623,1.2633940407121,-1.25427769641236,1.25883586856223,
42760,42760,2,14256.207,3,33.2265919326536,30.0446716047905,1.53736975044012,-1.52234947308898,1.26317201340676,-1.2537782281076,1.25847512075718,
42770,42770,2,14259.54,3,33.2263170062186,30.0447274841472,1.5381071716547,-1.52412438765168,1.26261769020148,-1.25412719468189,1.25837244244169,
42780,42780,2,14262.873,3,33.225854325145,30.0461334087621,1.53707107529044,-1.52202658355236,1.26278029912561,-1.2533022291321,1.25804126412886,
42790,42790,2,14266.207,3,33.225612926324,30.0457042553025,1.53553625568748,-1.52297765016556,1.2631703370261,-1.25374162712983,1.25845598207797,
42800,42800,2,14269.54,3,33.2264332352806,30.0452795721915,1.5352719463408,-1.52358077466488,1.26226993434656,-1.25394987086085,1.2581099026037,
42810,42810,2,14272.873,3,33.2270970820383,30.0464619793796,1.53872836381197,-1.52428029105067,1.26360507841089,-1.25324541845414,1.25842524843251,
42820,42820,2,14276.207,3,33.2259258507216,30.0466296174497,1.53820887207985,-1.52339870110154,1.26288814628148,-1.25302255295847,1.25795534961997,
42830,42830,2,14279.54,3,33.2257448016059,30.0448347725121,1.53660168871284,-1.52369225397706,1.26188837148163,-1.25324523218962,1.25756680183563,
42840,42840,2,14282.873,3,33.2264622925461,30.0472778179876,1.53532968834043,-1.5227135270834,1.26252502360383,-1.25278068848197,1.2576528560429,
42850,42850,2,14286.207,3,33.2261851309368,30.0454516806102,1.53936250135303,-1.52331786230206,1.26294030034649,-1.25305775695235,1.25799902864942,
42860,42860,2,14289.54,3,33.2261247812315,30.0454807378757,1.53614394366741,-1.5256118029356,1.26160487688538,-1.25398926580639,1.25779707134589,
42870,42870,2,14292.873,3,33.2262678323847,30.0460954107995,1.53538333252072,-1.52315525338054,1.26300670364712,-1.25341352218155,1.25821011291434,
42880,42880,2,14296.207,3,33.2267349838068,30.0458070733189,1.53720397502184,-1.52589762583375,1.26326849842704,-1.25320844494734,1.25823847168719,
42890,42890,2,14299.54,3,33.2260130225181,30.0454382695646,1.5367784537375,-1.5242675319314,1.26126457161117,-1.25326991223824,1.25726724192471,
42900,42900,2,14302.873,3,33.2270300268103,30.0469581880672,1.53846591711044,-1.52358766645193,1.26323869610417,-1.2532475604961,1.25824312830013,
42910,42910,2,14306.207,3,33.2266142843963,30.0457713105306,1.53858307749033,-1.52452159672976,1.26252921455548,-1.25361701616736,1.25807311536142,
42920,42920,2,14309.54,3,33.2259929059497,30.046157995679,1.53548857197165,-1.52541594579816,1.26211561419347,-1.25366646939686,1.25789104179517,
42930,42930,2,14312.873,3,33.2264757035917,30.0456483759458,1.53848314657807,-1.52277210727334,1.26301936963434,-1.25385608667609,1.25843772815521,
42940,42940,2,14316.207,3,33.2261404274514,30.0463949241515,1.54116842895746,-1.52473812922835,1.2632431664526,-1.25322194912488,1.25823255778874,
42950,42950,2,14319.54,3,33.2264310001063,30.0454807378757,1.53531972318888,-1.52572179213166,1.26206318073168,-1.25372663283614,1.25789490678391,
42960,42960,2,14322.873,3,33.226936149491,30.0456282593774,1.5391331166029,-1.52354473248124,1.26259626978192,-1.25342078649775,1.25800852813983,
42970,42970,2,14326.207,3,33.226994264022,30.0461423494592,1.53535353019834,-1.52577757835388,1.26379218111912,-1.2532938472288,1.25854301417396,
42980,42980,2,14329.54,3,33.2262924193017,30.0445419646829,1.53588065877557,-1.52316968888044,1.26285499119729,-1.25375149914928,1.25830324517329,
42990,42990,2,14332.873,3,33.2256531594609,30.0469425418473,1.5354641713202,-1.52252856642008,1.2629523144079,-1.25349817940494,1.25822524690642,
43000,43000,2,14336.207,3,33.2250340161885,30.0455097951412,1.5369325876236,-1.52247762307525,1.26297420048875,-1.25284895442778,1.25791157745827,
43010,43010,2,14339.54,3,33.2256688056807,30.0446224309566,1.5388261526823,-1.5233856625855,1.26142047501266,-1.25329105326103,1.25735576413684,
43020,43020,2,14342.873,3,33.2259236155474,30.0457668401821,1.53561197221279,-1.52309760451317,1.26291915932371,-1.25317622118574,1.25804769025472,
43030,43030,2,14346.207,3,33.2259884356011,30.0461602308533,1.53859499841928,-1.52373919263482,1.26246793352909,-1.2528725168893,1.25767022520919,
43040,43040,2,14349.54,3,33.2257000981205,30.0470408895151,1.53431901708245,-1.52461482211947,1.26182578660362,-1.25276308648503,1.25729443654432,
43050,43050,2,14352.873,3,33.225038486537,30.047847787426,1.53605714440346,-1.52109246701002,1.26199500791813,-1.25217514253427,1.2570850752262,
43060,43060,2,14356.207,3,33.2258520899708,30.0469850101584,1.53461657464504,-1.52335846796632,1.26237414934432,-1.25217691204719,1.25727553069576,
43070,43070,2,14359.54,3,33.2252061246072,30.0468218424368,1.53621481731534,-1.52335893362761,1.2610973060741,-1.25217020652454,1.25663375629932,
43080,43080,2,14362.873,3,33.2263840614467,30.0474074580951,1.53807988390327,-1.52385691180825,1.26222020172028,-1.25253658883126,1.25737839527577,
43090,43090,2,14366.207,3,33.2255525766188,30.0472018220624,1.53570491820574,-1.52292549610138,1.26195812754359,-1.25330036648692,1.25762924701525,
43100,43100,2,14369.54,3,33.2258945582819,30.0465178587363,1.53574422001839,-1.52428904548287,1.26171980209293,-1.25274548448809,1.25723264329051,
43110,43110,2,14372.873,3,33.2253603516317,30.0464217462427,1.53513522818685,-1.52251720428467,1.26275524654795,-1.25312974818852,1.25794249736824,
43120,43120,2,14376.207,3,33.2255190490048,30.0459545948206,1.53729263693094,-1.52431828901172,1.26259030931735,-1.25302143537136,1.25780587234436,
43130,43130,2,14379.54,3,33.2265181719028,30.0449912347109,1.53635079041123,-1.52484811842442,1.26224758260441,-1.25417897621787,1.25821327941114,
43140,43140,2,14382.873,3,33.2261694847169,30.0449487663998,1.53746036812663,-1.52270374819636,1.26285936841346,-1.25364253440631,1.25825095140989,
43150,43150,2,14386.207,3,33.2264935849858,30.0439809359415,1.53663847595453,-1.52541846036911,1.26289568999445,-1.25388281563441,1.25838925281443,
43160,43160,2,14389.54,3,33.2272513090628,30.0442402161567,1.53825171291828,-1.52479652315378,1.26394789825609,-1.25382116207898,1.25888453016753,
43170,43170,2,14392.873,3,33.2269786178021,30.045400271602,1.5360196121037,-1.52284931391478,1.26358859400105,-1.25304043435219,1.25831451417662,
43180,43180,2,14396.207,3,33.2270076750676,30.0453242756769,1.53548792004585,-1.52183724567294,1.26275347703503,-1.25286748774731,1.25781048239117,
43190,43190,2,14399.54,3,33.2258275030538,30.0447721876326,1.53717631474137,-1.52439773082733,1.2634174169091,-1.2533714264005,1.2583944216548,
43200,43200,2,14402.873,3,33.2257403312573,30.0440479911696,1.53796877712011,-1.52550470083952,1.26318579698109,-1.25394381726402,1.25856480712255,
43210,43210,2,14406.207,3,33.2258923231076,30.0455544986266,1.53884021565318,-1.5221786685288,1.26239817746713,-1.25313067951111,1.25776442848912,
43220,43220,2,14409.54,3,33.2267707465951,30.0455097951412,1.53634427115321,-1.52263464406133,1.2624259308803,-1.25348765545967,1.25795679316999,
43230,43230,2,14412.873,3,33.225671040855,30.0463569261889,1.53621593490243,-1.52240712195635,1.26300688991164,-1.25330874839023,1.25815781915093,
43240,43240,2,14416.207,3,33.2260800777461,30.0454785027014,1.53923342004418,-1.52405835688114,1.262235568543,-1.25289952524439,1.2575675468937,
43250,43250,2,14419.54,3,33.2266187547449,30.0459255375551,1.53901614248753,-1.52208330109715,1.26304134884745,-1.25262273617079,1.25783204250912,
43260,43260,2,14422.873,3,33.2259280858959,30.0451655783038,1.53650250285864,-1.52294347062707,1.26316372463572,-1.25300821059059,1.25808596761315,
43270,43270,2,14426.207,3,33.2260174928666,30.0442938603391,1.53806954622269,-1.52513049542904,1.26282351249377,-1.25333584987758,1.25807968118567,
43280,43280,2,14429.54,3,33.2261001943146,30.0455723800207,1.53739899396896,-1.52287483215332,1.26240600057689,-1.25281803451781,1.25761201754735,
43290,43290,2,14432.873,3,33.2258923231076,30.044792304201,1.53858242556453,-1.52302077040076,1.26325918520114,-1.25309072577202,1.25817495548658,
43300,43300,2,14436.207,3,33.2269585012337,30.0449107684372,1.53764821588993,-1.52472835034132,1.26229899161135,-1.25345068195287,1.25787483678211,
43310,43310,2,14439.54,3,33.2270657895986,30.0443162120818,1.5360701829195,-1.52400564402342,1.26219803624265,-1.25377198824625,1.25798501224445,
43320,43320,2,14442.873,3,33.2266187547449,30.0436925984609,1.53648313134909,-1.52357434853911,1.263132897858,-1.25442223767825,1.25877756776813,
43330,43330,2,14446.207,3,33.2269227384454,30.0450761713331,1.53923127800226,-1.52508970350027,1.26339636901858,-1.25357054317014,1.25848345609436,
43340,43340,2,14449.54,3,33.2275508224148,30.0441284574433,1.53941456228495,-1.52670992538333,1.26257196226234,-1.25399829963551,1.25828513094892,
43350,43350,2,14452.873,3,33.2269048570512,30.0443296231274,1.5389759093523,-1.52506111189723,1.26257298671719,-1.25353170701816,1.25805234686767,
43360,43360,2,14456.207,3,33.227336245685,30.0440703429123,1.53874522075057,-1.52485845610499,1.26271687605727,-1.25427955905754,1.2584982175574,
43370,43370,2,14459.54,3,33.2271306096523,30.0437775350831,1.53765557333827,-1.52591383084655,1.26168953410877,-1.25398619244184,1.25783786327531,
43380,43380,2,14462.873,3,33.2264578221975,30.0438557661825,1.53903057798743,-1.52501175180078,1.26238737412509,-1.25414824257242,1.25826780834876,
43390,43390,2,14466.207,3,33.2265181719028,30.0439742304187,1.53971184045076,-1.52476998046041,1.26274807536401,-1.25436673085192,1.25855740310797,
43400,43400,2,14469.54,3,33.2266411064875,30.0442648030736,1.53744155541062,-1.52581166476011,1.2618677892524,-1.25381175572083,1.25783977248661,
43410,43410,2,14472.873,3,33.2262477158163,30.0439071751907,1.54026038944721,-1.52474334463477,1.26247771241628,-1.25460552196387,1.25854161719007,
43420,43420,2,14476.207,3,33.225637513241,30.0450448788933,1.5389796346426,-1.52491582557559,1.2626392037533,-1.25405818367801,1.25834869371566,
43430,43430,2,14479.54,3,33.2255548117931,30.0448861815203,1.53861176222563,-1.52451964095235,1.26155868328494,-1.25313673310794,1.25734770819644,
43440,43440,2,14482.873,3,33.2266455768361,30.0463569261889,1.53572717681527,-1.52459209784865,1.26260800444655,-1.25336760797789,1.25798780621222,
43450,43450,2,14486.207,3,33.2260130225181,30.0439809359415,1.53785021975636,-1.5242338180542,1.26273466431873,-1.25309836261726,1.25791651346799,
43460,43460,2,14489.54,3,33.2261046646631,30.045125345167,1.53638748452067,-1.52552090585232,1.26220297225237,-1.25334656008736,1.25777476616987,
43470,43470,2,14492.873,3,33.2263103006958,30.044575492297,1.53519278392196,-1.52391958981752,1.26303259441511,-1.2537094965005,1.2583710454578,
43480,43480,2,14496.207,3,33.2258230327053,30.043576369399,1.53760984539986,-1.52274956926703,1.26288023003947,-1.25330185660306,1.25809104332127,
43490,43490,2,14499.54,3,33.2262946544759,30.0435383714364,1.53566859662533,-1.52530185878277,1.26157181493345,-1.25377515474306,1.25767348483826,
43500,43500,2,14502.873,3,33.2262901841274,30.0445017315461,1.53929414227605,-1.52199976146221,1.26266220742126,-1.25302888595208,1.25784554668667,
43510,43510,2,14506.207,3,33.226578521608,30.0438155330457,1.53873655945063,-1.52473142370582,1.26274332561881,-1.25325249650582,1.25799791106231,
43520,43520,2,14509.54,3,33.2261113701859,30.0439205862363,1.53830647468567,-1.52441263198853,1.26214625470667,-1.25357352340243,1.25785988905455,
43530,43530,2,14512.873,3,33.2266858099729,30.0439787007673,1.5354766510427,-1.52368349954486,1.26340055997023,-1.25381017247242,1.25860536622133,
43540,43540,2,14516.207,3,33.2272133111003,30.0431047476283,1.5388373285532,-1.52351446449757,1.26402938898267,-1.25374814638796,1.25888876768532,
43550,43550,2,14519.54,3,33.2265964030022,30.0431449807651,1.53792994096875,-1.52508914470673,1.26240777008981,-1.25412635649156,1.25826706329068,
43560,43560,2,14522.873,3,33.2264310001063,30.0446179606081,1.53783624991775,-1.52367791160941,1.26295194187886,-1.25354260349246,1.25824727268566,
43570,43570,2,14526.207,3,33.2277296363563,30.0440278746012,1.53829399496317,-1.52580607682467,1.26295454958211,-1.25363126540298,1.25829290749254,
43580,43580,2,14529.54,3,33.2275821148546,30.0428409970646,1.53606170788407,-1.52611089870334,1.26297187218228,-1.25431262100947,1.25864224659587,
43590,43590,2,14532.873,3,33.2271730779634,30.0440479911696,1.54086742550135,-1.52336098253727,1.26340149129282,-1.25350125276948,1.25845137203115,
43600,43600,2,14536.207,3,33.2264242945835,30.0436546004984,1.5384272672236,-1.52556207031012,1.26380782733863,-1.25372635343937,1.258767090389,
43610,43610,2,14539.54,3,33.2265181719028,30.0436456598013,1.53714763000607,-1.52395684272051,1.26252837636515,-1.25418102512757,1.25835470074636,
43620,43620,2,14542.873,3,33.2264801739402,30.0435137845194,1.5396585687995,-1.52498912066221,1.26309471363183,-1.25411331797531,1.25860401580357,
43630,43630,2,14546.207,3,33.2265092312057,30.0438244737427,1.53639800846577,-1.52358515188098,1.26221722148799,-1.25352714353747,1.25787218251273,
43640,43640,2,14549.54,3,33.2268936811799,30.0439071751907,1.53916832059622,-1.524443551898,1.26222597592033,-1.25330967971282,1.25776782781657,
43650,43650,2,14552.873,3,33.2266455768361,30.0445821978198,1.53726888820529,-1.52275860309601,1.2630407900539,-1.25279801108214,1.25791940056802,
43660,43660,2,14556.207,3,33.2261828957625,30.0451946355693,1.53750022873282,-1.52403935790062,1.26241801463829,-1.2534603677078,1.25793919117305,
43670,43670,2,14559.54,3,33.226270067559,30.0456126131575,1.53941754251719,-1.52552770450711,1.26149777478759,-1.25259312011244,1.25704544745002,
43680,43680,2,14562.873,3,33.2259414969415,30.0455612041494,1.5373514033854,-1.52448732405901,1.26255165942989,-1.25271568216522,1.25763367079755,
43690,43690,2,14566.207,3,33.2265069960314,30.045275101843,1.53954299166799,-1.52473244816065,1.26227794372083,-1.25220876327975,1.25724335350029,
43700,43700,2,14569.54,3,33.2253581164574,30.0451655783038,1.53797892853618,-1.52425915002823,1.26171086139607,-1.25251824177625,1.25711455158616,
43710,43710,2,14572.873,3,33.2266098140478,30.0457154311739,1.53949465602636,-1.5226156450808,1.26381648863871,-1.25274744026553,1.25828196445212,
43720,43720,2,14576.207,3,33.2260689018748,30.0450314678477,1.5348169952631,-1.52306659147143,1.26251207821983,-1.25268960513272,1.25760084167627,
43730,43730,2,14579.54,3,33.2264846442887,30.0457444884394,1.53720146045089,-1.5245582908392,1.26156985915602,-1.25244811318526,1.25700898617064,
43740,43740,2,14582.873,3,33.226187366111,30.0448973573916,1.53821799904108,-1.52295650914311,1.2634632379805,-1.2530717267912,1.25826748238585,
43750,43750,2,14586.207,3,33.2256486891123,30.0439339972819,1.53723880648613,-1.52399120852351,1.26289904275578,-1.25270981483291,1.25780442879434,
43760,43760,2,14589.54,3,33.2264064131894,30.0448414780349,1.53648778796196,-1.52535736560822,1.26203552045078,-1.25294311114158,1.25748931579618,
43770,43770,2,14592.873,3,33.2257492719544,30.0450739361588,1.53735624626279,-1.52349779382348,1.26302011469241,-1.25260215394156,1.25781113431699,
43780,43780,2,14596.207,3,33.2261828957625,30.0442960955134,1.53406960889697,-1.52563955634832,1.26316437656153,-1.25326823585758,1.25821630620956,
43790,43790,2,14599.54,3,33.2268422721717,30.0443631507415,1.53634147718549,-1.5254020690918,1.26225428812705,-1.25322437056362,1.25773932934534,
43800,43800,2,14602.873,3,33.2258006809626,30.0445263184631,1.53665440157056,-1.52337532490492,1.26181144423574,-1.25256154827666,1.2571864962562,
43810,43810,2,14606.207,3,33.2265181719028,30.0451007582501,1.53745906427503,-1.52383968234062,1.26282984548737,-1.25298818715492,1.25790901632115,
43820,43820,2,14609.54,3,33.2271507262208,30.0438736475767,1.53794242069125,-1.52621250599623,1.26277778455462,-1.25346614190786,1.25812196323124,
43830,43830,2,14612.873,3,33.2263751207496,30.0431382752423,1.53619153425097,-1.52401216328144,1.26315115178076,-1.2540466352779,1.25859889352933,
43840,43840,2,14616.207,3,33.2269070922255,30.0453578032909,1.53928436338902,-1.5249882824719,1.26237321802173,-1.25283694036638,1.25760507919406,
43850,43850,2,14619.54,3,33.2266679285788,30.0460350610943,1.53917018324137,-1.52394780889153,1.26135789013464,-1.25170892244596,1.2565334062903,
43860,43860,2,14622.873,3,33.2265874623051,30.0444525577122,1.53974825516343,-1.52340168133378,1.26257419743655,-1.25273253910409,1.25765336827032,
43870,43870,2,14626.207,3,33.2272960125482,30.0433170891838,1.53989382088184,-1.52551932260394,1.2634693847096,-1.25258240990266,1.25802589730613,
43880,43880,2,14629.54,3,33.227544116892,30.0451924003951,1.54002914205194,-1.52106694877148,1.26378407861259,-1.25174487149791,1.25776447505525,
43890,43890,2,14632.873,3,33.2268154500805,30.0448213614665,1.54018318280578,-1.52258509770036,1.26293406048514,-1.25248620427917,1.25771013238215,
43900,43900,2,14636.207,3,33.2262655972104,30.045033703022,1.53914289548993,-1.52590582147241,1.26308195451236,-1.25276131697211,1.25792163574223,
43910,43910,2,14639.54,3,33.226761805898,30.0456819035599,1.53626352548599,-1.52464415878057,1.26241224043823,-1.2526462986323,1.25752926953527,
43920,43920,2,14642.873,3,33.2270680247728,30.0435316659136,1.53900729492307,-1.52161903679371,1.26247212448074,-1.25238124422333,1.25742668435203,
43930,43930,2,14646.207,3,33.2267729817694,30.0448683001261,1.53808640316129,-1.52404895052314,1.26281559625175,-1.25282380871787,1.25781970248481,
43940,43940,2,14649.54,3,33.2266768692758,30.0440524615181,1.53765147551894,-1.52553683146834,1.2615801037045,-1.25283228375343,1.25720619372897,
43950,43950,2,14652.873,3,33.2264622925461,30.0448057152466,1.5348918735981,-1.52092613279819,1.26422301094903,-1.25255195565399,1.25838748330151,
43960,43960,2,14656.207,3,33.2263773559239,30.0443072713847,1.53431687504053,-1.52506800368428,1.26283766859713,-1.25291684784456,1.25787725822084,
43970,43970,2,14659.54,3,33.2257380960831,30.0439027048421,1.53635470196605,-1.52562893927097,1.26200860522794,-1.25347321995954,1.25774091259374,
43980,43980,2,14662.873,3,33.2269473253623,30.0437730647346,1.53785767033696,-1.52310179546475,1.26371115605383,-1.25332914435494,1.25852015020439,
43990,43990,2,14666.207,3,33.227119433781,30.0431986249476,1.53717128559947,-1.52489971369505,1.26353690559734,-1.2532559423994,1.25839642399837,
44000,44000,2,14669.54,3,33.2258275030538,30.0444771446291,1.53734497725964,-1.52604784816504,1.2621804342457,-1.2528210147501,1.2575007244979,
44010,44010,2,14672.873,3,33.2251368342049,30.0436255432329,1.53439901769161,-1.52289094403386,1.26305708819922,-1.25401776427763,1.25853742623842,
44020,44020,2,14676.207,3,33.2263170062186,30.0424185491279,1.53695866465569,-1.52492206543684,1.26311808982883,-1.25428207362853,1.25870008172868,
44030,44030,2,14679.54,3,33.2269920288477,30.0424297249992,1.53596261516213,-1.52602260932326,1.26228930585642,-1.25379489878196,1.25804210231919,
44040,44040,2,14682.873,3,33.2258833824105,30.0431516862879,1.53969991952181,-1.52427311986685,1.26374067897992,-1.25416109482415,1.25895088690204,
44050,44050,2,14686.207,3,33.2256553946351,30.0422442055349,1.53665179386735,-1.52511727064848,1.26272823819286,-1.25369087004871,1.25820955412078,
44060,44060,2,14689.54,3,33.2262365399449,30.0442491568538,1.54039561748505,-1.52431074529886,1.26185819662973,-1.25286422811825,1.25736121237399,
44070,44070,2,14692.873,3,33.2258587954936,30.0441664554058,1.53663819655776,-1.52364019304514,1.26380931745477,-1.25341687494287,1.25861309619882,
44080,44080,2,14696.207,3,33.2251793025159,30.0444302059695,1.54017135500908,-1.52296433225274,1.26335930237951,-1.25196894771295,1.25766412504623,
44090,44090,2,14699.54,3,33.2253558812832,30.0448794759975,1.53747955337167,-1.52371916919947,1.26185922108458,-1.25173211237843,1.25679566673151,
44100,44100,2,14702.873,3,33.2254318772083,30.043701539158,1.53560908511281,-1.52354883030057,1.26298807719533,-1.25299256437109,1.25799032078321,
44110,44110,2,14706.207,3,33.2257269202117,30.0428812302015,1.53758432716131,-1.5225769020617,1.26225419499479,-1.2532470948348,1.2577506449148,
44120,44120,2,14709.54,3,33.225762683,30.0449197091343,1.53903942555189,-1.52389192953706,1.2619796410954,-1.25211097440785,1.25704530775163,
44130,44130,2,14712.873,3,33.2268132149062,30.0446492530478,1.54042774811387,-1.5230780467391,1.26352396021334,-1.25252876572151,1.25802636296742,
44140,44140,2,14716.207,3,33.2258565603193,30.043285796744,1.53380800038576,-1.52391046285629,1.26252474420705,-1.25267498336806,1.25759986378755,
44150,44150,2,14719.54,3,33.2258587954936,30.0447319544958,1.53672164306045,-1.52390254661441,1.26206411205427,-1.25238990552341,1.25722700878884,
44160,44160,2,14722.873,3,33.2257403312573,30.0438088275229,1.53808295726776,-1.5245582908392,1.26272199833151,-1.25339936607819,1.25806068220485,
44170,44170,2,14726.207,3,33.2256509242866,30.0428566432845,1.5393391251564,-1.52388866990805,1.26313457423866,-1.25317845635995,1.25815651529931,
44180,44180,2,14729.54,3,33.2257827995684,30.04400105251,1.53541313484311,-1.5246638096869,1.26232870080196,-1.25250082604382,1.25741476342289,
44190,44190,2,14732.873,3,33.2257559774772,30.0432008601218,1.53597174212337,-1.52342896908522,1.26249978476165,-1.25335224115516,1.2579260129584,
44200,44200,2,14736.207,3,33.2264779387659,30.0432388580844,1.53731219470501,-1.52633525431156,1.26256339409451,-1.25303130739081,1.25779735074266,
44210,44210,2,14739.54,3,33.2268869756571,30.0439652897217,1.53969647362828,-1.52574153617024,1.26334309736646,-1.25274548448809,1.25804429092727,
44220,44220,2,14742.873,3,33.2262298344221,30.0429616964751,1.53799904510379,-1.52337541803718,1.26261647948212,-1.2532507269929,1.25793360323751,
44230,44230,2,14746.207,3,33.226636636139,30.0428052342763,1.53732225298882,-1.52532625943422,1.26417523410019,-1.25318450995679,1.25867987202849,
44240,44240,2,14749.54,3,33.2258811472363,30.0433752037148,1.53747592121363,-1.52575066313148,1.26157926551417,-1.25274995483652,1.25716461017534,
44250,44250,2,14752.873,3,33.2266388713133,30.0436836577638,1.53611535206437,-1.52579825371504,1.26292120823341,-1.25287503146029,1.25789811984685,
44260,44260,2,14756.207,3,33.2262052475052,30.0436344839299,1.53696397319436,-1.52444522827864,1.26248441793892,-1.25266371436473,1.25757406615183,
44270,44270,2,14759.54,3,33.2269875584992,30.043426612723,1.53598543256521,-1.52415633201599,1.26213452004204,-1.25248676307272,1.25731064155738,
44280,44280,2,14762.873,3,33.2262186585508,30.0443251527789,1.53641905635595,-1.52351539582014,1.2621929139684,-1.25327158861891,1.25773225129365,
44290,44290,2,14766.207,3,33.2264846442887,30.0437663592118,1.53817366808653,-1.52568249031901,1.26268884324732,-1.25268997766175,1.25768941045454,
44300,44300,2,14769.54,3,33.2265651105624,30.0429169929897,1.53568964451551,-1.52542758733034,1.26233941101173,-1.25297943272257,1.25765942186715,
44310,44310,2,14772.873,3,33.2261560736713,30.0445486702057,1.53649700805545,-1.52434594929218,1.2626371548436,-1.25238264120721,1.25750989802541,
44320,44320,2,14776.207,3,33.2267796872922,30.0441753961029,1.53819359838963,-1.52643388137221,1.2628951312009,-1.25257244475096,1.25773378797593,
44330,44330,2,14779.54,3,33.2261761902397,30.0432746208727,1.539471372962,-1.52276130393147,1.26224385731405,-1.25258734591239,1.25741560161322,
44340,44340,2,14782.873,3,33.22742788783,30.0434132016774,1.54088577255607,-1.52592631056905,1.26277862274495,-1.25291219123161,1.25784540698828,
44350,44350,2,14786.207,3,33.2280492662767,30.0427627659652,1.53849758207798,-1.52661018073559,1.26320172259737,-1.25311885171422,1.2581602871558,
44360,44360,2,14789.54,3,33.2281744360357,30.042794058405,1.54109206050634,-1.5252236276865,1.26306630829285,-1.25324886434772,1.25815758632029,
44370,44370,2,14792.873,3,33.2279509186089,30.0428029991021,1.54027789831161,-1.52410324662924,1.26344330767709,-1.25368593403898,1.25856462085804,
44380,44380,2,14796.207,3,33.2265293477741,30.0430645144915,1.53973670676351,-1.52532802894711,1.26260427915619,-1.25324644290899,1.25792536103259,
44390,44390,2,14799.54,3,33.2283107816661,30.0435137845194,1.54013372957706,-1.52694182470441,1.26252399914898,-1.25335997113265,1.25794198514081,
44400,44400,2,14802.873,3,33.2281945526041,30.0424766636589,1.54317421838641,-1.52755826711655,1.26384340386154,-1.25398088390308,1.25891214388231,
44410,44410,2,14806.207,3,33.2278346895469,30.0422687924519,1.54015691950917,-1.52627741917968,1.26391390498157,-1.25316672169533,1.25854031333845,
44420,44420,2,14809.54,3,33.2290394484776,30.0421883261782,1.53891099616885,-1.52548188343644,1.26336340019891,-1.25414926702727,1.25875633361309,
44430,44430,2,14812.873,3,33.2274815320125,30.0430488682716,1.53824705630541,-1.52541985735297,1.26355283121362,-1.25351000720182,1.25853141920772,
44440,44440,2,14816.207,3,33.2282861947491,30.042127976473,1.53896939009428,-1.52552863582969,1.2634845652678,-1.25291712724134,1.25820084625457,
44450,44450,2,14819.54,3,33.2270412026816,30.0426420665547,1.53795005753636,-1.5270235016942,1.26305233845401,-1.25397082561911,1.25851158203656,
44460,44460,2,14822.873,3,33.2266813396244,30.0437462426434,1.53847290202975,-1.52445519343019,1.26362873400466,-1.25375867033322,1.25869370216894,
44470,44470,2,14826.207,3,33.2265472291683,30.0439295269334,1.5381932258606,-1.5264286659658,1.26307478332842,-1.25315126174034,1.25811302253438,
44480,44480,2,14829.54,3,33.2265941678279,30.0436322487557,1.5365295112133,-1.52474548667669,1.2624597378903,-1.25357184702177,1.25801579245603,
44490,44490,2,14832.873,3,33.2263728855753,30.0434288478972,1.53881423175335,-1.52312833815813,1.26308782184467,-1.2525646216412,1.25782622174294,
44500,44500,2,14836.207,3,33.2272736608055,30.0444816149777,1.54241370037198,-1.5251980163157,1.26288395532983,-1.25234361879071,1.25761378706027,
44510,44510,2,14839.54,3,33.2273541270792,30.043759653689,1.54054872691631,-1.52333909645677,1.26308269957043,-1.25280266769508,1.25794268363276,
44520,44520,2,14842.873,3,33.227211075926,30.0438959993193,1.54041377827525,-1.52356121689081,1.26376582468984,-1.25319466137301,1.25848024303143,
44530,44530,2,14846.207,3,33.2274792968382,30.0435294307393,1.54194813221693,-1.52471866458654,1.26303464332481,-1.25296052687401,1.25799758509941,
44540,44540,2,14849.54,3,33.2266478120103,30.0429482854295,1.53763480484486,-1.52678471058607,1.26254392945239,-1.25334032022601,1.2579421248392,
44550,44550,2,14852.873,3,33.2270076750676,30.0429639316494,1.5403994359076,-1.52501165866852,1.26393914382375,-1.25350441926628,1.25872178154502,
44560,44560,2,14856.207,3,33.2266791044501,30.0434780217311,1.53966126963496,-1.52315953746438,1.26363534639505,-1.25238813601049,1.25801174120277,
44570,44570,2,14859.54,3,33.227119433781,30.0435629583533,1.53787918388844,-1.52492700144649,1.26364512528224,-1.25309398540108,1.25836955534166,
44580,44580,2,14862.873,3,33.2273563622535,30.0438222385685,1.54088418930769,-1.52408760040998,1.26367679025028,-1.25251004613746,1.25809341819387,
44590,44590,2,14866.207,3,33.2266120492221,30.0439407028047,1.53804300352931,-1.52575066313148,1.26205284305094,-1.25267973311327,1.2573662880821,
44600,44600,2,14869.54,3,33.2267774521179,30.0428499377617,1.53574524447322,-1.52369979768991,1.26285536372633,-1.25328509279645,1.25807022826139,
44610,44610,2,14872.873,3,33.2271216689553,30.0429639316494,1.53823643922806,-1.52328610420227,1.26303482958933,-1.25331638523546,1.25817560741239,
44620,44620,2,14876.207,3,33.2274748264897,30.0440703429123,1.54045103117824,-1.52498679235578,1.26258518704311,-1.25312602289816,1.25785560497064,
44630,44630,2,14879.54,3,33.2280559717995,30.0438535310082,1.53828104957938,-1.52656733989716,1.26320796245872,-1.25281924523718,1.25801360384795,
44640,44640,2,14882.873,3,33.2272200166231,30.0429549909523,1.53664350509644,-1.52270533144474,1.26390915523636,-1.25329887637078,1.25860401580357,
44650,44650,2,14886.207,3,33.227477061664,30.0445039667204,1.53994746506214,-1.52459423989058,1.26383846785182,-1.25285612561172,1.25834729673177,
44660,44660,2,14889.54,3,33.227693873568,30.0435003734738,1.53874279931188,-1.52542190626264,1.26332139755012,-1.2529927506356,1.25815707409286,
44670,44670,2,14892.873,3,33.2265360532969,30.0439854062901,1.54073657467961,-1.5239761210978,1.26326821903026,-1.25275675349142,1.25801248626084,
44680,44680,2,14896.207,3,33.226911562574,30.0450269974992,1.53675200417638,-1.52519270777702,1.26314509818393,-1.25235255948757,1.25774882883575,
44690,44690,2,14899.54,3,33.2267394541554,30.044068107738,1.53721170499921,-1.52397844940424,1.26276372158352,-1.25253239787961,1.25764805973156,
44700,44700,2,14902.873,3,33.2273876546932,30.0439004696679,1.54127581045032,-1.52442036196589,1.26353001381017,-1.25273430861701,1.25813216121359,
44710,44710,2,14906.207,3,33.2272401331915,30.0439228214106,1.53742237016559,-1.52535447850823,1.2629736416952,-1.25264890633556,1.25781127401538,
44720,44720,2,14909.54,3,33.2271283744781,30.0448526539063,1.54007272794843,-1.52431931346655,1.26236315973777,-1.25256694994768,1.25746505484272,
44730,44730,2,14912.873,3,33.2273474215564,30.0432500339558,1.53869614005089,-1.52455233037472,1.26392610530749,-1.25222785539283,1.25807698035016,
44740,44740,2,14916.207,3,33.2275709389832,30.0434981382996,1.53935868293047,-1.52495866641402,1.26273038023481,-1.25294916473842,1.25783977248661,
44750,44750,2,14919.54,3,33.2272468387143,30.0433528519721,1.53761133551598,-1.52431465685368,1.26359278495271,-1.25313822322409,1.2583655040884,
44760,44760,2,14922.873,3,33.2268623887401,30.0438781179252,1.53893446549773,-1.52216171845794,1.26353364596827,-1.25196671253873,1.2577501792535,
44770,44770,2,14926.207,3,33.2268914460056,30.0433729685405,1.53721133247018,-1.52424620464444,1.26303324634092,-1.25252839319247,1.2577808197667,
44780,44780,2,14929.54,3,33.2270188509389,30.0437752999088,1.53879122808576,-1.52381416410208,1.26264199772107,-1.25204978651372,1.25734589211739,
44790,44790,2,14932.873,3,33.2271104930839,30.0426353610319,1.54221812263131,-1.52469910681248,1.26269126468605,-1.25320816555056,1.25794971511831,
44800,44800,2,14936.207,3,33.2272423683658,30.0428812302015,1.53994001448154,-1.52512192726135,1.2629497998369,-1.25309147083009,1.2580206353335,
44810,44810,2,14939.54,3,33.2272870718511,30.0427091217828,1.54041405767202,-1.5267794020474,1.26218695350383,-1.25347331309179,1.25783013329781,
44820,44820,2,14942.873,3,33.2277564584475,30.0427001810857,1.54231004416943,-1.52630498632789,1.26397220577568,-1.25359550261554,1.25878385419561,
44830,44830,2,14946.207,3,33.2284672438649,30.0420653915935,1.5385034494102,-1.52703048661351,1.26418957646807,-1.25322893404431,1.25870925525619,
44840,44840,2,14949.54,3,33.2278481005925,30.0420519805478,1.53980702161789,-1.52532095089555,1.26320703113613,-1.25383606324041,1.25852154718827,
44850,44850,2,14952.873,3,33.2281453787702,30.0421682096098,1.54161229729652,-1.52529058977962,1.26426724877203,-1.2537006489359,1.25898394885396,
44860,44860,2,14956.207,3,33.2279151558206,30.0424341953478,1.53787415474653,-1.52544220909476,1.26390515054923,-1.25352732980199,1.25871624017561,
44870,44870,2,14959.54,3,33.2283308982345,30.0423805511653,1.53774283826351,-1.52650875970721,1.26286635333288,-1.25407848651046,1.25847241992167,
44880,44880,2,14962.873,3,33.2277609287961,30.0431382752423,1.5392473898828,-1.5239262022078,1.26389714117496,-1.25291973494459,1.25840843805977,
44890,44890,2,14966.207,3,33.2264332352806,30.0425750113267,1.53697282075882,-1.52584640309215,1.26281848335178,-1.25357408219598,1.25819628277388,
44900,44900,2,14969.54,3,33.2275217651493,30.0428946412471,1.53992064297199,-1.52390347793698,1.26272460603476,-1.25332476713877,1.25802468658676,
44910,44910,2,14972.873,3,33.2268176852547,30.04306898484,1.53847383335233,-1.52475349605083,1.26305289724756,-1.25292616107045,1.25798952915901,
44920,44920,2,14976.207,3,33.2268869756571,30.0433908499347,1.53816100209951,-1.52579015120864,1.26240283408008,-1.25236503921027,1.25738393664518,
44930,44930,2,14979.54,3,33.2275575279376,30.0438088275229,1.53677212074399,-1.52492038905621,1.26328814933368,-1.25226007915443,1.25777411424405,
44940,44940,2,14982.873,3,33.2267260431097,30.0434333182458,1.54188200831413,-1.52362296357751,1.2636697121986,-1.25256862632834,1.25811916926347,
44950,44950,2,14986.207,3,33.227452474747,30.0430868662342,1.53940292075276,-1.52565445750952,1.26349164331948,-1.25302283235525,1.25825723783737,
44960,44960,2,14989.54,3,33.2258587954936,30.0425750113267,1.5382993966341,-1.52609134092927,1.26302868286024,-1.25314939909516,1.2580890409777,
44970,44970,2,14992.873,3,33.2271864890091,30.0448705353004,1.5379068441689,-1.52458343654871,1.26244288095143,-1.25275172434944,1.25759730265043,
44980,44980,2,14996.207,3,33.2270792006442,30.0430242813546,1.54089676216245,-1.5251305885613,1.26378873522554,-1.25295670845139,1.25837272183847,
44990,44990,2,14999.54,3,33.2270367323331,30.0424990154015,1.53970997780561,-1.52777265757322,1.26296963700806,-1.25329570987397,1.25813267344102,
45000,45000,2,15002.873,3,33.2268109797319,30.0420586860706,1.53986224904656,-1.52449971064925,1.26348009491937,-1.25330446430632,1.25839227961285,
45010,45010,2,15006.207,3,33.2269875584992,30.0433170891838,1.54102053493261,-1.52593404054642,1.26394435923025,-1.25264033816773,1.25829234869899,
45020,45020,2,15009.54,3,33.2255414007474,30.0428074694506,1.5377645380795,-1.52720985934138,1.26219282083614,-1.25304024808767,1.25761653446191,
45030,45030,2,15012.873,3,33.2261292515801,30.0424543119162,1.53771294280887,-1.52472462505102,1.26392591904298,-1.25357827314763,1.2587520960953,
45040,45040,2,15016.207,3,33.2260107873438,30.0407824015633,1.54027696698904,-1.52689591050148,1.26296386280801,-1.25346856334659,1.2582162130773,
45050,45050,2,15019.54,3,33.2266232250934,30.0425124264472,1.53951551765203,-1.52538418769836,1.26358151594937,-1.25357454785728,1.25857803190332,
45060,45060,2,15022.873,3,33.2267953335121,30.0422240889665,1.53577895835042,-1.52476113289595,1.26414664249669,-1.2533360361421,1.2587413393194,
45070,45070,2,15026.207,3,33.2258431492737,30.0412115550229,1.5358361415565,-1.52411879971623,1.26287184813616,-1.2529485128126,1.25791018047438,
45080,45080,2,15029.54,3,33.2253692923288,30.0420408046765,1.53680751100183,-1.52499033138156,1.26346230665791,-1.25330474370309,1.2583835251805,
45090,45090,2,15032.873,3,33.2243075845512,30.0415088332006,1.53422262519598,-1.52502888813615,1.26239836373165,-1.25367410624209,1.25803623498687,
45100,45100,2,15036.207,3,33.2260107873438,30.0416295326111,1.53695121407509,-1.52599448338151,1.26242164679639,-1.25359568888006,1.25800866783822,
45110,45110,2,15039.54,3,33.2260130225181,30.0427851177079,1.53724402189255,-1.52482101693749,1.2625820205463,-1.25290241234442,1.25774221644536,
45120,45120,2,15042.873,3,33.2263505338326,30.0421883261782,1.53845408931375,-1.52423745021224,1.26340419212833,-1.25310422994957,1.25825421103895,
45130,45130,2,15046.207,3,33.2257246850375,30.042069861942,1.53984539210796,-1.52410296723247,1.26284912386498,-1.25290399559282,1.2578765597289,
45140,45140,2,15049.54,3,33.2261650143684,30.0413300192591,1.53738670051098,-1.52435936033726,1.26257512875914,-1.25308849059781,1.25783180967847,
45150,45150,2,15052.873,3,33.225762683,30.0420966840332,1.53779005631804,-1.52497468516231,1.26313187340315,-1.25322120406681,1.25817653873498,
45160,45160,2,15056.207,3,33.2258163271825,30.0413657820474,1.53813846409321,-1.52559336274862,1.26245163538377,-1.25311782725938,1.25778473132157,
45170,45170,2,15059.54,3,33.2264689980689,30.04177034859,1.53907844796777,-1.52541790157557,1.26275329077052,-1.25276373841084,1.25775851459068,
45180,45180,2,15062.873,3,33.2261225460573,30.0431986249476,1.53732374310493,-1.52438888326287,1.2631760180939,-1.25239465526862,1.25778533668126,
45190,45190,2,15066.207,3,33.2270881413412,30.0411199128779,1.54050989076495,-1.52645893394947,1.26304619172492,-1.2534072823202,1.25822673702256,
45200,45200,2,15069.54,3,33.2259906707754,30.0417837596356,1.53702460229397,-1.52785312384367,1.26249019213898,-1.25323265933466,1.25786142573682,
45210,45210,2,15072.873,3,33.2270367323331,30.0413277840849,1.54057051986456,-1.52566889300942,1.26388112242642,-1.25334562876477,1.2586133755956,
45220,45220,2,15076.207,3,33.2271462558722,30.0412227308942,1.53976464644074,-1.527105178684,1.26382021392907,-1.25369971761331,1.25875996577119,
45230,45230,2,15079.54,3,33.2266545175331,30.0408673381855,1.53857432305813,-1.52677446603775,1.26271110185721,-1.25299796604211,1.25785453394966,
45240,45240,2,15082.873,3,33.226453351849,30.0421413875186,1.54015589505434,-1.52475470677018,1.26409001808325,-1.25313971334023,1.25861486571174,
45250,45250,2,15086.207,3,33.2259884356011,30.0408941602768,1.53994113206863,-1.52578298002481,1.26301275724396,-1.253670474084,1.25834161566398,
45260,45260,2,15089.54,3,33.2266187547449,30.0412897861223,1.53855876997113,-1.52556365355849,1.263470967958,-1.25285668440528,1.25816382618164,
45270,45270,2,15092.873,3,33.2267573355495,30.0404180681576,1.53939239680767,-1.52532216161489,1.26380121494824,-1.25353058943105,1.25866590218965,
45280,45280,2,15096.207,3,33.2266209899191,30.0406281745388,1.5380653552711,-1.52546130120754,1.26287911245236,-1.25328621038356,1.25808266141796,
45290,45290,2,15099.54,3,33.2266053436992,30.0405141806511,1.53623921796679,-1.52651984244585,1.26281745889693,-1.25452589388247,1.2586716763897,
45300,45300,2,15102.873,3,33.2263862966209,30.040896395451,1.54168270528316,-1.52532765641809,1.26336638043119,-1.25336285823268,1.25836461933194,
45310,45310,2,15106.207,3,33.2270434378559,30.0401297306769,1.53805278241634,-1.5263419598341,1.26309313038343,-1.25341948264612,1.25825630651478,
45320,45320,2,15109.54,3,33.2269674419307,30.0409410989364,1.53687307611108,-1.52574554085732,1.2631957621328,-1.25329608240301,1.2582459222679,
45330,45330,2,15112.873,3,33.2268802701343,30.0407019352897,1.53850764036179,-1.52553441002965,1.26348912874849,-1.25365091630962,1.25857002252905,
45340,45340,2,15116.207,3,33.2265137015542,30.0408539271399,1.54073694720864,-1.52604253962636,1.26337019885381,-1.25338055336188,1.25837537610785,
45350,45350,2,15119.54,3,33.2265964030022,30.0416161215655,1.540497969836,-1.52717931196094,1.26333061764376,-1.25297449671285,1.2581525571783,
45360,45360,2,15122.873,3,33.2259638486842,30.0414864814579,1.53940776363015,-1.52584565803409,1.2630741314026,-1.25292103879621,1.25799758509941,
45370,45370,2,15126.207,3,33.226578521608,30.0407555794721,1.54123771935701,-1.52754383161664,1.26329355100469,-1.25328155377061,1.25828755238765,
45380,45380,2,15129.54,3,33.2262030123309,30.041137794272,1.53729068115354,-1.52694201096892,1.26270225429261,-1.25310283296569,1.25790254362915,
45390,45390,2,15132.873,3,33.2269808529764,30.0410483873013,1.54248150065541,-1.52570530772209,1.26423875030079,-1.25356877365722,1.25890376197901,
45400,45400,2,15136.207,3,33.2256822167264,30.0413389599562,1.53816072270274,-1.5259413048625,1.26351921046813,-1.25328937688037,1.25840429367425,
45410,45410,2,15139.54,3,33.2265181719028,30.0421302116472,1.53873972594738,-1.52531294152141,1.26358300606552,-1.25321040072477,1.25839670339515,
45420,45420,2,15142.873,3,33.2268065093834,30.0410439169528,1.54078369960189,-1.52688156813383,1.26369392658593,-1.2538088686208,1.25875139760336,
45430,45430,2,15146.207,3,33.2263214765672,30.0412003791516,1.54080111533403,-1.52721181511879,1.26324959257847,-1.25323321812822,1.25824140535334,
45440,45440,2,15149.54,3,33.2266411064875,30.0415557718602,1.54151255264878,-1.52723006904125,1.26324856812362,-1.25293566056087,1.25809211434224,
45450,45450,2,15152.873,3,33.225304472275,30.0419424570087,1.53895635157824,-1.52498371899128,1.26318309614558,-1.25243256009801,1.25780782812179,
45460,45460,2,15156.207,3,33.2257224498632,30.0418128169011,1.53802912682295,-1.52514232322574,1.26263752737264,-1.25303391509406,1.25783572123335,
45470,45470,2,15159.54,3,33.2259504376386,30.0410014486417,1.53740392997861,-1.52797354385257,1.26341788257039,-1.25316644229855,1.25829216243447,
45480,45480,2,15162.873,3,33.226187366111,30.0415401256404,1.53931165114045,-1.52540309354663,1.26417448904212,-1.25311875858197,1.25864662381204,
45490,45490,2,15166.207,3,33.2257000981205,30.0408516919657,1.53460660949349,-1.52575597167015,1.26299906680189,-1.25313310094984,1.25806608387587,
45500,45500,2,15169.54,3,33.2256084559755,30.0412383771141,1.53623567894101,-1.5256728976965,1.26286793658129,-1.25329645493205,1.25808219575667,
45510,45510,2,15172.873,3,33.2250518975826,30.040404657112,1.54161527752876,-1.52579471468925,1.26295771607891,-1.25359596827683,1.25827684217787,
45520,45520,2,15176.207,3,33.2249982534002,30.0416563547023,1.54268210753798,-1.52510721236467,1.26229684956939,-1.25334274166474,1.25781979561707,
45530,45530,2,15179.54,3,33.2246897993512,30.0414395427983,1.54028991237283,-1.52776464819908,1.26215286709705,-1.25287903614742,1.25751595162224,
45540,45540,2,15182.873,3,33.2253312943662,30.0413657820474,1.54077187180519,-1.52592863887548,1.26340940753483,-1.25356076428295,1.25848508590889,
45550,45550,2,15186.207,3,33.2252910612294,30.0422710276262,1.53904939070344,-1.52490427717566,1.26215677865193,-1.25289570682178,1.25752624273685,
45560,45560,2,15189.54,3,33.2256241021954,30.0416921174906,1.53573993593454,-1.52703011408448,1.26222495146548,-1.25293193527051,1.257578443368,
45570,45570,2,15192.873,3,33.2254408179054,30.0418083465526,1.54042644426227,-1.52350068092346,1.26300390967935,-1.25318786271811,1.25809588619873,
45580,45580,2,15196.207,3,33.2267774521179,30.0418843424777,1.54124535620213,-1.52578065171838,1.26288926386859,-1.2525687194606,1.25772899166459,
45590,45590,2,15199.54,3,33.225729155386,30.0401766693366,1.5390339307487,-1.52673767879605,1.26199333153747,-1.25348635160805,1.25773984157276,
45600,45600,2,15202.873,3,33.2268556832173,30.041104266658,1.53829297050834,-1.52598209679127,1.26319175744566,-1.25299507894208,1.25809341819387,
45610,45610,2,15206.207,3,33.2273764788219,30.0413546061761,1.54035780578852,-1.52587722986937,1.26317322412613,-1.25321058698929,1.25819190555771,
45620,45620,2,15209.54,3,33.2268802701343,30.0404515957716,1.53765408322215,-1.52762243524194,1.2636025638399,-1.25364514210956,1.25862385297473,
45630,45630,2,15212.873,3,33.2274994134066,30.0401453768968,1.540532335639,-1.52664305642247,1.26357080573959,-1.25390451545074,1.25873766059517,
45640,45640,2,15216.207,3,33.2265069960314,30.0410439169528,1.53990034013987,-1.52818271890283,1.26315040672269,-1.25454247142456,1.25884643907362,
45650,45650,2,15219.54,3,33.2278302191984,30.0403823053693,1.54196219518781,-1.52876246720552,1.26307170996387,-1.25383792588559,1.25845481792473,
45660,45660,2,15222.873,3,33.2274100064359,30.0408181643516,1.54038369655609,-1.52620635926723,1.26437807616019,-1.25405576223928,1.25921691919973,
45670,45670,2,15226.207,3,33.2279956220942,30.0406952297669,1.5395350754261,-1.52865527197719,1.26399213607909,-1.25380439827237,1.25889826717573,
45680,45680,2,15229.54,3,33.2281297325504,30.0409031009738,1.53948618099093,-1.52663700282574,1.26287762233622,-1.25413622851101,1.25850692542361,
45690,45690,2,15232.873,3,33.2277318715306,30.0402057266021,1.53841199353337,-1.52738289907575,1.26379618580626,-1.25420961673107,1.25900290126866,
45700,45700,2,15236.207,3,33.2291489720168,30.0396446978607,1.53801320120692,-1.52748711407185,1.26326887095607,-1.25462358962211,1.25894623028909,
45710,45710,2,15239.54,3,33.2266858099729,30.0411489701434,1.53870275244117,-1.52534274384379,1.26297922963073,-1.25293426357698,1.25795674660386,
45720,45720,2,15242.873,3,33.2274882375353,30.0410729742182,1.53924291953444,-1.52569795027375,1.26345466981268,-1.25298315801293,1.25821891391281,
45730,45730,2,15246.207,3,33.2272334276687,30.0419223404403,1.54112773016095,-1.52541035786271,1.263177135681,-1.25336527967141,1.25827120767621,
45740,45740,2,15249.54,3,33.2273071884196,30.0422553814063,1.53877129778266,-1.52671616524458,1.26351893107136,-1.2532117045764,1.25836531782388,
45750,45750,2,15252.873,3,33.2271507262208,30.0419871604941,1.54160708189011,-1.52516486123204,1.26371506760871,-1.25308234386872,1.25839870573871,
45760,45760,2,15256.207,3,33.2271037875611,30.0412920212966,1.5390214510262,-1.52755929157138,1.26328647295301,-1.25349715495009,1.25839181395155,
45770,45770,2,15259.54,3,33.2276849328709,30.0414596593667,1.53934033587575,-1.52485044673085,1.26282258117118,-1.25313943394345,1.25798100755731,
45780,45780,2,15262.873,3,33.2279486834346,30.0416876471421,1.5414928086102,-1.52507107704878,1.26363394941116,-1.25302935161337,1.25833165051227,
45790,45790,2,15266.207,3,33.226969677105,30.0410819149153,1.53851816430688,-1.52697274461389,1.26345932642563,-1.25344518714959,1.25845225678761,
45800,45800,2,15269.54,3,33.2276245831657,30.0406840538955,1.54068497940898,-1.52796264737844,1.26257987850435,-1.25331815474838,1.25794901662636,
45810,45810,2,15272.873,3,33.227452474747,30.0407645201692,1.54163232073188,-1.52631290256977,1.26362836147563,-1.25377543413983,1.25870189780773,
45820,45820,2,15276.207,3,33.2277050494393,30.0412473178112,1.53858298435807,-1.52612132951617,1.26347217867736,-1.25284504287291,1.25815861077514,
45830,45830,2,15279.54,3,33.2272736608055,30.0408472216171,1.53689868748188,-1.52661129832268,1.26414217214826,-1.25355061286672,1.25884639250749,
45840,45840,2,15282.873,3,33.2260241983894,30.0408583974885,1.5379442833364,-1.52484709396958,1.26389192576846,-1.25304341458447,1.25846767017647,
45850,45850,2,15286.207,3,33.2257895050912,30.0413948393129,1.53936054557562,-1.52792483568192,1.26317545930034,-1.25332271822907,1.25824908876471,
45860,45860,2,15289.54,3,33.2263393579613,30.0408919251025,1.53743391856551,-1.52700794860721,1.26306612202833,-1.25296192385789,1.25801402294311,
45870,45870,2,15292.873,3,33.2267551003752,30.041312137865,1.54015915468335,-1.52659462764859,1.26377159888989,-1.25365696990645,1.25871428439817,
45880,45880,2,15296.207,3,33.2266321657905,30.0402593707845,1.53644345700741,-1.52641432359815,1.26372670914108,-1.2534785284983,1.25860261881969,
45890,45890,2,15299.54,3,33.2266075788735,30.0404314792032,1.53833087533712,-1.52686340734363,1.2645404988198,-1.25326125093816,1.25890087487898,
45900,45900,2,15302.873,3,33.2263192413929,30.0406907594183,1.53831811621785,-1.52466986328363,1.26318756649401,-1.25356458270557,1.25837607459979,
45910,45910,2,15306.207,3,33.226936149491,30.0402169024734,1.54037876054645,-1.52519522234797,1.26305466676048,-1.25258557639947,1.25782012157998,
45920,45920,2,15309.54,3,33.2258856175848,30.0421257412987,1.53785068541765,-1.52487847954035,1.26409644420912,-1.25281933836944,1.25845789128928,
45930,45930,2,15312.873,3,33.2258990286304,30.0410148596873,1.53961787000299,-1.52289886027575,1.26317117521643,-1.25266110666148,1.25791614093895,
45940,45940,2,15316.207,3,33.2266433416618,30.0413858986158,1.53760937973857,-1.52447577565908,1.26332139755012,-1.25297198214186,1.25814668984599,
45950,45950,2,15319.54,3,33.2259236155474,30.0408762788826,1.53851117938757,-1.5258296392858,1.26410612996405,-1.25301547490679,1.25856080243542,
45960,45960,2,15322.873,3,33.225337999889,30.0416027105199,1.54043463990092,-1.52446664869785,1.26339664841535,-1.25269854582958,1.25804759712247,
45970,45970,2,15326.207,3,33.2264131187122,30.0421346819958,1.53851993381977,-1.52478152886033,1.26263585099198,-1.25221928722501,1.25742756910849,
45980,45980,2,15329.54,3,33.2265002905086,30.0416921174906,1.54104037210345,-1.52767756953835,1.26329429606277,-1.25294190042222,1.25811809824249,
45990,45990,2,15332.873,3,33.2270009695448,30.042286673846,1.54053866863251,-1.52486693114042,1.26321112895552,-1.25274026908159,1.25797569901855,
46000,46000,2,15336.207,3,33.2267349838068,30.0421302116472,1.5392922796309,-1.52777777984738,1.26307264128646,-1.25203749305554,1.257555067171,
46010,46010,2,15339.54,3,33.2263930021437,30.0424587822647,1.53691275045276,-1.52451209723949,1.26352125937783,-1.25259451709633,1.25805788823708,
46020,46020,2,15342.873,3,33.2271440206979,30.0408427512686,1.54196508228779,-1.52269573882222,1.26429509531746,-1.25284942008908,1.25857225770327,
46030,46030,2,15346.207,3,33.2273228346394,30.0408114588288,1.53916301205754,-1.52784129604697,1.26339003602497,-1.25258706651561,1.25798855127029,
46040,46040,2,15349.54,3,33.2274815320125,30.0413143730392,1.5383149497211,-1.52532886713743,1.26323515707833,-1.25259051240919,1.25791283474376,
46050,46050,2,15352.873,3,33.2262745379075,30.0412786102509,1.53958071023226,-1.52638582512736,1.26268725999892,-1.2531159646142,1.25790161230656,
46060,46060,2,15356.207,3,33.2274256526558,30.040621469016,1.54070788994431,-1.52712259441614,1.2636894562375,-1.2529489784739,1.2583192173557,
46070,46070,2,15359.54,3,33.2272893070254,30.0419603384028,1.5392828732729,-1.52783608064055,1.26371888603133,-1.25372868174584,1.25872378388858,
46080,46080,2,15362.873,3,33.2270926116898,30.0415200090719,1.53501760214567,-1.5248860232532,1.26376647661565,-1.25317258902764,1.25846953282165,
46090,46090,2,15366.207,3,33.2267081617156,30.0407600498207,1.53867397457361,-1.52581511065364,1.26349173645174,-1.25279074676594,1.25814124160884,
46100,46100,2,15369.54,3,33.2264019428408,30.0408226347002,1.53631437569857,-1.52699379250407,1.26283385017451,-1.25315768786621,1.25799576902036,
46110,46110,2,15372.873,3,33.2263751207496,30.0405477082652,1.53794372454286,-1.52474865317345,1.2638829850716,-1.25409599537515,1.25898949022337,
46120,46120,2,15376.207,3,33.2254363475568,30.0413903689644,1.53503185138106,-1.52597818523645,1.26262420945961,-1.25282297052754,1.25772358999357,
46130,46130,2,15379.54,3,33.2253201184949,30.0422665572776,1.53748784214258,-1.52609711512923,1.26280088135484,-1.25216452545675,1.25748270340579,
46140,46140,2,15382.873,3,33.2253603516317,30.0422352648379,1.53858568519354,-1.5273604542017,1.26276483917063,-1.25277007140445,1.25776745528754,
46150,46150,2,15386.207,3,33.2250675438025,30.0417658782415,1.53568899258971,-1.52364708483219,1.26210024737075,-1.25165583705835,1.25687804221455,
46160,46160,2,15389.54,3,33.226303595173,30.0428164101477,1.5369706787169,-1.52400434017181,1.26329764882409,-1.2516017272159,1.25744968802,
46170,46170,2,15392.873,3,33.2253871737229,30.0436657763697,1.53772952035069,-1.52292530983686,1.26308195451236,-1.25126868625789,1.25717532038512,
46180,46180,2,15396.207,3,33.2254855213907,30.0422442055349,1.53865460306406,-1.52608305215836,1.26233456813427,-1.25213192916611,1.25723324865019,
46190,46190,2,15399.54,3,33.2250362513628,30.0423470235513,1.53848184272647,-1.52750546112657,1.26182653166169,-1.25213677204358,1.25698165185263,
46200,46200,2,15402.873,3,33.2255168138305,30.0426286555091,1.54023915529251,-1.52407931163907,1.26366235475014,-1.25229695952898,1.25797965713956,
46210,46210,2,15406.207,3,33.2261091350116,30.0433752037148,1.53728108853102,-1.5278372913599,1.26238653593476,-1.2515216334732,1.25695408470398,
46220,46220,2,15409.54,3,33.2245869813348,30.0412607288568,1.53694758191705,-1.5265928581357,1.26180483184535,-1.25264071069677,1.25722277127106,
46230,46230,2,15412.873,3,33.2250451920598,30.041736820976,1.53945935890079,-1.52562726289034,1.2630174138569,-1.25297198214186,1.25799469799938,
46240,46240,2,15416.207,3,33.2252083597814,30.0428342915418,1.53803769499063,-1.5247636474669,1.26181693903902,-1.25194687536758,1.2568819072033,
46250,46250,2,15419.54,3,33.2262544213391,30.0418843424777,1.53632936999202,-1.52686322107911,1.26292903134316,-1.25134747614896,1.25713825374606,
46260,46260,2,15422.873,3,33.2251793025159,30.0418910480005,1.53920650482178,-1.52315460145473,1.26364177252091,-1.25210901863041,1.25787539557566,
46270,46270,2,15426.207,3,33.2261091350116,30.0410640335212,1.53879169374704,-1.52443712577224,1.26272982144126,-1.25256415597991,1.25764698871058,
46280,46280,2,15429.54,3,33.2262186585508,30.0412964916451,1.53673300519586,-1.52669148519635,1.26329578617891,-1.25318767645359,1.25824173131625,
46290,46290,2,15432.873,3,33.2257380960831,30.0415937698228,1.53858438134193,-1.52613297104836,1.26294225612393,-1.25281114273065,1.25787669942729,
46300,46300,2,15436.207,3,33.2273317753365,30.0421771503069,1.53696369379759,-1.5279171988368,1.26308158198332,-1.25272303961368,1.2579023107985,
46310,46310,2,15439.54,3,33.2264689980689,30.0419916308426,1.53648145496845,-1.52477882802486,1.26306826407029,-1.25219181320862,1.25763003863946,
46320,46320,2,15442.873,3,33.2260085521696,30.0414507186696,1.53642538934946,-1.52396550402045,1.26384563903576,-1.25217337302135,1.25800950602855,
46330,46330,2,15446.207,3,33.2260510204807,30.0413389599562,1.53804579749703,-1.52676040306687,1.26263044932096,-1.25253528497963,1.2575828671503,
46340,46340,2,15449.54,3,33.2257827995684,30.041920105266,1.53764598071575,-1.52797652408481,1.2616955877056,-1.25204000762653,1.25686779766607,
46350,46350,2,15452.873,3,33.2271462558722,30.0427001810857,1.5381833538413,-1.52390915900469,1.26272078761214,-1.25159083074161,1.25715580917687,
46360,46360,2,15456.207,3,33.226603108525,30.0424096084308,1.53878042474389,-1.52431968599558,1.26298258239205,-1.25172792142678,1.25735525190942,
46370,46370,2,15459.54,3,33.2262387751192,30.0420586860706,1.53837818652391,-1.5261385589838,1.26348056058067,-1.25245947532085,1.25797001795076,
46380,46380,2,15462.873,3,33.2270926116898,30.0420318639794,1.53871355578303,-1.52477771043777,1.26366980533086,-1.25288127132164,1.25827553832625,
46390,46390,2,15466.207,3,33.2271551965693,30.0415602422088,1.54020516201854,-1.52785750105977,1.26294812345624,-1.25260336466093,1.25777574405859,
46400,46400,2,15469.54,3,33.2263393579613,30.0419290459631,1.5375878661871,-1.52590945363045,1.26178117625158,-1.2522633387835,1.25702225751754,
46410,46410,2,15472.873,3,33.2261359571029,30.0420564508964,1.53865907341242,-1.52405295521021,1.26295380452404,-1.25228168583851,1.25761774518127,
46420,46420,2,15476.207,3,33.2255972801042,30.0410550928241,1.54041694477201,-1.52767840772867,1.26246793352909,-1.25282585762756,1.25764689557833,
46430,46430,2,15479.54,3,33.2268936811799,30.0416138863912,1.54133113101125,-1.52727514505386,1.26329336474018,-1.25248126826944,1.25788731650481,
46440,46440,2,15482.873,3,33.2270724951214,30.0412093198486,1.53961321339011,-1.52664883062243,1.26371506760871,-1.25291666158004,1.25831586459438,
46450,46450,2,15486.207,3,33.2271373151751,30.0411601460147,1.53842577710748,-1.52597837150097,1.26377485851896,-1.25269072271982,1.25823279061939,
46460,46460,2,15489.54,3,33.2262499509906,30.04195363288,1.53762167319655,-1.52492728084326,1.26348177130004,-1.25283815108574,1.25815996119289,
46470,46470,2,15492.873,3,33.2275061189294,30.041703293362,1.53873208910227,-1.52588821947575,1.26339180553789,-1.25271363325553,1.25805271939671,
46480,46480,2,15496.207,3,33.2273429512078,30.0410774445668,1.53850596398115,-1.52728091925383,1.26361075947868,-1.25273440174927,1.25817258061398,
46490,46490,2,15499.54,3,33.2273384808593,30.0411646163633,1.53567958623171,-1.52601571753621,1.26419302236165,-1.25328229882869,1.25873766059517,
46500,46500,2,15502.873,3,33.226603108525,30.0411176777036,1.5355322510004,-1.52633627876639,1.26362789581433,-1.25273877896544,1.25818333738989,
46510,46510,2,15506.207,3,33.2270590840757,30.0421413875186,1.53746278956532,-1.52521096169949,1.26337494859902,-1.25257905714134,1.25797700287018,
46520,46520,2,15509.54,3,33.2266858099729,30.0414440131468,1.53709435835481,-1.52605855837464,1.2628758528233,-1.25298250608712,1.25792917945521,
46530,46530,2,15512.873,3,33.2260309039122,30.0421190357759,1.53775624930859,-1.52369774878025,1.26337625245064,-1.25210594526587,1.25774109885825,
46540,46540,2,15516.207,3,33.2278659819867,30.0406058227961,1.53877502307296,-1.52734853327274,1.26336367959568,-1.25334674635188,1.25835521297378,
46550,46550,2,15519.54,3,33.2267014561928,30.0410416817785,1.53772672638297,-1.52710042893887,1.2625039757133,-1.25342833021072,1.25796615296201,
46560,46560,2,15522.873,3,33.2259414969415,30.0407600498207,1.54106942936778,-1.52571788057685,1.26301750698916,-1.25312034183037,1.25806892440977,
46570,46570,2,15526.207,3,33.2275172948008,30.0409768617247,1.53703251853585,-1.52835696935654,1.26314332867101,-1.25272294648142,1.25793313757621,
46580,46580,2,15529.54,3,33.2265919326536,30.0418463445151,1.53751615434885,-1.52687849476933,1.26341341222197,-1.25347918042411,1.25844629632304,
46590,46590,2,15532.873,3,33.2265427588197,30.0411892032802,1.53935700654984,-1.52827091515064,1.26304889256043,-1.25278096787875,1.25791493021959,
46600,46600,2,15536.207,3,33.2269607364079,30.0408271050487,1.54154328629375,-1.52416974306107,1.26281382673883,-1.25297663875481,1.25789523274682,
46610,46610,2,15539.54,3,33.2274368285271,30.0417010581877,1.54029130935669,-1.52621855959296,1.26339990804442,-1.25231716922917,1.25785853863679,
46620,46620,2,15542.873,3,33.2263482986584,30.0415825939515,1.53775122016668,-1.52492225170135,1.26377644176736,-1.25199511787771,1.25788577982254,
46630,46630,2,15546.207,3,33.2272423683658,30.0419379866602,1.53775978833437,-1.5264100395143,1.26306668082189,-1.25233831025195,1.25770249553692,
46640,46640,2,15549.54,3,33.2261068998374,30.0410550928241,1.536307297647,-1.52710257098079,1.26272162580247,-1.25311773412712,1.25791967996479,
46650,46650,2,15552.873,3,33.2270367323331,30.0409388637621,1.53979491442442,-1.52760054916143,1.26317722881326,-1.25307629027188,1.25812675954257,
46660,46660,2,15556.207,3,33.2274927078838,30.040254900436,1.5378063544631,-1.52925308793783,1.26375930543171,-1.25314343863059,1.25845137203115,
46670,46670,2,15559.54,3,33.2269540308851,30.0402146672992,1.53579069301486,-1.52513133361936,1.26362249414331,-1.25343568765918,1.25852909090125,
46680,46680,2,15562.873,3,33.2267796872922,30.0401409065483,1.53538482263684,-1.52755714952946,1.26378147090934,-1.25325789817684,1.25851968454309,
46690,46690,2,15566.207,3,33.2262499509906,30.0402772521787,1.53883276507258,-1.527682505548,1.26302449190858,-1.25294078283511,1.25798263737185,
46700,46700,2,15569.54,3,33.2261605440198,30.0412763750767,1.53755648061633,-1.52853298932314,1.26310570323839,-1.25281300537583,1.25795935430711,
46710,46710,2,15572.873,3,33.2261448977999,30.0411780274089,1.53513541445136,-1.52494758367538,1.26305671567018,-1.25274436690098,1.25790054128558,
46720,46720,2,15576.207,3,33.2261896012853,30.0411489701434,1.53526924550533,-1.52543177828193,1.26309126773825,-1.25207549101719,1.25758337937772,
46730,46730,2,15579.54,3,33.2268623887401,30.0411757922346,1.53806442394853,-1.52487009763718,1.26310216421255,-1.25250082604382,1.25780149512819,
46740,46740,2,15582.873,3,33.2265069960314,30.0419759846227,1.53855625540018,-1.52428559958935,1.26299673849542,-1.25244159392713,1.25771916621127,
46750,46750,2,15586.207,3,33.2260554908292,30.0425884223723,1.54034299775958,-1.52679765596986,1.26221861847187,-1.25217681891493,1.2571977186934,
46760,46760,2,15589.54,3,33.22817667121,30.0428454674132,1.53836226090789,-1.52534199878573,1.26379739652562,-1.25201700395857,1.2579072002421,
46770,46770,2,15592.873,3,33.2266187547449,30.0427873528822,1.53836235404015,-1.52424406260252,1.26365136514359,-1.25160908466436,1.25763022490397,
46780,46780,2,15596.207,3,33.2273317753365,30.041703293362,1.53747964650393,-1.5258832834661,1.26340912813805,-1.25213761023391,1.25777336918598,
46790,46790,2,15599.54,3,33.2264667628946,30.0424900747045,1.53830107301474,-1.52629492804408,1.26282425755184,-1.25230850792909,1.25756638274046,
46800,46800,2,15602.873,3,33.227003204719,30.0426577127746,1.53623037040234,-1.52376554906368,1.26352908248758,-1.2519518113773,1.25774044693244,
46810,46810,2,15606.207,3,33.2266008733507,30.042378315991,1.5362374484539,-1.52452662587166,1.26317126834869,-1.25137532269439,1.25727329552154,
46820,46820,2,15609.54,3,33.2262320695964,30.0427761770108,1.53588363900781,-1.52402678504586,1.26206113182199,-1.25178463897248,1.25692288539724,
46830,46830,2,15612.873,3,33.2262343047707,30.0430846310599,1.53837027028203,-1.5251106582582,1.26273755141875,-1.25142496218841,1.25708125680358,
46840,46840,2,15616.207,3,33.2260309039122,30.0433237947066,1.53664657846093,-1.52472127228975,1.2622854874338,-1.25156764080913,1.25692656412146,
46850,46850,2,15619.54,3,33.2269607364079,30.0428678191558,1.53585663065314,-1.52446739375591,1.26330584446288,-1.25217737770848,1.25774161108568,
46860,46860,2,15622.873,3,33.2272200166231,30.0416943526649,1.5407002530992,-1.52619509026408,1.26338146785714,-1.25256331778958,1.25797239282336,
46870,46870,2,15626.207,3,33.2269249736196,30.0429147578155,1.53690436854959,-1.5257116407156,1.26212641753551,-1.251516883728,1.25682165063175,
46880,46880,2,15629.54,3,33.2274122416102,30.0410997963095,1.54040725901723,-1.52573809027672,1.26272712060575,-1.2528371266309,1.25778212361832,
46890,46890,2,15632.873,3,33.2273653029505,30.0415110683749,1.5379760414362,-1.52507079765201,1.26383539448728,-1.25234836853592,1.2580918815116,
46900,46900,2,15636.207,3,33.2273988305646,30.040554413788,1.53794707730412,-1.5267982147634,1.26359194676238,-1.25287596278288,1.25823395477263,
46910,46910,2,15639.54,3,33.2278972744264,30.0421235061244,1.53862228617072,-1.5272225253284,1.26329494798858,-1.2526197559385,1.25795735196354,
46920,46920,2,15642.873,3,33.2270702599471,30.0418597555608,1.53827918693423,-1.52440946549177,1.26294393250459,-1.2523075766065,1.25762575455554,
46930,46930,2,15646.207,3,33.227819043327,30.041461894541,1.53754837810993,-1.52753377333283,1.26326477313668,-1.25274464629776,1.25800470971722,
46940,46940,2,15649.54,3,33.2270456730301,30.041944692183,1.53976865112782,-1.52291301637888,1.26283878618423,-1.25200219592939,1.25742049105681,
46950,46950,2,15652.873,3,33.226902621877,30.041162381189,1.53711922466755,-1.525236107409,1.26317890519392,-1.2520464337524,1.25761266947316,
46960,46960,2,15656.207,3,33.2271842538348,30.0417189395818,1.53764877468348,-1.52522521093488,1.26315822983244,-1.25191409281243,1.25753616132243,
46970,46970,2,15659.54,3,33.2265069960314,30.0421168006016,1.53832025825977,-1.52658522129059,1.26290891477522,-1.25149248307615,1.25720069892569,
46980,46980,2,15662.873,3,33.2260644315263,30.0417345858017,1.53707964345813,-1.52585431933403,1.26259105437542,-1.25262124605465,1.25760615021503,
46990,46990,2,15666.207,3,33.2264958201601,30.0431494511137,1.54146924614906,-1.52694070711732,1.26268400036986,-1.25170529028786,1.25719464532886,
47000,47000,2,15669.54,3,33.2268176852547,30.0418061113783,1.53712397441268,-1.52527736499906,1.26243701361912,-1.25260904572872,1.25752302967392,
47010,47010,2,15672.873,3,33.2265472291683,30.0418731666064,1.53886424377561,-1.52433812618256,1.26372829238948,-1.25144628947571,1.2575872909326,
47020,47020,2,15676.207,3,33.2264220594092,30.0416384733082,1.53791774064302,-1.52651779353619,1.26314724022588,-1.25188904023477,1.25751814023032,
47030,47030,2,15679.54,3,33.2265382884712,30.0424185491279,1.53614701703191,-1.52440005913377,1.26233140163746,-1.252245177993,1.25728828981523,
47040,47040,2,15682.873,3,33.225878912062,30.0419156349175,1.53465736657381,-1.52536919340491,1.26275822678024,-1.25218259311498,1.25747040994761,
47050,47050,2,15686.207,3,33.2264086483636,30.0407265222066,1.53555972501636,-1.52516542002559,1.26294672647236,-1.25277873270453,1.25786272958845,
47060,47060,2,15689.54,3,33.2260733722233,30.0415602422088,1.53340203687549,-1.52532057836652,1.26268474542793,-1.25235200069402,1.25751837306097,
47070,47070,2,15692.873,3,33.2260398446093,30.0415669477316,1.53835881501436,-1.52457468211651,1.26326272422698,-1.25219218573766,1.25772745498232,
47080,47080,2,15696.207,3,33.2268154500805,30.0416138863912,1.5367510728538,-1.52652626857162,1.26320451656514,-1.2515985607191,1.25740153864212,
47090,47090,2,15699.54,3,33.2269339143167,30.0406773483727,1.53881218284369,-1.52616798877716,1.26323217684605,-1.25258976735112,1.25791097209858,
47100,47100,2,15702.873,3,33.2269562660594,30.0411355590978,1.53700169175863,-1.525903865695,1.26384042362926,-1.25249132655341,1.25816587509133,
47110,47110,2,15706.207,3,33.2267998038606,30.0419335163116,1.53973940759897,-1.52843799442053,1.26280116075162,-1.25244336344005,1.25762226209583,
47120,47120,2,15709.54,3,33.2260487853064,30.040988037596,1.53804318979383,-1.5254482626915,1.26280190580969,-1.25234892732947,1.25757541656958,
47130,47130,2,15712.873,3,33.2263259469157,30.041287550948,1.53514426201582,-1.52599290013313,1.26329532051761,-1.25222738973154,1.25776135512458,
47140,47140,2,15716.207,3,33.2265181719028,30.0409075713224,1.53650809079409,-1.5262913890183,1.2635703400783,-1.25286394872147,1.25821714439989,
47150,47150,2,15719.54,3,33.2266455768361,30.0411780274089,1.54003668576479,-1.5271189622581,1.26315431827756,-1.25276830189153,1.25796131008455,
47160,47160,2,15722.873,3,33.2255995152784,30.0412897861223,1.53939472511411,-1.52740608900785,1.26285964781024,-1.25239279262344,1.25762622021684,
47170,47170,2,15726.207,3,33.225362586806,30.0406304097131,1.5377470292151,-1.52709288522601,1.2630403243926,-1.25208331412694,1.25756181925977,
47180,47180,2,15729.54,3,33.2263661800525,30.0412048495001,1.53744984418154,-1.52674512937665,1.26343362192216,-1.2526540286098,1.25804382526598,
47190,47190,2,15732.873,3,33.2261828957625,30.0412428474627,1.5411090105772,-1.52526441961527,1.26411013465118,-1.25226818166096,1.25818915815607,
47200,47200,2,15736.207,3,33.2269182680968,30.0410170948615,1.53735829517245,-1.52716301381588,1.26328097814974,-1.25252327091823,1.25790212453398,
47210,47210,2,15739.54,3,33.2256643353322,30.0407734608663,1.53618920594454,-1.52502451092005,1.26267720171495,-1.25209178916251,1.25738449543873,
47220,47220,2,15742.873,3,33.2262074826795,30.0410483873013,1.53995165601373,-1.52539694681764,1.26346929157734,-1.25166515028425,1.25756722093079,
47230,47230,2,15746.207,3,33.2257582126515,30.0409232175423,1.53695652261376,-1.52548477053642,1.26278504887082,-1.25204354665237,1.25741429776159,
47240,47240,2,15749.54,3,33.2264757035917,30.0414864814579,1.53692429885268,-1.52617292478681,1.26295957872409,-1.25225747145118,1.25760852508764,
47250,47250,2,15752.873,3,33.2256531594609,30.0404068922862,1.53480740264058,-1.52608621865511,1.26262597897253,-1.2525011054406,1.25756354220656,
47260,47260,2,15756.207,3,33.2256218670211,30.0416675305737,1.53703866526484,-1.5268299728632,1.26327194432062,-1.25248611114691,1.25787902773376,
47270,47270,2,15759.54,3,33.2264757035917,30.0400760864945,1.53767624869943,-1.52795230969787,1.26292456099473,-1.25238459698465,1.25765457898969,
47280,47280,2,15762.873,3,33.2268802701343,30.0404024219377,1.53707657009363,-1.52575513347983,1.26426780756559,-1.25292187698654,1.25859484227606,
47290,47290,2,15766.207,3,33.2261627791941,30.0401342010255,1.53563637286425,-1.52757400646806,1.26370314667956,-1.25318823524714,1.25844569096335,
47300,47300,2,15769.54,3,33.2264891146373,30.039106020862,1.53570221737027,-1.52556328102946,1.26320582041676,-1.25373175511039,1.25846878776357,
47310,47310,2,15772.873,3,33.2267059265413,30.0395374094958,1.53759131208062,-1.52566730976105,1.26446599301264,-1.25300243639054,1.25873421470159,
47320,47320,2,15776.207,3,33.2260174928666,30.0392401313181,1.5357019379735,-1.52625190094113,1.26337774256679,-1.25358954215097,1.25848364235888,
47330,47330,2,15779.54,3,33.2261448977999,30.0390881394678,1.53722269460559,-1.52632333338261,1.26304712304751,-1.25396980116427,1.25850846210589,
47340,47340,2,15782.873,3,33.2255481062703,30.038781920593,1.54020851477981,-1.53054529801011,1.26397499974344,-1.25390404978945,1.25893952476645,
47350,47350,2,15786.207,3,33.2257939754398,30.0404672419915,1.53856817632914,-1.52757493779063,1.26289336168798,-1.25234902046173,1.25762119107485,
47360,47360,2,15789.54,3,33.2254989324363,30.0397273993086,1.53838209807873,-1.52741121128201,1.26451404925826,-1.25310935222381,1.25881170074103,
47370,47370,2,15792.873,3,33.2256419835895,30.0397452807028,1.53784593567252,-1.52658596634865,1.26302439877632,-1.25265672944531,1.25784056411082,
47380,47380,2,15796.207,3,33.2253312943662,30.0408315753973,1.53514593839645,-1.52752017602324,1.26300074318255,-1.2522898814773,1.25764531232992,
47390,47390,2,15799.54,3,33.2262186585508,30.0398771559846,1.53591120615602,-1.52518572285771,1.26369206394075,-1.25242352626889,1.25805779510482,
47400,47400,2,15802.873,3,33.2259839652526,30.0398436283706,1.53592731803656,-1.52608249336481,1.26353932703607,-1.25201141602303,1.25777537152955,
47410,47410,2,15806.207,3,33.2257112739918,30.0410483873013,1.5371099114418,-1.52767663821578,1.26256730564939,-1.25196205592579,1.25726468078759,
47420,47420,2,15809.54,3,33.2253603516317,30.041828463121,1.53546715155244,-1.52686974033713,1.26248637371636,-1.2515397942637,1.25701308399003,
47430,47430,2,15812.873,3,33.2254117606399,30.0402236079962,1.53997093439102,-1.52691528201103,1.26375911916719,-1.25236857823611,1.25806384870165,
47440,47440,2,15816.207,3,33.2244416950074,30.0406058227961,1.53696555644274,-1.52876591309905,1.26270951860881,-1.25162864243874,1.25716908052377,
47450,47450,2,15819.54,3,33.2256665705065,30.0417927003327,1.5346952714026,-1.52766229584813,1.26352274949397,-1.25147916516312,1.25750095732855,
47460,47460,2,15822.873,3,33.2250921307195,30.0405186509997,1.53492661193013,-1.52589147910476,1.26326346928505,-1.25221081218945,1.25773714073725,
47470,47470,2,15826.207,3,33.2256777463778,30.0400246774863,1.53312366455793,-1.53096541762352,1.26192590378199,-1.25256806753479,1.25724698565839,
47480,47480,2,15829.54,3,33.2260733722233,30.0404515957716,1.5388136729598,-1.52511447668076,1.26361606801744,-1.25207986823336,1.2578479681254,
47490,47490,2,15832.873,3,33.2261583088455,30.0404337143775,1.53893772512674,-1.52674913406372,1.2639948369146,-1.25201188168433,1.25800335929946,
47500,47500,2,15836.207,3,33.2262924193017,30.0397452807028,1.53644699603319,-1.52654377743602,1.26346649760957,-1.25147450855017,1.25747050307987,
47510,47510,2,15839.54,3,33.2254341123826,30.0407086408125,1.53747219592333,-1.52738131582737,1.26369299526334,-1.25250725216969,1.25810012371651,
47520,47520,2,15842.873,3,33.224879789164,30.0409522748077,1.53750637546182,-1.5286504290998,1.26280348905809,-1.25262245677401,1.25771297291605,
47530,47530,2,15846.207,3,33.2258967934561,30.0396134054209,1.53621369972825,-1.52780581265688,1.26345904702885,-1.25211823872405,1.25778864287645,
47540,47540,2,15849.54,3,33.2263684152268,30.0393049513719,1.53395924717188,-1.5257190912962,1.2634403274448,-1.25207306957846,1.25775669851163,
47550,47550,2,15852.873,3,33.2248753188154,30.040172198988,1.53524279594421,-1.5247967094183,1.26324754366877,-1.25212717942091,1.25768736154484,
47560,47560,2,15856.207,3,33.2255302248761,30.0404515957716,1.53721971437335,-1.52857797220349,1.26275347703503,-1.25182254380188,1.25728801041846,
47570,47570,2,15859.54,3,33.224763560102,30.0399620926068,1.53757175430655,-1.5260904096067,1.26252697938126,-1.25248024381459,1.25750361159793,
47580,47580,2,15862.873,3,33.2248417912014,30.0406281745388,1.53882438316941,-1.52730047702789,1.26324447030423,-1.25196391857097,1.2576041944376,
47590,47590,2,15866.207,3,33.2250764844996,30.0398726856361,1.5376384370029,-1.52818700298667,1.26254020416203,-1.25200797012945,1.25727408714574,
47600,47600,2,15869.54,3,33.2244774577957,30.0398324524992,1.53571078553796,-1.52701316401362,1.26394473175928,-1.25210082299162,1.25802277737545,
47610,47610,2,15872.873,3,33.2254676399966,30.0407332277294,1.53471790254116,-1.52589306235313,1.26354761580711,-1.25133955990695,1.25744358785703,
47620,47620,2,15876.207,3,33.2251457749019,30.0401498472454,1.53828170150518,-1.52766732499003,1.26300642425035,-1.25121373822511,1.25711008123773,
47630,47630,2,15879.54,3,33.2244014618705,30.0403063094442,1.53534663841128,-1.52653502300382,1.26223482348493,-1.25240843884294,1.25732163116394,
47640,47640,2,15882.873,3,33.2249580202634,30.0405275916967,1.53952036052942,-1.52397602796555,1.26359921107857,-1.25143222650461,1.25751571879159,
47650,47650,2,15886.207,3,33.2252664743124,30.0416138863912,1.53618585318327,-1.52622135356069,1.26248702564217,-1.25147534674051,1.25698118619134,
47660,47660,2,15889.54,3,33.2251144824622,30.0416876471421,1.53757454827428,-1.52640342712402,1.26271398895724,-1.25109434266913,1.25690416581319,
47670,47670,2,15892.873,3,33.2249982534002,30.0409321582393,1.53506733477116,-1.52675490826368,1.26293694758517,-1.25149928173106,1.25721811465811,
47680,47680,2,15896.207,3,33.2251189528107,30.0400157367893,1.53585411608219,-1.52821224182844,1.26285843709087,-1.25173891103334,1.25729867406211,
47690,47690,2,15899.54,3,33.2244774577957,30.041046152127,1.53747461736202,-1.52713926509023,1.26340270201219,-1.2520105778327,1.25770663992244,
47700,47700,2,15902.873,3,33.2245355723266,30.0404940640827,1.53497830033302,-1.52588095515966,1.2638632410327,-1.25149741908588,1.25768033005929,
47710,47710,2,15906.207,3,33.2241041836928,30.040646055933,1.53356632217765,-1.52668701484799,1.262482648426,-1.25102644925236,1.25675454883918,
47720,47720,2,15909.54,3,33.2248172042845,30.0407198166838,1.53322098776698,-1.52632556855679,1.26193028099816,-1.25138789554935,1.25665908827375,
47730,47730,2,15912.873,3,33.2234403369351,30.0402593707845,1.53738502413034,-1.52614871039987,1.26297969529203,-1.25212419918862,1.25755194724032,
47740,47740,2,15916.207,3,33.2243120548998,30.0396826958233,1.53547246009111,-1.52860349044204,1.26261340611757,-1.2520568645654,1.25733513534148,
47750,47750,2,15919.54,3,33.2248820243382,30.0390412008082,1.53411971405149,-1.52632668614388,1.26265224226955,-1.25278413437555,1.25771818832255,
47760,47760,2,15922.873,3,33.2251591859475,30.0398816263331,1.53481485322118,-1.52653185650706,1.26428941424966,-1.25221388555399,1.25825164990183,
47770,47770,2,15926.207,3,33.224580275812,30.0393921231683,1.53576275333762,-1.52722895145416,1.26165768287621,-1.25163013255488,1.25664390771555,
47780,47780,2,15929.54,3,33.2240818319501,30.0414194262299,1.53601374477148,-1.5251724049449,1.26251077436821,-1.25111706694032,1.25681392065426,
47790,47790,2,15932.874,3,33.2243701694308,30.0398078655823,1.53533592820168,-1.52732189744711,1.26259273075608,-1.25210296503358,1.25734784789483,
47800,47800,2,15936.207,3,33.2249647257862,30.0399665629553,1.53694422915578,-1.52860200032592,1.26200767390535,-1.25144098093695,1.25672432742115,
47810,47810,2,15939.54,3,33.2250496624084,30.040047029229,1.53699573129416,-1.5266889706254,1.26262122922732,-1.25203535101358,1.25732829012045,
47820,47820,2,15942.874,3,33.225704568469,30.0398168062794,1.53910722583532,-1.52713935822248,1.26358244727196,-1.25197984418725,1.2577811457296,
47830,47830,2,15946.207,3,33.2259347914187,30.0392222499239,1.53543809428811,-1.53053551912308,1.26280628302586,-1.25231968380016,1.25756298341301,
47840,47840,2,15949.54,3,33.2253312943662,30.0390188490655,1.5378781594336,-1.52768986299634,1.26346277231921,-1.2529489784739,1.25820587539655,
47850,47850,2,15952.874,3,33.2254922269135,30.0394211804338,1.53849218040705,-1.5281637199223,1.26304023126035,-1.25234874106495,1.25769448616265,
47860,47860,2,15956.207,3,33.2264444111519,30.0386343990913,1.53555842116475,-1.52892656624317,1.26351762721973,-1.25247959188878,1.25799860955426,
47870,47870,2,15959.54,3,33.2260130225181,30.0393921231683,1.53928333893418,-1.52727952226996,1.26313876519032,-1.25271223627164,1.25792550073098,
47880,47880,2,15962.874,3,33.2256464539381,30.0396089350724,1.53773250058293,-1.5277236700058,1.2634085693445,-1.2528350777212,1.25812182353285,
47890,47890,2,15966.207,3,33.2262074826795,30.0380890165698,1.53669742867351,-1.52863720431924,1.26321159461682,-1.25315126174034,1.25818142817858,
47900,47900,2,15969.54,3,33.226361709704,30.0394658839192,1.53544619679451,-1.5278366394341,1.26221135415568,-1.25276895381734,1.25749015398651,
47910,47910,2,15972.874,3,33.2256151614983,30.0389719104059,1.53833730146289,-1.52842290699482,1.26387525509411,-1.25316737362114,1.25852131435762,
47920,47920,2,15976.207,3,33.2262007771566,30.0375570450939,1.53626762330532,-1.52980796992779,1.26307226875743,-1.25318665199874,1.25812946037808,
47930,47930,2,15979.54,3,33.2265338181227,30.0387126301907,1.53609374538064,-1.52614340186119,1.26426855262366,-1.25369319835518,1.25898087548942,
47940,47940,2,15982.874,3,33.2262164233765,30.0386366342656,1.53793198987842,-1.52861410751939,1.26339879045731,-1.25301174961643,1.25820527003687,
47950,47950,2,15986.207,3,33.2267774521179,30.0391551946959,1.53659852221608,-1.52955437079072,1.2633071483145,-1.25269724197795,1.25800219514623,
47960,47960,2,15989.54,3,33.2266791044501,30.0385159348551,1.53568936511874,-1.5286561101675,1.26327874297552,-1.25376593464942,1.25852233881247,
47970,47970,2,15992.874,3,33.2258409140994,30.0373648201068,1.53819555416703,-1.52814323082566,1.26336973319252,-1.25291498519938,1.25814235919595,
47980,47980,2,15996.207,3,33.2262007771566,30.0391775464386,1.53908552601933,-1.52927432209253,1.26296917134677,-1.25268960513272,1.25782938823974,
47990,47990,2,15999.54,3,33.2250027237487,30.0393965935169,1.53673635795712,-1.52705023065209,1.26301322290525,-1.25223009056705,1.25762165673615,
48000,48000,2,16002.874,3,33.225762683,30.0386075770001,1.53585746884346,-1.52873331680894,1.26332577476629,-1.2527815266723,1.2580536507193,
48010,48010,2,16006.207,3,33.2266254602677,30.038589695606,1.53829446062446,-1.52820702642202,1.26338770771849,-1.25285249345362,1.25812010058606,
48020,48020,2,16009.54,3,33.2272088407517,30.0393295382888,1.53801757842302,-1.52618903666735,1.26411944787708,-1.25287708036999,1.25849826412353,
48030,48030,2,16012.874,3,33.2264220594092,30.038898149655,1.5381071716547,-1.52867436408997,1.26324707800748,-1.25246450446283,1.25785579123515,
48040,48040,2,16016.207,3,33.2263460634841,30.0399084484244,1.53773790225387,-1.52744306251407,1.26315562212919,-1.25264499478068,1.25790030845493,
48050,48050,2,16019.54,3,33.2266880451472,30.0397810434911,1.53690269216895,-1.52745163068175,1.26377122636086,-1.2523627109038,1.25806696863233,
48060,48060,2,16022.874,3,33.2261270164058,30.0399442112127,1.53733240440488,-1.52605352923274,1.26471754324407,-1.2518769330411,1.25829723814258,
48070,48070,2,16026.207,3,33.2259973762982,30.03917307609,1.53829613700509,-1.52738587930799,1.26288432785886,-1.25240052260093,1.2576424252299,
48080,48080,2,16029.54,3,33.2252932964036,30.0398369228478,1.53522230684757,-1.5264393761754,1.26361113200772,-1.25169020286191,1.25765066743481,
48090,48090,2,16032.874,3,33.2258565603193,30.0398369228478,1.53975244611502,-1.52693213894963,1.26381248395157,-1.25224713377044,1.25802980886101,
48100,48100,2,16036.207,3,33.2256442187638,30.0385204052036,1.53601747006178,-1.53026711195707,1.262617876466,-1.25260271273512,1.25761029460056,
48110,48110,2,16039.54,3,33.2249759016575,30.0384600554984,1.53529085218906,-1.52546064928174,1.26343688155122,-1.25272937260729,1.25808312707926,
48120,48120,2,16042.874,3,33.2252821205323,30.0388668572153,1.53519148007035,-1.5270072966814,1.26396931867565,-1.25238003350396,1.2581746760898,
48130,48130,2,16046.207,3,33.2263885317952,30.0390501415053,1.53571823611856,-1.52705311775208,1.26303101116671,-1.2521739318149,1.25760247149081,
48140,48140,2,16049.54,3,33.2266813396244,30.039081433945,1.53886787593365,-1.52905844151974,1.26368526528585,-1.25244839258203,1.25806682893394,
48150,48150,2,16052.874,3,33.2256799815521,30.0392066037041,1.53708765283227,-1.52771770954132,1.26374785016386,-1.25282436751142,1.25828610883764,
48160,48160,2,16056.207,3,33.2257582126515,30.0391104912105,1.53633244335651,-1.52942165732384,1.26338482061847,-1.25275237627525,1.25806859844686,
48170,48170,2,16059.54,3,33.2264622925461,30.0385472272949,1.53434565290809,-1.52792287990451,1.26325508738175,-1.25279102616272,1.25802305677223,
48180,48180,2,16062.874,3,33.225130128682,30.0397542213998,1.5344463288784,-1.52682298794389,1.26309937024478,-1.25211637607887,1.25760787316182,
48190,48190,2,16066.207,3,33.226153838497,30.0409254527165,1.53646450489759,-1.52881946414709,1.26306118601861,-1.25168973720061,1.25737546160961,
48200,48200,2,16069.54,3,33.2253312943662,30.0408852195797,1.53731890022755,-1.52698485180736,1.26218360074251,-1.2512999786969,1.2567417897197,
48210,48210,2,16072.874,3,33.2255972801042,30.0406974649411,1.53868682682514,-1.52732422575355,1.26376712854146,-1.25194678223532,1.25785695538839,
48220,48220,2,16076.207,3,33.2252575336153,30.0396670496034,1.53700476512313,-1.52797196060419,1.26308214077687,-1.2516958839297,1.25738901235329,
48230,48230,2,16079.54,3,33.2249736664833,30.0409858024218,1.53562854975462,-1.52644077315927,1.26317145461321,-1.25171171641372,1.25744158551347,
48240,48240,2,16082.874,3,33.2263438283098,30.0402727818301,1.53647130355239,-1.52520798146725,1.26449076619352,-1.25126104941266,1.25787590780309,
48250,48250,2,16086.207,3,33.2253670571545,30.0394256507824,1.53606543317437,-1.52604132890701,1.26294877538206,-1.25202426827477,1.25748652182841,
48260,48260,2,16089.54,3,33.2251122472879,30.0400537347518,1.53616741299629,-1.52653129771352,1.26365900198882,-1.25220885641201,1.25793392920041,
48270,48270,2,16092.874,3,33.2260018466468,30.0395910536782,1.5356257557869,-1.52759989723563,1.26284251147459,-1.25206263876545,1.25745257512002,
48280,48280,2,16096.207,3,33.2267662762466,30.0400492644033,1.5359690412879,-1.52902947738767,1.26254215993947,-1.25207716739785,1.25730966366866,
48290,48290,2,16099.54,3,33.2256777463778,30.0403778350207,1.5373500995338,-1.52626670897007,1.26339459950566,-1.25247670478875,1.25793565214721,
48300,48300,2,16102.874,3,33.2264734684174,30.0390859042936,1.53924683108926,-1.52824930846691,1.26356046805885,-1.25255027927333,1.25805537366609,
48310,48310,2,16106.207,3,33.2264086483636,30.0403621888009,1.53523813933134,-1.5284932218492,1.26300763496971,-1.25177364936593,1.25739064216782,
48320,48320,2,16109.54,3,33.226337122787,30.0397341048314,1.53954466804862,-1.52842625975609,1.2628629074393,-1.25250557578903,1.25768424161416,
48330,48330,2,16112.874,3,33.2268422721717,30.0398860966817,1.53879951685667,-1.52845876291394,1.26396158869815,-1.25242017350757,1.25819088110286,
48340,48340,2,16116.207,3,33.2257693885228,30.0403867757178,1.53558142483234,-1.52777330949903,1.26269610756352,-1.25213891408554,1.25741751082453,
48350,48350,2,16119.54,3,33.2259258507216,30.0399464463869,1.53503613546491,-1.52754299342632,1.26346342424502,-1.25184964528923,1.25765653476713,
48360,48360,2,16122.874,3,33.2256822167264,30.0400023257436,1.53631046414375,-1.52648938819766,1.26373825754119,-1.2518894127638,1.2578138351525,
48370,48370,2,16126.207,3,33.2246786234798,30.0399442112127,1.53417056426406,-1.52905127033591,1.26225242548187,-1.25187255582493,1.2570624906534,
48380,48380,2,16129.54,3,33.2257783292199,30.0392155444011,1.53447948396206,-1.5280831605196,1.26306174481216,-1.25218790165374,1.25762482323295,
48390,48390,2,16132.874,3,33.225521284179,30.0399285649928,1.53552470728755,-1.52876675128937,1.26306900912836,-1.25148056214701,1.25727478563768,
48400,48400,2,16136.207,3,33.2249446092178,30.040221372822,1.53382197022438,-1.52768194675446,1.26263855182749,-1.25165080791637,1.25714467987193,
48410,48410,2,16139.54,3,33.2246629772599,30.0399822091752,1.53580503538251,-1.52638228610158,1.26198699854386,-1.25180810830174,1.2568975534228,
48420,48420,2,16142.874,3,33.2239991305022,30.0395552908899,1.53478253632784,-1.52633069083095,1.26250798040044,-1.25144936284026,1.25697867162035,
48430,48430,2,16146.207,3,33.2249803720061,30.0404515957716,1.53585094958544,-1.52626046910882,1.26297187218228,-1.25117704411508,1.25707445814868,
48440,48440,2,16149.54,3,33.2245311019781,30.0407019352897,1.5347340144217,-1.52474148198962,1.26307524898971,-1.25112991919205,1.25710258409088,
48450,48450,2,16152.874,3,33.2250921307195,30.0398615097647,1.53852989897132,-1.52501221746206,1.2634934128324,-1.25090221081892,1.25719781182566,
48460,48460,2,16156.207,3,33.2248127339359,30.0392155444011,1.5363865531981,-1.52768529951572,1.26252344035542,-1.25144219165632,1.25698281600587,
48470,48470,2,16159.54,3,33.2247143862681,30.0401073789343,1.53550449758768,-1.52649553492665,1.26298761153404,-1.2511314093082,1.25705951042112,
48480,48480,2,16162.874,3,33.2259817300783,30.0404270088547,1.53635237365961,-1.52802066877484,1.26351334313582,-1.25160461431593,1.25755897872588,
48490,48490,2,16166.207,3,33.2257716236971,30.0401744341623,1.53447985649109,-1.52814956381917,1.26281634130983,-1.25109126930459,1.25695380530721,
48500,48500,2,16169.54,3,33.2255637524901,30.0396178757695,1.53545448556542,-1.52794411405921,1.26334207291161,-1.25231791428724,1.25782999359942,
48510,48510,2,16172.874,3,33.2258431492737,30.0402817225272,1.53843499720097,-1.52886314317584,1.26397108818857,-1.25152340298612,1.25774724558735,
48520,48520,2,16176.207,3,33.2252932964036,30.0409321582393,1.53632396832108,-1.52871515601873,1.26228520803702,-1.25131068890668,1.25679794847185,
48530,48530,2,16179.54,3,33.2262343047707,30.0398704504618,1.53653798624873,-1.52702676132321,1.26279203379024,-1.25147748878246,1.25713476128635,
48540,48540,2,16182.874,3,33.2261158405344,30.0391797816128,1.53664657846093,-1.52668515220284,1.26401895816967,-1.25194519898692,1.25798207857829,
48550,48550,2,16186.207,3,33.2247434435336,30.0385449921206,1.53531888499856,-1.53001863509417,1.26290109166547,-1.25321133204736,1.25805621185642,
48560,48560,2,16189.54,3,33.2254363475568,30.0394882356619,1.53454830870032,-1.52692971751094,1.26340512345092,-1.25232508547118,1.25786510446105,
48570,48570,2,16192.874,3,33.225854325145,30.0398525690677,1.53599912300706,-1.52786262333393,1.26320311958125,-1.25231195382267,1.25775753670196,
48580,48580,2,16196.207,3,33.2261448977999,30.0389093255264,1.53470328077674,-1.5272568911314,1.26320721740065,-1.25249887026638,1.25785304383351,
48590,48590,2,16199.54,3,33.2261180757087,30.0373938773723,1.53706325218081,-1.52760511264205,1.26381471912579,-1.25427639256074,1.25904555584326,
48600,48600,2,16202.874,3,33.2253335295405,30.0377447997325,1.53827657923102,-1.52930272743106,1.26317750821004,-1.25359913477364,1.25838832149184,
48610,48610,2,16206.207,3,33.2260554908292,30.0373447035384,1.53686767444015,-1.52862928807735,1.26294709900139,-1.2532486780832,1.2580978885423,
48620,48620,2,16209.54,3,33.2261292515801,30.0395552908899,1.53556121513247,-1.52713609859347,1.26332335332756,-1.25297477610963,1.25814906471859,
48630,48630,2,16212.874,3,33.2256688056807,30.0382253622002,1.5392423607409,-1.52646619826555,1.26366859461149,-1.25291982807685,1.25829421134417,
48640,48640,2,16216.207,3,33.2275664686347,30.038681337751,1.53798945248127,-1.52810830622911,1.2644458764447,-1.25267768420357,1.25856178032414,
48650,48650,2,16219.54,3,33.2265919326536,30.0392289554467,1.53999822214246,-1.52684338390827,1.26351175988742,-1.25214198745008,1.25782687366875,
48660,48660,2,16222.874,3,33.2256889222492,30.0392848348035,1.54090952128172,-1.5284058637917,1.26343846479962,-1.25230562082906,1.25787204281434,
48670,48670,2,16226.207,3,33.2266120492221,30.0398995077273,1.53728919103742,-1.52851520106196,1.26369169141171,-1.252177563973,1.25793462769236,
48680,48680,2,16229.54,3,33.2267036913671,30.037990668902,1.53819378465414,-1.52854127809405,1.26387702460703,-1.25276709117216,1.2583220578896,
48690,48690,2,16232.874,3,33.2265092312057,30.0381270145324,1.53609728440642,-1.52876190841198,1.26358999098494,-1.25323163487982,1.25841081293238,
48700,48700,2,16236.207,3,33.2254966972621,30.0383393560879,1.53674082830548,-1.52954598888755,1.26299943933092,-1.25301584743582,1.25800764338337,
48710,48710,2,16239.54,3,33.2258610306678,30.0384712313697,1.54003156349063,-1.52866113930941,1.26346072340951,-1.25310925909155,1.25828499125053,
48720,48720,2,16242.874,3,33.2265919326536,30.0379392598938,1.53850689530373,-1.52785051614046,1.26373984078959,-1.25299014293235,1.25836499186097,
48730,48730,2,16246.207,3,33.2271261393038,30.0381650124949,1.53729366138577,-1.52968252077699,1.26335902298274,-1.25340169438466,1.2583803586837,
48740,48740,2,16249.54,3,33.2268556832173,30.038115838661,1.5359559096396,-1.52746308594942,1.26359269182045,-1.25319028415684,1.25839148798864,
48750,48750,2,16252.874,3,33.2264265297578,30.0389272069205,1.54098970815539,-1.52989281341434,1.26399763088237,-1.25293146960921,1.25846455024579,
48760,48760,2,16256.207,3,33.2266098140478,30.0377872680436,1.53833944350481,-1.53145380318165,1.26336088562792,-1.253277735348,1.25831931048796,
48770,48770,2,16259.54,3,33.2260152576924,30.0380778406985,1.53842410072684,-1.52974314987659,1.26314481878715,-1.25299489267756,1.25806985573235,
48780,48780,2,16262.874,3,33.2268713294372,30.0394032990397,1.53769813477993,-1.52864372357726,1.26368610347618,-1.25261668257396,1.25815139302507,
48790,48790,2,16266.207,3,33.2257068036433,30.0387618040246,1.53693640604615,-1.53073631227016,1.26308074379299,-1.25243609912385,1.25775842145842,
48800,48800,2,16269.54,3,33.2254251716855,30.0392736589321,1.53381498530507,-1.52929155156016,1.26332260826949,-1.25290855907351,1.2581155836715,
48810,48810,2,16272.874,3,33.2256173966726,30.0393407141602,1.5397728420794,-1.5274147503078,1.2636202589691,-1.25210985682074,1.25786505789492,
48820,48820,2,16276.207,3,33.2254117606399,30.0395396446701,1.53582124039531,-1.52988051995635,1.26253554754909,-1.25220988086686,1.25737271420797,
48830,48830,2,16279.54,3,33.2262320695964,30.0387059246679,1.53635991737247,-1.5280575491488,1.26283012488415,-1.2523549809263,1.25759255290523,
48840,48840,2,16282.874,3,33.2257850347427,30.0392088388783,1.53690502047539,-1.52822202071548,1.26364009614025,-1.25211991510471,1.25788000562248,
48850,48850,2,16286.207,3,33.2255905745814,30.0387171005393,1.53621332719922,-1.52608277276158,1.26240600057689,-1.25162957376133,1.25701778716911,
48860,48860,2,16289.54,3,33.225154715599,30.0385852252574,1.53532540425658,-1.52662545442581,1.26403516318273,-1.25168191409086,1.25785853863679,
48870,48870,2,16292.874,3,33.2256777463778,30.0393094217204,1.53887085616589,-1.52909969910979,1.26387767653284,-1.25205434999441,1.25796601326362,
48880,48880,2,16296.207,3,33.2252754150095,30.0384533499756,1.53833478689194,-1.52774201706052,1.26248292782278,-1.25203730679102,1.2572601173069,
48890,48890,2,16299.54,3,33.2240684209045,30.038232067723,1.53516782447696,-1.52680967003107,1.26330547193384,-1.25249058149534,1.25789802671459,
48900,48900,2,16302.874,3,33.2252150653042,30.0389048551778,1.53579134494066,-1.52863571420312,1.26337262029254,-1.25265170030332,1.25801216029793,
48910,48910,2,16306.207,3,33.2254564641252,30.0387126301907,1.5356401912868,-1.52801340445876,1.26337830136034,-1.25238534204272,1.25788182170153,
48920,48920,2,16309.54,3,33.2256777463778,30.0387573336761,1.53573825955391,-1.52727141976357,1.26383064474207,-1.25243209443672,1.25813136958939,
48930,48930,2,16312.874,3,33.2254832862165,30.0384377037557,1.53797855600715,-1.5304097905755,1.26381350840642,-1.25315219306293,1.25848285073468,
48940,48940,2,16316.207,3,33.2254631696481,30.0385338162492,1.53833031654358,-1.52824372053146,1.26309108147373,-1.25240424789129,1.25774766468251,
48950,48950,2,16319.54,3,33.2254452882539,30.0378520880974,1.53540344908834,-1.52824521064758,1.2635812365526,-1.25274418063646,1.25816270859453,
48960,48960,2,16322.874,3,33.2258163271825,30.038681337751,1.53478514403105,-1.52741530910134,1.26339683467987,-1.2526801056423,1.25803847016109,
48970,48970,2,16326.207,3,33.2257202146889,30.0382946526025,1.53549080714583,-1.52957094833255,1.26348307515166,-1.25289822139277,1.25819064827221,
48980,48980,2,16329.54,3,33.2251860080388,30.0389897918,1.53518859297037,-1.52809889987111,1.26352843056177,-1.25303847857475,1.25828345456826,
48990,48990,2,16332.874,3,33.2250742493253,30.0391909574842,1.53654897585511,-1.52946505695581,1.26348093310971,-1.25276876755283,1.25812485033127,
49000,49000,2,16336.207,3,33.2263259469157,30.0386746322282,1.53455780819058,-1.53036424890161,1.26242844545129,-1.25277659066258,1.25760251805694,
49010,49010,2,16339.54,3,33.225603985627,30.0403286611868,1.53440302237868,-1.52748916298151,1.26294402563685,-1.25196466362904,1.25745434463294,
49020,49020,2,16342.874,3,33.2253156481463,30.0382454787686,1.53724364936352,-1.5262596309185,1.26392470832361,-1.25172205409447,1.25782338120904,
49030,49030,2,16346.207,3,33.225004958923,30.0389674400573,1.53435384854674,-1.5285162255168,1.26198420457609,-1.25224452606719,1.25711436532164,
49040,49040,2,16349.54,3,33.2252508280925,30.0401409065483,1.53808509930968,-1.52897341176867,1.26328395838202,-1.25238273433947,1.25783334636075,
49050,49050,2,16352.874,3,33.2258655010164,30.038381824399,1.53837576508522,-1.52593553066254,1.26373583610246,-1.25198282441953,1.25785933026099,
49060,49060,2,16356.207,3,33.2251703618189,30.0389473234889,1.53640089556575,-1.52975879609585,1.26233261235683,-1.25272676490404,1.25752968863043,
49070,49070,2,16359.54,3,33.2256285725439,30.0393541252058,1.53659880161285,-1.52720669284463,1.26310663456098,-1.25174654787857,1.25742659121978,
49080,49080,2,16362.874,3,33.2254207013369,30.0386366342656,1.53574552386999,-1.5282572247088,1.26287091681357,-1.25146566098557,1.25716828889957,
49090,49090,2,16366.207,3,33.2255704580129,30.0392602478865,1.53616284951568,-1.52894482016563,1.26229787402424,-1.25199781871322,1.25714784636873,
49100,49100,2,16369.54,3,33.2253402350633,30.0390389656339,1.53331458568573,-1.52772627770901,1.26339748660568,-1.25274595014938,1.25807171837753,
49110,49110,2,16372.874,3,33.2257313905603,30.0393384789859,1.53676625341177,-1.52858244255185,1.26339143300885,-1.25244904450784,1.25792023875835,
49120,49120,2,16376.207,3,33.2264242945835,30.0381828938891,1.53574962168932,-1.52647439390421,1.26332931379213,-1.25224061451231,1.25778496415222,
49130,49130,2,16379.54,3,33.2256285725439,30.0388579165182,1.53751978650689,-1.52626540511847,1.26423940222661,-1.25255754358952,1.25839847290807,
49140,49140,2,16382.874,3,33.2250697789768,30.0387282764106,1.5350186266005,-1.52983963489532,1.26389220516524,-1.25207837811722,1.25798529164123,
49150,49150,2,16386.207,3,33.2250004885745,30.0397877490139,1.53690464794636,-1.5300240367651,1.262417548977,-1.2515325299475,1.25697503946225,
49160,49160,2,16389.54,3,33.2260912536175,30.0397542213998,1.53696127235889,-1.5257160179317,1.26392917867204,-1.25114537914704,1.25753727890954,
49170,49170,2,16392.874,3,33.2263482986584,30.0382007752832,1.53521029278636,-1.52704929932952,1.26331608901136,-1.25276401780762,1.25804005340949,
49180,49180,2,16396.207,3,33.2267729817694,30.039106020862,1.53656750917435,-1.52793852612376,1.26329271281436,-1.25243703044644,1.2578648716304,
49190,49190,2,16399.54,3,33.22651146638,30.0392691885836,1.53661547228694,-1.527507789433,1.26351976926169,-1.25273673005575,1.25812824965872,
49200,49200,2,16402.874,3,33.2274211823072,30.0384064113159,1.53628177940845,-1.52866560965776,1.26411451186735,-1.25261472679652,1.25836461933194,
49210,49210,2,16406.207,3,33.2263661800525,30.0377224479898,1.53662599623203,-1.52885131537914,1.26306593576382,-1.25290306427023,1.25798450001703,
49220,49220,2,16409.54,3,33.225637513241,30.0384064113159,1.54093494638801,-1.52945974841714,1.26270812162492,-1.25281281911131,1.25776047036812,
49230,49230,2,16412.874,3,33.2259280858959,30.0389003848293,1.53555497527122,-1.52615141123533,1.26313457423866,-1.25241598255592,1.25777527839729,
49240,49240,2,16416.207,3,33.2267975686863,30.0387886261159,1.53629621490836,-1.52895096689463,1.26339422697662,-1.25227945066429,1.25783683882046,
49250,49250,2,16419.54,3,33.225912439676,30.0387372171077,1.53911504894495,-1.52623727917671,1.26376349638336,-1.25223176694771,1.25799763166554,
49260,49260,2,16422.874,3,33.2266433416618,30.0380689000014,1.53727447614074,-1.52862416580319,1.26401700239223,-1.2520604967235,1.25803874955786,
49270,49270,2,16426.207,3,33.2269003867027,30.0391417836503,1.53740290552378,-1.53018729761243,1.2636077792464,-1.25174617534954,1.25767697729797,
49280,49280,2,16429.54,3,33.2250921307195,30.0391596650444,1.535006146878,-1.52695141732693,1.26270104357324,-1.25174170500111,1.25722137428718,
49290,49290,2,16432.874,3,33.2258856175848,30.0377693866494,1.53595907613635,-1.52814099565148,1.26380205313857,-1.25283572964701,1.25831889139279,
49300,49300,2,16436.207,3,33.2260152576924,30.0377939735664,1.53393447399139,-1.52700860053301,1.26270281308616,-1.25267563529387,1.25768922419002,
49310,49310,2,16439.54,3,33.2258878527591,30.0391149615591,1.5347508713603,-1.52709214016795,1.26358272666874,-1.25287214436026,1.2582274355145,
49320,49320,2,16442.874,3,33.2263840614467,30.0377425645582,1.53542933985591,-1.52774890884757,1.26417728300989,-1.25262254990627,1.25839991645808,
49330,49330,2,16446.207,3,33.2253983495943,30.0377291535126,1.53476623818278,-1.52896856889129,1.262987239005,-1.25321636118935,1.25810180009717,
49340,49340,2,16449.54,3,33.2261761902397,30.0374922250401,1.53409736230969,-1.52732115238905,1.26448452633217,-1.25274911664619,1.25861682148918,
49350,49350,2,16452.874,3,33.2257448016059,30.0375637506167,1.535680051893,-1.52896363288164,1.26410640936082,-1.25290101536054,1.25850371236068,
49360,49360,2,16456.207,3,33.226428764932,30.0383147691709,1.53598366305232,-1.52898458763957,1.2638559767165,-1.25322958597012,1.25854278134331,
49370,49370,2,16459.54,3,33.2259213803731,30.0385919307802,1.53432227671146,-1.52671150863171,1.26409914504463,-1.25289514802822,1.25849714653642,
49380,49380,2,16462.874,3,33.2265718160852,30.0384935831124,1.53586566448212,-1.53014697134495,1.26456201237162,-1.25226687780934,1.25841444509048,
49390,49390,2,16466.207,3,33.2271619020921,30.0387461578048,1.53477322310209,-1.52909466996789,1.26326393494635,-1.25291656844778,1.25809025169706,
49400,49400,2,16469.54,3,33.225704568469,30.0376308058448,1.53904994949698,-1.53009230270982,1.26433113750167,-1.25406991834264,1.25920052792216,
49410,49410,2,16472.874,3,33.2259526728129,30.0380443130845,1.53293991461396,-1.52882263064384,1.26322249109111,-1.25311643027549,1.2581694606833,
49420,49420,2,16476.207,3,33.2258990286304,30.0398615097647,1.53798284009099,-1.52664529159665,1.26281038084525,-1.25203050813612,1.25742044449068,
49430,49430,2,16479.54,3,33.2264220594092,30.0386031066516,1.53662106022239,-1.52842253446579,1.26386156465204,-1.25264462225164,1.25825309345184,
49440,49440,2,16482.874,3,33.2251927135616,30.0384555851499,1.53731591999531,-1.5301457606256,1.26246942364523,-1.252861620415,1.25766552203012,
49450,49450,2,16486.207,3,33.2253491757604,30.0387416874562,1.5355858951807,-1.52847589924932,1.26247501158077,-1.25231623790658,1.25739562474367,
49460,49460,2,16489.54,3,33.2263259469157,30.0384198223616,1.53696434572339,-1.52584714815021,1.26425588663644,-1.25214673719529,1.25820131191586,
49470,49470,2,16492.874,3,33.2256598649837,30.0390948449906,1.53617290779948,-1.52704203501344,1.26260679372718,-1.25131981586806,1.25696330479762,
49480,49480,2,16496.207,3,33.2262253640736,30.0390903746421,1.53690064325929,-1.52834998443723,1.26281587564853,-1.25231847308079,1.25756717436466,
49490,49490,2,16499.54,3,33.2263572393554,30.0395575260642,1.53723461553454,-1.52775933966041,1.26367790783739,-1.25233616821,1.25800703802369,
49500,49500,2,16502.874,3,33.2270434378559,30.0397653972712,1.53756644576788,-1.53012564405799,1.26375213424777,-1.25167837506502,1.2577152546564,
49510,49510,2,16506.207,3,33.2258051513111,30.0384846424153,1.53750432655215,-1.52936829254031,1.2632114083523,-1.25217951975044,1.25769546405137,
49520,49520,2,16509.54,3,33.2264913498116,30.0384555851499,1.53715098276734,-1.5282760374248,1.26372987563788,-1.25250678650839,1.25811833107314,
49530,49530,2,16512.874,3,33.2265315829484,30.0382141863289,1.53770986944437,-1.52897583320737,1.26382244910328,-1.25284318022773,1.2583328146655,
49540,49540,2,16516.207,3,33.2267171024127,30.0381694828435,1.53557816520333,-1.53137054294348,1.26274118357685,-1.25253994159258,1.25764056258472,
49550,49550,2,16519.54,3,33.2271082579096,30.0388020371615,1.53823653236032,-1.5285262838006,1.26452550452611,-1.25283368073732,1.25867959263171,
49560,49560,2,16522.874,3,33.2269585012337,30.0386634563568,1.53642743825912,-1.5294617973268,1.2633992561186,-1.25262031473206,1.25800978542533,
49570,49570,2,16526.207,3,33.2263482986584,30.0395843481554,1.53490956872702,-1.52898831292987,1.2625523113557,-1.25189667708,1.25722449421785,
49580,49580,2,16529.54,3,33.2266321657905,30.0395552908899,1.5363771468401,-1.52902342379093,1.26305187279271,-1.25253435365704,1.25779311322488,
49590,49590,2,16532.874,3,33.2249870775289,30.0383795892247,1.53370397165418,-1.52881117537618,1.26344405273516,-1.25194249815141,1.25769327544328,
49600,49600,2,16536.207,3,33.2254855213907,30.039564231587,1.53584880754352,-1.52767049148679,1.26243300893198,-1.25193877286105,1.25718589089651,
49610,49610,2,16539.54,3,33.2254698751709,30.0379102026283,1.53367910534143,-1.52705786749721,1.26352796490048,-1.25248899824693,1.25800848157371,
49620,49620,2,16542.874,3,33.2262007771566,30.0385472272949,1.53353065252304,-1.52675379067659,1.26381229768706,-1.25233151159705,1.25807190464205,
49630,49630,2,16546.207,3,33.2252620039639,30.037715742467,1.53463017195463,-1.52818029746413,1.26302132541178,-1.25260243333834,1.25781187937506,
49640,49640,2,16549.54,3,33.2255883394071,30.0386522804855,1.53416413813829,-1.52616491541266,1.26329299221114,-1.25246627397575,1.25787963309345,
49650,49650,2,16552.874,3,33.225246357744,30.0380599593043,1.53539106249809,-1.52789391577244,1.26364363516609,-1.25222468889603,1.25793416203106,
49660,49660,2,16556.207,3,33.2250988362423,30.038232067723,1.53731601312757,-1.52828097343445,1.26240376540267,-1.25235051057787,1.25737713799027,
49670,49670,2,16559.54,3,33.2262767730818,30.0384131168388,1.53919318690896,-1.529520470649,1.26330798650483,-1.25277612500128,1.25804205575306,
49680,49680,2,16562.874,3,33.2256084559755,30.038448879627,1.53852412477136,-1.52828637510538,1.26291580656239,-1.25230478263873,1.25761029460056,
49690,49690,2,16566.207,3,33.2269406198395,30.039680460649,1.53553700074553,-1.52892833575606,1.26251720049407,-1.25138649856547,1.25695184952977,
49700,49700,2,16569.54,3,33.2259906707754,30.0397542213998,1.53342755511403,-1.52704454958439,1.26335073421169,-1.25144638260797,1.25739855840983,
49710,49710,2,16572.874,3,33.2261314867543,30.0392244850982,1.53862712904811,-1.52778448536992,1.26316344523894,-1.25170538342012,1.25743441432953,
49720,49720,2,16576.207,3,33.226120310883,30.0388914441322,1.53572326526046,-1.52959441766143,1.26180287606791,-1.25191614172212,1.25685950889502,
49730,49730,2,16579.54,3,33.2250854251967,30.0384868775896,1.53715973719954,-1.52684366330504,1.26334337676323,-1.25215688861151,1.25775013268737,
49740,49740,2,16582.874,3,33.225671040855,30.0383840595733,1.53623363003135,-1.52825908735394,1.26396084364008,-1.25232024259371,1.2581405431169,
49750,49750,2,16586.207,3,33.2263527690069,30.0394278859566,1.53594519942999,-1.52888549491763,1.2623047658114,-1.25193812093524,1.25712144337332,
49760,49760,2,16589.54,3,33.2249155519523,30.0387171005393,1.53549229726195,-1.53018422424793,1.26313578495803,-1.2519699721678,1.25755287856291,
49770,49770,2,16592.874,3,33.2251077769394,30.0380845462213,1.5339876525104,-1.52619276195765,1.26307403827035,-1.25217793650204,1.25762598738619,
49780,49780,2,16596.207,3,33.224546748198,30.037599513405,1.53485937044024,-1.52735384181142,1.26288023003947,-1.25286907099572,1.25787465051759,
49790,49790,2,16599.54,3,33.2247456787079,30.0379951392505,1.53547106310725,-1.52800166979432,1.26319296816503,-1.25264387719357,1.2579184226793,
49800,49800,2,16602.874,3,33.2255391655732,30.0391194319076,1.53829958289862,-1.52547061443329,1.26359967673987,-1.25205611950733,1.2578278981236,
49810,49810,2,16606.207,3,33.2248954353839,30.038357237482,1.53427459299564,-1.52712259441614,1.26298649394693,-1.25196848205165,1.25747748799929,
49820,49820,2,16609.54,3,33.2248775539897,30.0385382865978,1.53431799262762,-1.52573427185416,1.26407716583151,-1.25190170622199,1.25798943602675,
49830,49830,2,16612.874,3,33.2248172042845,30.0382723008598,1.53534710407257,-1.5309264883399,1.2630319424893,-1.2525755181155,1.2578037303024,
49840,49840,2,16616.207,3,33.2246607420857,30.0391283726047,1.53718171641231,-1.52804953977466,1.26203011877976,-1.25175427785607,1.25689219831791,
49850,49850,2,16619.54,3,33.2247099159196,30.0371793006425,1.53770307078958,-1.52795808389783,1.26353094513276,-1.25263260819024,1.2580817766615,
49860,49860,2,16622.874,3,33.2253402350633,30.0375793968366,1.53600163757801,-1.52848167344928,1.26333136270183,-1.25286720835054,1.25809928552618,
49870,49870,2,16626.207,3,33.2246070979032,30.0378811453629,1.53842344880104,-1.52956023812294,1.26218602218124,-1.25194985559986,1.25706793889055,
49880,49880,2,16629.54,3,33.2258386789252,30.0388355647755,1.53475757688284,-1.52759961783886,1.26396205435945,-1.25182105368573,1.25789155402259,
49890,49890,2,16632.874,3,33.2258319734024,30.0380040799476,1.53519921004772,-1.52600314468145,1.26317890519392,-1.25165332248736,1.25741611384064,
49900,49900,2,16636.207,3,33.2264064131894,30.0375391636998,1.53291020542383,-1.52998035773635,1.26329401666599,-1.25258101291878,1.25793751479238,
49910,49910,2,16639.54,3,33.2264444111519,30.0377224479898,1.53543669730425,-1.52852144092321,1.26442520108322,-1.25291796543167,1.25867158325744,
49920,49920,2,16642.874,3,33.2255034027849,30.0381337200552,1.53737729415298,-1.52767673134804,1.26409718926719,-1.25225141785435,1.25817430356077,
49930,49930,2,16646.207,3,33.2257023332948,30.0382387732458,1.53434704989195,-1.52772003784776,1.26256805070746,-1.2523549809263,1.25746151581688,
49940,49940,2,16649.54,3,33.2255346952246,30.0387841557673,1.53532633557916,-1.52809442952275,1.26396047111105,-1.25262366749338,1.25829206930221,
49950,49950,2,16652.874,3,33.2266925154957,30.0382052456318,1.53536275029182,-1.53041230514646,1.26349946642924,-1.25334050649053,1.25841998645988,
49960,49960,2,16656.207,3,33.22669475067,30.0372150634308,1.53601188212633,-1.52855226770043,1.2628878668847,-1.25334758454221,1.25811772571346,
49970,49970,2,16659.54,3,33.2270501433787,30.037923613674,1.53643861413002,-1.52807049453259,1.26425504844611,-1.25317696624381,1.25871600734496,
49980,49980,2,16662.874,3,33.2264578221975,30.0373335276671,1.53677370399237,-1.52969742193818,1.26400852735667,-1.25339228802651,1.25870040769159,
49990,49990,2,16666.207,3,33.2273653029505,30.0372508262191,1.54035799205303,-1.53251094743609,1.26366337920499,-1.25328397520935,1.25847367720717,
50000,50000,2,16669.54,3,33.2266813396244,30.03750787126,1.53552703559399,-1.52738243341446,1.26368312324389,-1.25371247673278,1.25869779998834,
50010,50010,2,16672.874,3,33.2271306096523,30.0380666648271,1.53447100892663,-1.52833973988891,1.26491936084921,-1.25285985090208,1.25888960587565,
50020,50020,2,16676.207,3,33.2261337219286,30.0373044704016,1.53531488031149,-1.52871869504452,1.26311399200944,-1.25394595930597,1.25852997565771,
50030,50030,2,16679.54,3,33.22651146638,30.0378453825746,1.53690027073026,-1.52879320085049,1.26398720006937,-1.25354213783116,1.25876466895026,
50040,50040,2,16682.874,3,33.2267416893296,30.0378565584459,1.535414904356,-1.53038250282407,1.26315767103888,-1.25269975654894,1.25792871379391,
50050,50050,2,16686.207,3,33.226062196352,30.0377515052553,1.53717789798975,-1.53074571862817,1.26240031950909,-1.25315368317907,1.25777700134408,
50060,50060,2,16689.54,3,33.2259817300783,30.0378923212342,1.53412809595466,-1.52852786704898,1.26374663944449,-1.25248899824693,1.25811781884571,
50070,50070,2,16692.874,3,33.2259258507216,30.0371435378543,1.53708206489682,-1.53052378445864,1.26391939978485,-1.25378865892061,1.25885402935273,
50080,50080,2,16696.207,3,33.2267416893296,30.0376732741559,1.53627535328269,-1.53106274083257,1.26334598446648,-1.25278059534971,1.2580632899081,
50090,50090,2,16699.54,3,33.2264779387659,30.0380465482587,1.53603097423911,-1.5280463732779,1.26392824734945,-1.25255409769594,1.2582411725227,
50100,50100,2,16702.874,3,33.2259884356011,30.0380219613418,1.53603125363588,-1.52961788699031,1.26379655833529,-1.25222459576377,1.25801057704953,
50110,50110,2,16706.207,3,33.2257738588714,30.0377604459524,1.53488526120782,-1.52908461168408,1.26327501768516,-1.25305161022326,1.25816331395421,
50120,50120,2,16709.54,3,33.2258945582819,30.0379839633792,1.53591064736247,-1.52798891067505,1.2638580256262,-1.2526061586287,1.25823209212745,
50130,50130,2,16712.874,3,33.2261896012853,30.0376755093302,1.53624154627323,-1.5278504230082,1.26300996327619,-1.25302432247139,1.25801714287379,
50140,50140,2,16716.207,3,33.2271440206979,30.0382767712084,1.53690529987216,-1.52692114934325,1.26408890049614,-1.25226529456093,1.25817709752854,
50150,50150,2,16719.54,3,33.226661223056,30.0380689000014,1.53358215466142,-1.52718909084797,1.26394342790766,-1.25272080443947,1.25833211617356,
50160,50160,2,16722.874,3,33.2260890184432,30.0372105930823,1.53900748118758,-1.52801973745227,1.26444718029633,-1.25303419449084,1.25874068739358,
50170,50170,2,16726.207,3,33.2268176852547,30.0371368323314,1.53776286169887,-1.53038278222084,1.26351557831004,-1.25311521955613,1.25831539893308,
50180,50180,2,16729.54,3,33.2263885317952,30.0368552003736,1.53665132820606,-1.52708608657122,1.26431586381121,-1.25326916718017,1.25879251549569,
50190,50190,2,16732.874,3,33.226819920429,30.0377470349067,1.53751550242305,-1.52997020632029,1.26436503764393,-1.25322455682814,1.25879479723603,
50200,50200,2,16736.207,3,33.2265315829484,30.0380286668646,1.53477480635047,-1.53013532981277,1.26273811021231,-1.25315647714684,1.25794729367957,
50210,50210,2,16739.54,3,33.2260420797836,30.0374206994635,1.5366917476058,-1.52717307209969,1.26393318335917,-1.25304853685872,1.25849086010895,
50220,50220,2,16742.874,3,33.2264824091145,30.036508748362,1.53608275577426,-1.52710592374206,1.26356540406857,-1.25308523096874,1.25832531751866,
50230,50230,2,16746.207,3,33.2265382884712,30.0378275011804,1.53526207432151,-1.52877140790224,1.26367604519221,-1.25338092589091,1.25852848554156,
50240,50240,2,16749.54,3,33.2274502395727,30.0377895032178,1.53603153303266,-1.52807030826807,1.26479707819321,-1.25336183377783,1.25907945598552,
50250,50250,2,16752.874,3,33.2254698751709,30.0381806587148,1.53715368360281,-1.52726545929909,1.26361671994326,-1.25245593629501,1.25803632811913,
50260,50260,2,16756.207,3,33.2259526728129,30.0374117587665,1.53408301994205,-1.52819165959954,1.26344712609971,-1.25254441194101,1.25799576902036,
50270,50270,2,16759.54,3,33.2257716236971,30.0381806587148,1.53457410633564,-1.5272743999958,1.26358850086879,-1.25329235711265,1.25844042899072,
50280,50280,2,16762.874,3,33.2260085521696,30.0387752150702,1.53544964268804,-1.5278110280633,1.26343287686409,-1.25235162816498,1.25789225251453,
50290,50290,2,16766.207,3,33.225854325145,30.0371010695432,1.53452949598432,-1.52949308976531,1.26312572667406,-1.25281784825329,1.25797178746368,
50300,50300,2,16769.54,3,33.2259571431614,30.038348296785,1.53462439775467,-1.52886817231774,1.2641670384614,-1.25260811440613,1.25838757643377,
50310,50310,2,16772.874,3,33.2254654048223,30.0393071865461,1.53527967631817,-1.52808958664536,1.26349648619695,-1.25158058619312,1.25753853619504,
50320,50320,2,16776.207,3,33.2254765806937,30.0389696752316,1.53780588880181,-1.52657525613904,1.26322304988467,-1.25202249876185,1.25762277432326,
50330,50330,2,16779.54,3,33.2254184661627,30.0384891127639,1.53276147320867,-1.52751626446843,1.26376480023499,-1.25289421670563,1.25832950847031,
50340,50340,2,16782.874,3,33.2247546194049,30.0377358590354,1.53824528679252,-1.52987316250801,1.2629715927855,-1.25268634550365,1.25782896914458,
50350,50350,2,16786.207,3,33.2259616135099,30.0385338162492,1.53360711410642,-1.52890626341105,1.26227487035628,-1.25190096116391,1.2570879157601,
50360,50360,2,16789.54,3,33.2259437321158,30.0387349819334,1.53476130217314,-1.5259325504303,1.26423502501044,-1.25185346371185,1.25804424436114,
50370,50370,2,16792.874,3,33.2252620039639,30.0389160310492,1.53670338913798,-1.5287522226572,1.26353252838116,-1.2520387037749,1.25778561607803,
50380,50380,2,16796.207,3,33.2255436359217,30.0377224479898,1.53263155370951,-1.52724888175726,1.26277070650294,-1.25194193935785,1.2573563229304,
50390,50390,2,16799.54,3,33.2258632658421,30.0378006790892,1.53144598007202,-1.52848996222019,1.26395022656256,-1.25249477244699,1.25822249950478,
50400,50400,2,16802.874,3,33.2257448016059,30.0386478101369,1.53514733538032,-1.52803920209408,1.26284251147459,-1.25208461797857,1.25746356472658,
50410,50410,2,16806.207,3,33.2262141882023,30.0382298325487,1.5342254191637,-1.52712697163224,1.26345560113527,-1.25285202779233,1.2581538144638,
50420,50420,2,16809.54,3,33.2256755112036,30.03787443984,1.53660168871284,-1.52943599969149,1.26329960460153,-1.25236317656509,1.25783139058331,
50430,50430,2,16812.874,3,33.2257135091661,30.0377403293839,1.53367975726724,-1.52638871222734,1.26371180797965,-1.25250827662454,1.25811004230209,
50440,50440,2,16816.207,3,33.2255592821416,30.0371256564601,1.53220100328326,-1.52959460392594,1.26343725408026,-1.25361608484477,1.25852666946251,
50450,50450,2,16819.54,3,33.2263706504011,30.0381247793581,1.53269274160266,-1.52798471972346,1.26403888847308,-1.25236103452314,1.25819996149811,
50460,50460,2,16822.874,3,33.2257023332948,30.0370921288461,1.53812011703849,-1.52811892330647,1.26336936066348,-1.2525510243314,1.25796019249744,
50470,50470,2,16826.207,3,33.2254072902913,30.037474343646,1.5339351259172,-1.52865527197719,1.26301564434398,-1.25277640439806,1.25789602437102,
50480,50480,2,16829.54,3,33.2252262411756,30.0386679267054,1.53881777077913,-1.52863534167409,1.26312060439982,-1.25195553666766,1.25753807053374,
50490,50490,2,16832.874,3,33.2261270164058,30.0380465482587,1.53577923774719,-1.52869820594788,1.26358524123973,-1.25200526929394,1.25779525526684,
50500,50500,2,16836.207,3,33.2256777463778,30.0391037856877,1.53457773849368,-1.53157934546471,1.26302682021506,-1.25236336282961,1.25769509152233,
50510,50510,2,16839.54,3,33.2258878527591,30.0387774502445,1.53455538675189,-1.5275496058166,1.26399139102102,-1.2525546564895,1.25827302375526,
50520,50520,2,16842.874,3,33.2253000019264,30.0384801720668,1.5389746055007,-1.53064597398043,1.26322295675241,-1.25248015068233,1.25785155371737,
50530,50530,2,16846.207,3,33.2262275992479,30.0377939735664,1.53496684506536,-1.52982026338577,1.26291776233982,-1.25250874228583,1.25771325231283,
50540,50540,2,16849.54,3,33.2257984457883,30.0386768674024,1.53763927519321,-1.52793861925602,1.2628701717555,-1.25249663509217,1.25768340342383,
50550,50550,2,16852.874,3,33.2259258507216,30.0380867813956,1.5373227186501,-1.52847310528159,1.26351418132615,-1.25229975349675,1.25790696741145,
50560,50560,2,16856.207,3,33.2254519937767,30.0377358590354,1.53575800359249,-1.52950929477811,1.26273280167355,-1.25206543273322,1.25739911720338,
50570,50570,2,16859.54,3,33.2249490795663,30.0382052456318,1.53423082083464,-1.52828190475702,1.26390654753311,-1.25215903065347,1.25803278909329,
50580,50580,2,16862.874,3,33.2259996114725,30.0380554889558,1.53332650661469,-1.52836572378874,1.26395665268843,-1.25199632859708,1.25797649064276,
50590,50590,2,16866.207,3,33.2257827995684,30.0378811453629,1.53934564441442,-1.52801666408777,1.26312377089663,-1.25218575961179,1.25765476525421,
50600,50600,2,16869.54,3,33.2259638486842,30.0373044704016,1.5355403535068,-1.527950912714,1.26398850392099,-1.25326078527687,1.25862464459893,
50610,50610,2,16872.874,3,33.2262655972104,30.0385271107264,1.53553280979395,-1.52966538444161,1.2641956300649,-1.25292103879621,1.25855833443056,
50620,50620,2,16876.207,3,33.2262834786046,30.0375190471314,1.53395840898156,-1.52766006067395,1.26334440121808,-1.25256648428638,1.25795544275223,
50630,50630,2,16879.54,3,33.225603985627,30.0372932945302,1.53631176799536,-1.5268855728209,1.26371655772485,-1.25313356661114,1.258425062168,
50640,50640,2,16882.874,3,33.225637513241,30.0378252660061,1.53619293123484,-1.52765857055783,1.26313382918059,-1.25206440827837,1.25759911872948,
50650,50650,2,16886.207,3,33.2246160386003,30.0377313886869,1.53236826881766,-1.52745852246881,1.26261610695308,-1.25293901332219,1.25777756013763,
50660,50660,2,16889.54,3,33.2252396522212,30.0388355647755,1.53724206611514,-1.52936857193708,1.26347851167097,-1.25272359840723,1.2581010550391,
50670,50670,2,16892.874,3,33.2256889222492,30.0374050532437,1.53653472661972,-1.52880754321814,1.26278672525148,-1.25327186801568,1.25802929663358,
50680,50680,2,16896.207,3,33.2252173004785,30.0366696809093,1.53587600216269,-1.52758257463574,1.26368163312775,-1.25279512398211,1.25823837855493,
50690,50690,2,16899.54,3,33.2260353742608,30.0369155500789,1.53650967404246,-1.53076024726033,1.26382552246783,-1.25347051912403,1.25864802079593,
50700,50700,2,16902.874,3,33.2260644315263,30.0371435378543,1.53927877545357,-1.52955008670688,1.26317797387134,-1.25276243455922,1.25797020421528,
50710,50710,2,16906.207,3,33.2267171024127,30.0385159348551,1.53564615175128,-1.52908423915505,1.26322826529117,-1.2527554496398,1.25799185746548,
50720,50720,2,16909.54,3,33.2257448016059,30.0370965991946,1.53660234063864,-1.52755193412304,1.2640213796084,-1.25302916534885,1.25852527247863,
50730,50730,2,16912.874,3,33.2258632658421,30.037715742467,1.53633765876293,-1.52937397360802,1.26293219783996,-1.25324728109932,1.25808973946964,
50740,50740,2,16916.207,3,33.225729155386,30.0376553927617,1.53366224840283,-1.52708310633898,1.26247994759049,-1.25277863957227,1.25762929358138,
50750,50750,2,16919.54,3,33.2259169100246,30.038531581075,1.53686953708529,-1.52884172275662,1.26269117155379,-1.25309454419464,1.25789285787422,
50760,50760,2,16922.874,3,33.2267819224665,30.0375548099197,1.53438095003366,-1.52784176170826,1.26393346275595,-1.25271633409104,1.25832489842349,
50770,50770,2,16926.207,3,33.2249937830517,30.0369267259502,1.53602808713913,-1.52826718986034,1.26214318134212,-1.25256229333473,1.25735273733843,
50780,50780,2,16929.54,3,33.2262298344221,30.0373201166215,1.53289251029491,-1.52846341952682,1.26407269548308,-1.25342851647524,1.25875060597916,
50790,50790,2,16932.874,3,33.226004081821,30.0371435378543,1.53254847973585,-1.5265884809196,1.26363031725306,-1.25178109994664,1.25770570859985,
50800,50800,2,16936.207,3,33.2259549079871,30.0374721084717,1.53505504131317,-1.5318226069212,1.26341629932199,-1.25237072027807,1.25789350980003,
50810,50810,2,16939.54,3,33.2263661800525,30.0374385808577,1.53302177786827,-1.5270178206265,1.26401532601157,-1.25321822383453,1.25861677492305,
50820,50820,2,16942.874,3,33.2255726931872,30.0375548099197,1.53604866936803,-1.53038930147886,1.26377625550284,-1.25283619530831,1.25830622540557,
50830,50830,2,16946.207,3,33.2258051513111,30.0367948506684,1.53542216867208,-1.52862053364515,1.26349089826141,-1.25330614068698,1.25839851947419,
50840,50840,2,16949.54,3,33.225787269917,30.0373469387127,1.53498593717813,-1.52926184237003,1.26352675418111,-1.25277966402712,1.25815320910412,
50850,50850,2,16952.874,3,33.2257649181743,30.0368261431081,1.53307402506471,-1.52787221595645,1.26360070119472,-1.25283721976316,1.25821896047894,
50860,50860,2,16956.207,3,33.2252977667522,30.0383147691709,1.53528032824397,-1.53003754094243,1.26246513956132,-1.25273151464925,1.25759832710528,
50870,50870,2,16959.54,3,33.2257090388176,30.0369490776929,1.53152886778116,-1.52778439223766,1.26354295919417,-1.25252103574401,1.25803199746909,
50880,50880,2,16962.874,3,33.2257604478258,30.0373424683641,1.53909008949995,-1.52881499379873,1.26338090906359,-1.25264126949032,1.25801108927696,
50890,50890,2,16966.207,3,33.2254139958141,30.0378587936202,1.53127918019891,-1.52989998459816,1.26318719396497,-1.25282483317271,1.25800601356884,
50900,50900,2,16969.54,3,33.2248261449815,30.0378699694915,1.53198363259435,-1.52707425877452,1.26365630115331,-1.25202054298441,1.25783842206886,
50910,50910,2,16972.874,3,33.2241108892156,30.0376106892764,1.53763592243195,-1.52763780206442,1.26322621638147,-1.25184498867628,1.25753560252888,
50920,50920,2,16976.207,3,33.22446404675,30.0388199185556,1.53370471671224,-1.52919525280595,1.26194434396926,-1.25162864243874,1.256786493204,
50930,50930,2,16979.54,3,33.2250273106657,30.0382275973745,1.53236957266927,-1.5284332446754,1.26381509165482,-1.25278366871426,1.25829938018454,
50940,50940,2,16982.874,3,33.224189120315,30.0376263354962,1.53359789401293,-1.52743104845285,1.26354603255871,-1.25205807528477,1.25780205392174,
50950,50950,2,16986.207,3,33.2248976705581,30.0385695790375,1.53621640056372,-1.52705758810043,1.26267701545043,-1.25183912134397,1.2572580683972,
50960,50960,2,16989.54,3,33.2254810510422,30.0382454787686,1.53333339840174,-1.52976661920547,1.26391641955256,-1.25177877164017,1.25784759559637,
50970,50970,2,16992.874,3,33.2248730836412,30.0381963049347,1.53366103768349,-1.52776762843132,1.26283524715839,-1.25174915558182,1.25729220137011,
50980,50980,2,16996.207,3,33.2249937830517,30.0375190471314,1.53322825208306,-1.52935739606619,1.26273354673162,-1.25153206428621,1.25713280550891,
50990,50990,2,16999.54,3,33.2253759978516,30.037116715763,1.53323225677013,-1.52665534988046,1.26347478638061,-1.2528314455631,1.25815311597186,
51000,51000,2,17002.874,3,33.2257246850375,30.0382074808061,1.53579581528902,-1.53133077546954,1.26315301442594,-1.25201169541981,1.25758235492287,
51010,51010,2,17006.207,3,33.2242829976343,30.0374877546916,1.53287472203374,-1.52818905189633,1.26290071913644,-1.25225542254148,1.25757807083896,
51020,51020,2,17009.54,3,33.2250429568856,30.0390054380199,1.53466798365116,-1.52843976393342,1.26331562335007,-1.2515595383026,1.25743758082633,
51030,51030,2,17012.874,3,33.2250429568856,30.0374206994635,1.53310978785157,-1.5304702334106,1.26339357505081,-1.25222534082184,1.25780945793633,
51040,51040,2,17016.207,3,33.2251390693791,30.0374899898659,1.53272459283471,-1.52871152386069,1.26322938287828,-1.25192070520281,1.25757504404054,
51050,51050,2,17019.54,3,33.2255391655732,30.037865499143,1.53255220502615,-1.52964126318693,1.26425290640416,-1.2523211739163,1.25828704016023,
51060,51060,2,17022.874,3,33.225130128682,30.0374519919033,1.53267476707697,-1.52754122391343,1.26321923146205,-1.25238850853953,1.25780387000079,
51070,51070,2,17026.207,3,33.2251390693791,30.037657627936,1.5328848734498,-1.52963949367404,1.26323683345899,-1.25229155785796,1.25776419565848,
51080,51080,2,17029.54,3,33.2257135091661,30.0371211861116,1.53165245428681,-1.52731388807297,1.26371711651841,-1.25251498214718,1.25811604933279,
51090,51090,2,17032.874,3,33.2243366418167,30.0376218651477,1.53543446213007,-1.53047274798155,1.2628899157944,-1.25196121773546,1.25742556676493,
51100,51100,2,17036.207,3,33.2242114720577,30.0376620982845,1.53352729976177,-1.53097920119762,1.26181489012932,-1.25230413071292,1.25705951042112,
51110,51110,2,17039.54,3,33.2253827033744,30.0371256564601,1.53625197708607,-1.52869140729308,1.26301387483106,-1.25237397990713,1.2576939273691,
51120,51120,2,17042.874,3,33.2261448977999,30.0377470349067,1.53364632278681,-1.52756357565522,1.26292707556572,-1.25177011034009,1.2573485929529,
51130,51130,2,17046.207,3,33.2257000981205,30.038348296785,1.53516037389636,-1.53019335120916,1.26240525551881,-1.25201542071017,1.25721033811449,
51140,51140,2,17049.54,3,33.2261761902397,30.0367568527058,1.53640154749155,-1.52966864407063,1.26446180206098,-1.25336015739717,1.25891097972908,
51150,51150,2,17052.874,3,33.2264086483636,30.0372351799993,1.53748448938131,-1.52738559991121,1.26419274296487,-1.25252122200853,1.2583569824867,
51160,51160,2,17056.207,3,33.2257269202117,30.0369311962987,1.53838647529483,-1.5322451479733,1.26302998671186,-1.25288229577649,1.25795614124417,
51170,51170,2,17059.54,3,33.2250094292716,30.0367657934029,1.53553755953908,-1.52852032333612,1.26373304213469,-1.25327512764475,1.25850408488972,
51180,51180,2,17062.874,3,33.2260241983894,30.0373715256296,1.53699507936835,-1.53136188164353,1.26352638165207,-1.25303512581343,1.25828075373275,
51190,51190,2,17066.207,3,33.2265137015542,30.0369222556017,1.53521168977022,-1.53150530532002,1.26327362070128,-1.2532366640218,1.25825514236154,
51200,51200,2,17069.54,3,33.2257269202117,30.0360035989773,1.53866559267044,-1.52967339381576,1.26380726854507,-1.25334274166474,1.25857500510491,
51210,51210,2,17072.874,3,33.2271082579096,30.0362472329726,1.53421275317669,-1.5311062335968,1.26370482306022,-1.25350553685339,1.25860517995681,
51220,51220,2,17076.207,3,33.2259504376386,30.0366607402123,1.53502766042948,-1.52900097891688,1.26313205966767,-1.25333175205819,1.25823190586293,
51230,51230,2,17079.54,3,33.2265002905086,30.0370854233233,1.53661035001278,-1.52875781059265,1.2645025939904,-1.25335149609709,1.25892704504375,
51240,51240,2,17082.874,3,33.2264466463262,30.036291936458,1.53577644377947,-1.53068266808987,1.26368153999549,-1.25353217267945,1.25860685633747,
51250,51250,2,17086.207,3,33.2260443149579,30.0367300306146,1.53546892106533,-1.53216952458024,1.26358635882684,-1.25349519917265,1.25854077899974,
51260,51260,2,17089.54,3,33.2264667628946,30.0370697771034,1.53610873967409,-1.52947381138802,1.26473235127324,-1.25335438319711,1.25904336723518,
51270,51270,2,17092.874,3,33.2261359571029,30.0361779425703,1.53459561988711,-1.53188919648528,1.26341387788326,-1.25385059187281,1.25863223487803,
51280,51280,2,17096.207,3,33.2258520899708,30.0367590878801,1.53495017439127,-1.529376860708,1.26387469630055,-1.25311615087872,1.25849542358963,
51290,51290,2,17099.54,3,33.2257246850375,30.0361891184416,1.53790600597858,-1.53002562001348,1.26392154182681,-1.25427359859297,1.25909757020989,
51300,51300,2,17102.874,3,33.225188243213,30.0367881451456,1.53758488595486,-1.52905033901334,1.26373127262177,-1.2531118667948,1.25842156970829,
51310,51310,2,17106.207,3,33.2256598649837,30.0369960163525,1.53363775461912,-1.53086893260479,1.26240264781556,-1.25220578304746,1.25730421543151,
51320,51320,2,17109.54,3,33.2253894088972,30.0380957220926,1.53313279151917,-1.52797643095255,1.26406580369592,-1.25250212989545,1.25828396679568,
51330,51330,2,17112.874,3,33.2259280858959,30.0373692904554,1.53688993304968,-1.52953332290053,1.2641706706195,-1.25248741499853,1.25832904280902,
51340,51340,2,17116.207,3,33.225854325145,30.037840912226,1.53412651270628,-1.52806397527456,1.26403125162785,-1.25166533654877,1.25784829408831,
51350,51350,2,17119.54,3,33.2258744417135,30.0372754131361,1.5370974317193,-1.52902426198125,1.26432396631774,-1.25258157171233,1.25845276901503,
51360,51360,2,17122.874,3,33.2261024294888,30.0382119511546,1.53532912954688,-1.52778504416347,1.2640712984992,-1.25129727786139,1.25768428818029,
51370,51370,2,17126.207,3,33.2249557850891,30.0362874661094,1.53437359258533,-1.52977174147964,1.2627442569414,-1.25236774004578,1.25755599849359,
51380,51380,2,17129.54,3,33.2253111777978,30.0367970858426,1.5348163433373,-1.52865303680301,1.26358999098494,-1.25282008342751,1.25820503720622,
51390,51390,2,17132.874,3,33.226178425414,30.0380331372131,1.53352711349726,-1.52877662330866,1.26437649291178,-1.2520511834976,1.25821383820469,
51400,51400,2,17136.207,3,33.2250697789768,30.0376308058448,1.5352338552475,-1.52875147759914,1.26316735679381,-1.25181239238565,1.25748987458973,
51410,51410,2,17139.54,3,33.2251077769394,30.0371301268086,1.53426127508283,-1.52938468381763,1.26408666532193,-1.25254599518941,1.25831633025567,
51420,51420,2,17142.874,3,33.2248440263757,30.0379414950681,1.5333903953433,-1.5298580750823,1.26372382204105,-1.25206068298802,1.25789225251453,
51430,51430,2,17146.207,3,33.2247121510938,30.0368015561912,1.53215723112226,-1.52980424463749,1.26348335454844,-1.25290380932831,1.25819358193837,
51440,51440,2,17149.54,3,33.2249803720061,30.037633041019,1.53174651786685,-1.52572616934776,1.26405164759256,-1.25165704777772,1.25785434768514,
51450,51450,2,17152.874,3,33.2245892165091,30.036692032652,1.53326280415058,-1.53032774105668,1.26336861560541,-1.25262031473206,1.25799446516873,
51460,51460,2,17156.207,3,33.2254005847685,30.0361667666989,1.53485462069511,-1.52917923405766,1.26288684242985,-1.2528117015242,1.25784927197703,
51470,51470,2,17159.54,3,33.2248976705581,30.0366562698637,1.53249083086848,-1.52851874008775,1.26350337798411,-1.25243749610773,1.25797043704592,
51480,51480,2,17162.874,3,33.2237599668555,30.0363232288977,1.5335482545197,-1.52961248531938,1.26254765474275,-1.25272061817495,1.25763413645885,
51490,51490,2,17166.207,3,33.225154715599,30.037565985791,1.53657654300332,-1.52927646413445,1.26247892313564,-1.25230319939033,1.25739106126299,
51500,51500,2,17169.54,3,33.2244036970448,30.0367903803198,1.53450826182961,-1.52711290866137,1.26292148763018,-1.25223968318972,1.25758058540995,
51510,51510,2,17172.874,3,33.2245266316296,30.0378207956576,1.53502505272627,-1.53030082583427,1.26278104418368,-1.25219013682796,1.25748559050582,
51520,51520,2,17176.207,3,33.225130128682,30.0360192451972,1.53266554698348,-1.53049388900399,1.26350077028086,-1.25321384661836,1.25835730844961,
51530,51530,2,17179.54,3,33.223889606963,30.0380018447734,1.53205906972289,-1.52813950553536,1.2620976396675,-1.2519148378705,1.257006238769,
51540,51540,2,17182.874,3,33.2247389731851,30.0368887279876,1.53178591281176,-1.53108201920986,1.26324959257847,-1.25249439991795,1.25787199624821,
51550,51550,2,17186.207,3,33.2254050551171,30.0374877546916,1.53494300320745,-1.52986263856292,1.26326831216252,-1.25242678589796,1.25784754903024,
51560,51560,2,17189.54,3,33.225121187985,30.0377000962471,1.53542729094625,-1.52812516316772,1.26404196183763,-1.25228643558372,1.25816419871067,
51570,51570,2,17192.874,3,33.225454228951,30.0364819262708,1.53407054021955,-1.52951050549746,1.26319613466183,-1.25291135304128,1.25805374385156,
51580,51580,2,17196.207,3,33.2254698751709,30.0366115663784,1.5333547256887,-1.52810150757432,1.26293471241095,-1.2528985939218,1.25791665316638,
51590,51590,2,17199.54,3,33.2261046646631,30.0373424683641,1.53365479782224,-1.52750639244914,1.26481561151274,-1.25229751832253,1.25855656491764,
51600,51600,2,17202.874,3,33.2243835804764,30.0368149672368,1.53590254485607,-1.52968866750598,1.26330118784993,-1.2525646216412,1.25793290474557,
51610,51610,2,17206.207,3,33.2246875641769,30.0367032085234,1.53397209942341,-1.53116080909967,1.26295678475633,-1.25303857170701,1.25799767823167,
51620,51620,2,17209.54,3,33.224638390343,30.0356124434803,1.53408106416464,-1.527966465801,1.26324977884299,-1.25292364649946,1.25808671267122,
51630,51630,2,17212.874,3,33.2254229365112,30.0371837709911,1.53405070304871,-1.52941755950451,1.26331199119197,-1.25268671803269,1.25799935461233,
51640,51640,2,17216.207,3,33.225362586806,30.036200294313,1.5336049720645,-1.53087396174669,1.26311771729979,-1.25261044271261,1.2578640800062,
51650,51650,2,17219.54,3,33.2250563679312,30.036566862893,1.53250899165869,-1.52796832844615,1.26421053122633,-1.25289011888624,1.25855032505629,
51660,51660,2,17222.874,3,33.2259191451988,30.0372843538332,1.53262373059988,-1.52817983180285,1.26344004804803,-1.25236140705217,1.2579007275501,
51670,51670,2,17226.207,3,33.2247389731851,30.0365914498099,1.53274051845074,-1.53088234364986,1.26290621393971,-1.25280834876288,1.2578572813513,
51680,51680,2,17229.54,3,33.2247479138821,30.0362025294872,1.53024522587657,-1.52914151549339,1.26382133151617,-1.25323889919601,1.25853011535609,
51690,51690,2,17232.874,3,33.2237867889467,30.0375861023594,1.53640890493989,-1.52898402884603,1.26310002217059,-1.25265048958396,1.25787525587727,
51700,51700,2,17236.207,3,33.2241019485185,30.0373357628413,1.53217278420925,-1.53099801391363,1.26272488543154,-1.25263307385153,1.25767897964153,
51710,51710,2,17239.54,3,33.2254430530796,30.0375816320109,1.53427459299564,-1.52687067165971,1.26413257952559,-1.25238478324917,1.25825868138738,
51720,51720,2,17242.874,3,33.2247814414962,30.0372441206963,1.53660709038377,-1.52942845597863,1.26366896714053,-1.25201029843592,1.25783963278823,
51730,51730,2,17246.207,3,33.2235520956485,30.0374229346378,1.53452046215534,-1.52834691107273,1.26340456465736,-1.25245146594658,1.25792801530197,
51740,51740,2,17249.54,3,33.2241578278753,30.0379772578564,1.53596112504601,-1.52649795636535,1.26412857483845,-1.25161755969992,1.25787306726919,
51750,51750,2,17252.874,3,33.2241377113068,30.0369937811783,1.53401969000697,-1.53207061812282,1.26305904397665,-1.25223372272515,1.2576463833509,
51760,51760,2,17256.207,3,33.2239745435852,30.0370362494894,1.532350666821,-1.52847608551383,1.26284670242624,-1.25261761389655,1.2577321581614,
51770,51770,2,17259.54,3,33.224396991522,30.0372932945302,1.53461126610637,-1.52840362861753,1.26413621168369,-1.2518456406021,1.25799092614289,
51780,51780,2,17262.874,3,33.2248753188154,30.0375816320109,1.53762139379978,-1.53040643781424,1.26349415789048,-1.25203022873934,1.25776219331491,
51790,51790,2,17266.207,3,33.2241757092694,30.0367300306146,1.53596783056855,-1.53215480968356,1.2632540629269,-1.25262422628693,1.25793914460692,
51800,51800,2,17269.54,3,33.2252552984411,30.0375637506167,1.53076546266675,-1.52792977169156,1.26424163740082,-1.2518597035732,1.25805067048701,
51810,51810,2,17272.874,3,33.224638390343,30.0368864928134,1.53524065390229,-1.52775142341852,1.26395646642391,-1.2522633387835,1.2581099026037,
51820,51820,2,17276.207,3,33.2256218670211,30.0369200204274,1.53319370001554,-1.52851967141032,1.26348186443229,-1.2524319081722,1.25795688630225,
51830,51830,2,17279.54,3,33.2245825109863,30.0375682209653,1.53446868062019,-1.5292702242732,1.2639490158432,-1.25235228009079,1.258150647967,
51840,51840,2,17282.874,3,33.2239521918426,30.0368172024111,1.53000028803945,-1.52959506958723,1.26335892985048,-1.25234268746812,1.2578508086593,
51850,51850,2,17286.207,3,33.2242986438542,30.0375838671851,1.5341330319643,-1.52770318090916,1.26377420659314,-1.25158179691249,1.25767800175282,
51860,51860,2,17289.54,3,33.2240572450332,30.0372463558706,1.53355197981,-1.52851101011038,1.26381322900964,-1.2524829446501,1.25814808682987,
51870,51870,2,17292.874,3,33.2234962162918,30.0374765788203,1.53121240437031,-1.52587462216616,1.26290612080746,-1.25168312481023,1.25729462280884,
51880,51880,2,17296.207,3,33.2246003923804,30.0373648201068,1.53007721528411,-1.53045793995261,1.26328088501748,-1.25160480058045,1.25744284279896,
51890,51890,2,17299.54,3,33.2237398502871,30.0374922250401,1.53180742636323,-1.52852283790708,1.26313895145483,-1.25257244475096,1.25785569810289,
51900,51900,2,17302.874,3,33.2236683247105,30.0374586974261,1.53179988265038,-1.52702387422323,1.26281904214534,-1.25131115456797,1.25706509835665,
51910,51910,2,17306.207,3,33.2230111834755,30.0374631677746,1.53277907520533,-1.53105910867453,1.26210266880948,-1.25145774474356,1.25678020677652,
51920,51920,2,17309.54,3,33.2231184718404,30.0376285706705,1.53148118406534,-1.52666857466102,1.26351464698745,-1.25171059882662,1.25761262290703,
51930,51930,2,17312.874,3,33.2235520956485,30.0378453825746,1.53313670307398,-1.52821419760585,1.26353671933282,-1.25174030801722,1.25763851367502,
51940,51940,2,17316.207,3,33.2244394598331,30.0377291535126,1.53261283412576,-1.53020285069942,1.26340214321863,-1.25156298419618,1.25748256370741,
51950,51950,2,17319.54,3,33.2228502509282,30.0374430512062,1.5309008769691,-1.52748879045248,1.26337513486354,-1.25144330924343,1.25740922205348,
51960,51960,2,17322.874,3,33.2233866927526,30.0375525747454,1.53407044708729,-1.52805168181658,1.26287063741679,-1.25161318248375,1.25724190995027,
51970,51970,2,17326.207,3,33.2241958258378,30.0377962087406,1.53406094759703,-1.53122898191214,1.26333955834062,-1.25204671314917,1.2576931357449,
51980,51980,2,17329.54,3,33.2238449034777,30.0376129244506,1.53183322399855,-1.52603834867477,1.26340530971544,-1.25162966689359,1.25751748830451,
51990,51990,2,17332.874,3,33.2241064188671,30.0382208918517,1.53284482657909,-1.52848586440086,1.26296004438539,-1.25120591511536,1.25708297975037,
52000,52000,2,17336.207,3,33.2236616191877,30.0372798834846,1.53198475018144,-1.53013002127409,1.26312470221922,-1.25200992590689,1.25756731406305,
52010,52010,2,17339.54,3,33.2226826128581,30.0375950430565,1.53390765190125,-1.52732925489545,1.26339394757984,-1.25225570193826,1.25782482475905,
52020,52020,2,17342.874,3,33.2225194451365,30.0357487891107,1.53125505894423,-1.52760604396462,1.26241931848992,-1.25180391735009,1.25711161792,
52030,52030,2,17346.207,3,33.2244282839617,30.0370764826262,1.5325759537518,-1.53021207079291,1.26272563048961,-1.25145252933706,1.25708907991333,
52040,52040,2,17349.54,3,33.2238001999923,30.0377872680436,1.53330210596323,-1.52815263718367,1.26387609328444,-1.25199297583576,1.2579345345601,
52050,52050,2,17352.874,3,33.2246294496459,30.0371390675057,1.53668923303485,-1.53151508420706,1.26330388868544,-1.25141313439153,1.25735851153848,
52060,52060,2,17356.207,3,33.225695627772,30.036966959087,1.53454262763262,-1.53192384168506,1.26394836391738,-1.252011043494,1.25797970370569,
52070,52070,2,17359.54,3,33.2249289629979,30.0361377094334,1.53459776192904,-1.53000494465232,1.26386016766816,-1.25241747267206,1.25813882017011,
52080,52080,2,17362.874,3,33.2251390693791,30.0368104968883,1.53389843180776,-1.53134111315012,1.26376796673179,-1.25246990613385,1.25811893643282,
52090,52090,2,17366.207,3,33.2243791101278,30.0369088445561,1.53248338028789,-1.52766117826104,1.26323357382993,-1.25240182645256,1.25781770014124,
52100,52100,2,17369.54,3,33.224396991522,30.0357197318452,1.53470560908318,-1.52833871543407,1.26312870690635,-1.25257747389294,1.25785309039964,
52110,52110,2,17372.874,3,33.2247009752225,30.0364305172626,1.53462113812566,-1.53188304975629,1.26288553857823,-1.25294357680288,1.25791455769055,
52120,52120,2,17376.207,3,33.224338876991,30.0368440245023,1.533592492342,-1.53040969744325,1.26335175866654,-1.25216564304385,1.2577587008552,
52130,52130,2,17379.54,3,33.2239834842823,30.0370071922239,1.53534896671772,-1.53088690713048,1.26330295736285,-1.25279978059506,1.25805136897895,
52140,52140,2,17382.874,3,33.2250720141511,30.036175707396,1.53591614216566,-1.52916563674808,1.26317769447456,-1.25240583113969,1.25779176280712,
52150,52150,2,17386.207,3,33.224372404605,30.0369602535642,1.53143042698503,-1.53015647083521,1.26276334905448,-1.25240313030418,1.25758323967933,
52160,52160,2,17389.54,3,33.2246339199944,30.0364372227854,1.53257288038731,-1.52810653671622,1.26324558789133,-1.25232443354537,1.25778501071835,
52170,52170,2,17392.874,3,33.2256866870749,30.0368060265397,1.53499646112323,-1.53001463040709,1.26445444461253,-1.25251703105688,1.2584857378347,
52180,52180,2,17396.207,3,33.2248775539897,30.0356951449283,1.53515283018351,-1.53098311275244,1.26326235169795,-1.25326655947692,1.25826445558743,
52190,52190,2,17399.54,3,33.225704568469,30.0366406236438,1.53572391718626,-1.52937341481447,1.26430841323049,-1.25293333225439,1.25862087274244,
52200,52200,2,17402.874,3,33.2248373208529,30.0357219670195,1.5319662168622,-1.53225027024746,1.26320796245872,-1.25258650772206,1.25789723509039,
52210,52210,2,17406.207,3,33.2256062208012,30.0361935887901,1.53505643829703,-1.52922524139285,1.26365387971458,-1.2533891215297,1.25852150062214,
52220,52220,2,17409.54,3,33.2249289629979,30.0363746379059,1.53633067384362,-1.52904288843274,1.26352591599078,-1.25275898866564,1.25814245232821,
52230,52230,2,17412.874,3,33.2252843557066,30.036725560266,1.53417028486729,-1.52797065675259,1.26336312080213,-1.25229649386768,1.25782980733491,
52240,52240,2,17416.207,3,33.2247926173675,30.0361265335621,1.5337391756475,-1.52929583564401,1.26370733763122,-1.25224871701884,1.25797802732503,
52250,52250,2,17419.54,3,33.2257202146889,30.0362114701843,1.53548093512654,-1.52661679312587,1.26402668814716,-1.25212159148537,1.25807413981627,
52260,52260,2,17422.874,3,33.2255726931872,30.036624977424,1.53678450733423,-1.53040550649166,1.26362677822722,-1.25247642539198,1.2580516018096,
52270,52270,2,17426.207,3,33.2256732760293,30.0369513128672,1.53305744752288,-1.52894603088498,1.26323357382993,-1.25261481992878,1.25792419687935,
52280,52280,2,17429.54,3,33.2259526728129,30.0371904765139,1.53768938034773,-1.52975581586361,1.26391846846226,-1.25273347042668,1.25832596944447,
52290,52290,2,17432.874,3,33.2257358609088,30.0369982515268,1.53358783572912,-1.53172994032502,1.26410957585763,-1.25298911847751,1.25854934716757,
52300,52300,2,17436.207,3,33.2254676399966,30.036059478334,1.53310159221292,-1.53164649382234,1.26292502665602,-1.25304537036191,1.25798519850897,
52310,52310,2,17439.54,3,33.224613803426,30.0365445111503,1.53123708441854,-1.52895264327526,1.26334002400191,-1.25269686944892,1.25801844672541,
52320,52320,2,17442.874,3,33.2243612287337,30.0355967972605,1.53352171182632,-1.52943329885602,1.26321057016197,-1.2534748963402,1.25834273325108,
52330,52330,2,17446.207,3,33.2249781368318,30.0364640448766,1.53145035728812,-1.52939828112721,1.263044422212,-1.25268671803269,1.25786557012234,
52340,52340,2,17449.54,3,33.2252485929183,30.0368037913654,1.53392665088177,-1.52895441278815,1.26368638287295,-1.25274753339778,1.25821695813537,
52350,52350,2,17452.874,3,33.2251502452505,30.036725560266,1.53319826349616,-1.53214335441589,1.26347357566125,-1.25276550792376,1.25811954179251,
52360,52360,2,17456.207,3,33.2241645333981,30.036875316942,1.5329634770751,-1.52751067653298,1.26355832601689,-1.2522134198927,1.2578858729548,
52370,52370,2,17459.54,3,33.2237689075525,30.0375548099197,1.53398402035236,-1.52799794450402,1.26298621455015,-1.25174859678827,1.25736740566921,
52380,52380,2,17462.874,3,33.2246853290026,30.0373648201068,1.53516922146082,-1.53140844777226,1.26278914669021,-1.2521494380308,1.2574692923605,
52390,52390,2,17466.207,3,33.2237174985444,30.0366115663784,1.53219951316714,-1.52987418696284,1.26265950658575,-1.25260997705131,1.25763474181853,
52400,52400,2,17469.54,3,33.2245869813348,30.0370518957092,1.52970077469945,-1.52641562744975,1.2644817323644,-1.25168983033287,1.25808578134864,
52410,52410,2,17472.874,3,33.2238694903946,30.0370675419291,1.53294075280428,-1.52659127488732,1.26278570079663,-1.25173658272686,1.25726114176175,
52420,52420,2,17476.207,3,33.2235073921631,30.0378185604833,1.532625220716,-1.52833256870508,1.26339217806692,-1.25139460107199,1.25739338956946,
52430,52430,2,17479.54,3,33.2241399464811,30.0382030104575,1.53549602255225,-1.528400182724,1.26360293636893,-1.25159474229648,1.25759883933271,
52440,52440,2,17482.874,3,33.2241086540414,30.037049660535,1.53231965377927,-1.53081631287932,1.26265131094696,-1.25173779344623,1.2571945521966,
52450,52450,2,17486.207,3,33.2238717255689,30.0378632639687,1.52927981689572,-1.52832698076963,1.26375986422527,-1.25235805429085,1.25805895925806,
52460,52460,2,17489.54,3,33.2242338238004,30.0371636544227,1.53070921078324,-1.52699323371053,1.26440275620881,-1.25136274983943,1.25788275302412,
52470,52470,2,17492.874,3,33.224730032488,30.0379772578564,1.53078939765692,-1.53024634346366,1.26356577659761,-1.25166375330036,1.25761476494899,
52480,52480,2,17496.207,3,33.2235140976859,30.0366808567807,1.53007805347443,-1.53080504387617,1.26263706171134,-1.25250380627611,1.25757043399373,
52490,52490,2,17499.54,3,33.2227899012229,30.0370518957092,1.52976606041193,-1.52635565027595,1.26294495695944,-1.2520162589005,1.25748060792997,
52500,52500,2,17502.874,3,33.2220433530173,30.0370697771034,1.5311848372221,-1.52877923101187,1.26222076051383,-1.25181649020504,1.25701862535944,
52510,52510,2,17506.207,3,33.2227921363972,30.0374765788203,1.53303761035204,-1.53033649548888,1.26207454286728,-1.25209253422058,1.25708353854393,
52520,52520,2,17509.54,3,33.2222221669588,30.0370898936718,1.53113938868046,-1.52618698775768,1.26218956120708,-1.25238897420082,1.25728926770395,
52530,52530,2,17512.874,3,33.2243277011197,30.0370541308835,1.53357889503241,-1.52843296527863,1.2628098220517,-1.25151567300863,1.25716274753017,
52540,52540,2,17516.207,3,33.2235252735573,30.0378610287944,1.53097985312343,-1.53133533895016,1.26228558056606,-1.25171208894276,1.25699883475441,
52550,52550,2,17519.54,3,33.2222556945728,30.0361578260019,1.5314363874495,-1.52879329398274,1.26234444015372,-1.25245947532085,1.25740195773728,
52560,52560,2,17522.874,3,33.2245132205839,30.0370317791408,1.53133720159531,-1.52867780998349,1.26229135476612,-1.25201253361014,1.25715194418813,
52570,52570,2,17526.207,3,33.22373090959,30.0374475215548,1.53061272576451,-1.53093663975596,1.26313680941288,-1.25145690655323,1.25729685798306,
52580,52580,2,17529.54,3,33.223315167176,30.0368060265397,1.53180323541164,-1.53021719306707,1.26240804948658,-1.2521417080533,1.25727487876994,
52590,52590,2,17532.874,3,33.2232391712509,30.035958895492,1.53163801878691,-1.52756981551647,1.26222886302036,-1.2528137504339,1.25752130672713,
52600,52600,2,17536.207,3,33.2231296477118,30.0363902841258,1.53162814676762,-1.52945695444942,1.26357536922028,-1.25247223444032,1.2580238018303,
52610,52610,2,17539.54,3,33.2246763883055,30.0371681247712,1.53234582394361,-1.52746355161071,1.26333676437285,-1.25215251139534,1.2577446378841,
52620,52620,2,17542.874,3,33.2250317810142,30.0362360571012,1.53293954208493,-1.53161184862256,1.26369485790852,-1.25249011583404,1.25809248687128,
52630,52630,2,17546.207,3,33.2251077769394,30.0376732741559,1.53024550527334,-1.53088429942727,1.26304675051847,-1.25230152300967,1.25767413676407,
52640,52640,2,17549.54,3,33.2235096273374,30.0378275011804,1.53326289728284,-1.52918351814151,1.26383092413885,-1.25226054481573,1.25804573447729,
52650,52650,2,17552.874,3,33.2230156538241,30.0367188547432,1.53035009279847,-1.53160654008389,1.2624275141287,-1.25298911847751,1.2577083163031,
52660,52660,2,17556.207,3,33.2241868851407,30.0371636544227,1.53127359226346,-1.52912428602576,1.26305774012503,-1.2521619177535,1.25760982893926,
52670,52670,2,17559.54,3,33.2235722122169,30.0366786216064,1.53215695172548,-1.5302368439734,1.26306118601861,-1.25236308343283,1.25771213472572,
52680,52680,2,17562.874,3,33.2245892165091,30.036600390507,1.53398085385561,-1.52998939156532,1.2631880321553,-1.25311251872062,1.25815027543796,
52690,52690,2,17566.207,3,33.2253491757604,30.0364305172626,1.53362518176436,-1.52856139466166,1.26408498894127,-1.25257803268649,1.25833151081388,
52700,52700,2,17569.54,3,33.2245869813348,30.0364104006942,1.5328005887568,-1.52631429955363,1.26397974948865,-1.25228252402884,1.25813113675874,
52710,52710,2,17572.874,3,33.224430519136,30.0359723065376,1.53350466862321,-1.53266359120607,1.26266695716647,-1.25291209809935,1.25778952763291,
52720,52720,2,17576.207,3,33.2235051569889,30.037199417211,1.52977108955383,-1.52836181223392,1.26182029180034,-1.2523606619941,1.25709047689722,
52730,52730,2,17579.54,3,33.2242651162401,30.0366696809093,1.53482323512435,-1.530188228935,1.26317899832618,-1.2527996874628,1.25798934289449,
52740,52740,2,17582.874,3,33.2233643410099,30.0370541308835,1.53211802244186,-1.52921108528972,1.26196026958554,-1.25237258292325,1.25716642625439,
52750,52750,2,17586.207,3,33.2241243002612,30.0355543289494,1.53289809823036,-1.52871971949935,1.26237973727986,-1.25326609381563,1.25782291554774,
52760,52760,2,17589.54,3,33.2253603516317,30.0368909631619,1.53536200523376,-1.52922915294766,1.26406133334749,-1.25261807955784,1.25833970645267,
52770,52770,2,17592.874,3,33.2250138996201,30.0351922307179,1.5333860181272,-1.53037970885634,1.26295920619506,-1.25284541540194,1.2579023107985,
52780,52780,2,17596.207,3,33.2251278935078,30.0359700713633,1.53359640389681,-1.52922291308641,1.26351213241645,-1.25212345413055,1.2578177932735,
52790,52790,2,17599.54,3,33.2235766825654,30.0375302230027,1.53416600078344,-1.52868572622538,1.26332549536951,-1.25284327335999,1.25808438436475,
52800,52800,2,17602.874,3,33.2244931040155,30.0361265335621,1.53231173753738,-1.52956992387772,1.26343464637701,-1.25270823158451,1.25807143898076,
52810,52810,2,17606.207,3,33.2243656990822,30.0367143843947,1.53029710054398,-1.52846928685904,1.26382365982265,-1.25209644577545,1.25796005279905,
52820,52820,2,17609.54,3,33.2247792063219,30.0377135072927,1.53608676046133,-1.52871441096067,1.26356223757177,-1.25192154339314,1.25774189048246,
52830,52830,2,17612.874,3,33.2236884412789,30.0368596707222,1.53099820017815,-1.53210535645485,1.26273242914451,-1.25262171171594,1.25767707043023,
52840,52840,2,17616.207,3,33.2237353799385,30.0364439283082,1.53425931930542,-1.5299822203815,1.26351855854232,-1.25314995788872,1.25833425821552,
52850,52850,2,17619.54,3,33.2239588973654,30.0359812472346,1.53399920091033,-1.53041891753674,1.26393616359146,-1.25295065485456,1.25844340922301,
52860,52860,2,17622.874,3,33.2236638543619,30.0362897012837,1.53144458308816,-1.52991777285933,1.26258695655603,-1.25267908118746,1.25763301887174,
52870,52870,2,17626.207,3,33.2249982534002,30.0363209937235,1.52931343764067,-1.53117934241891,1.26356326202662,-1.2527819923336,1.25817262718011,
52880,52880,2,17629.54,3,33.2250898955452,30.0367322657889,1.53335882350802,-1.52720380574465,1.26427265044305,-1.25210873923364,1.25819069483834,
52890,52890,2,17632.874,3,33.2246674476085,30.0365892146357,1.53577169403434,-1.53286764398217,1.2631292656999,-1.2520641288816,1.25759669729075,
52900,52900,2,17636.207,3,33.2243232307711,30.0363031123293,1.53054418042302,-1.52815263718367,1.26403479065369,-1.25247838116941,1.25825658591155,
52910,52910,2,17639.54,3,33.2239767787595,30.0363388751176,1.53268976137042,-1.52960242703557,1.26312544727729,-1.25247623912746,1.25780084320237,
52920,52920,2,17642.874,3,33.2242405293232,30.0356973801025,1.52999898418784,-1.53080057352781,1.26357946703968,-1.25314884030161,1.25836415367064,
52930,52930,2,17646.207,3,33.2245065150611,30.0369133149046,1.53474742546678,-1.52988145127892,1.26322928974602,-1.25213546819195,1.25768237896899,
52940,52940,2,17649.54,3,33.2245065150611,30.0367926154941,1.52941262349486,-1.52933802455664,1.26336526284409,-1.25261221222553,1.25798873753481,
52950,52950,2,17652.874,3,33.2237398502871,30.0365579221959,1.53534086421132,-1.53106357902288,1.26338249231199,-1.25213630638229,1.25775939934714,
52960,52960,2,17656.207,3,33.2239834842823,30.0353330466968,1.53113352134824,-1.52861336246133,1.26332773054373,-1.25279056050142,1.25805914552257,
52970,52970,2,17659.54,3,33.2256419835895,30.0373156462729,1.53431305661798,-1.52999088168144,1.26417039122272,-1.25261025644809,1.25839032383541,
52980,52980,2,17662.874,3,33.2242829976343,30.035625854526,1.53131708502769,-1.52978636324406,1.26361103887546,-1.25285724319883,1.25823414103715,
52990,52990,2,17666.207,3,33.2248663781184,30.0360147748487,1.53330247849226,-1.53154423460364,1.26363981674348,-1.25282269113076,1.25823125393712,
53000,53000,2,17669.54,3,33.224338876991,30.0357376132394,1.53093608096242,-1.52840372174978,1.2642414511363,-1.2525952621544,1.25841835664535,
53010,53010,2,17672.874,3,33.2238873717888,30.036725560266,1.53113296255469,-1.52965793386102,1.2623925895316,-1.25251526154396,1.25745392553778,
53020,53020,2,17676.207,3,33.2238113758636,30.0366629753865,1.53229786083102,-1.53103331103921,1.26303119743123,-1.25262804470955,1.25782962107039,
53030,53030,2,17679.54,3,33.2243589935594,30.037599513405,1.53332585468888,-1.53051177039742,1.26423455934914,-1.25262720651922,1.25843088293418,
53040,53040,2,17682.874,3,33.2231408235831,30.0360170100229,1.53085933998227,-1.52907343581319,1.26300623798583,-1.25276830189153,1.25788726993868,
53050,53050,2,17686.207,3,33.2238493738262,30.0357487891107,1.5304995700717,-1.53025919571519,1.26284903073272,-1.25220550365069,1.2575272671917,
53060,53060,2,17689.54,3,33.2234693942006,30.0354135129704,1.53009491041303,-1.5315099619329,1.26398096020802,-1.25342060023323,1.25870078022062,
53070,53070,2,17692.874,3,33.2242315886261,30.0369781349584,1.53086492791772,-1.52960307896137,1.2637243808346,-1.25231493405495,1.25801965744478,
53080,53080,2,17696.207,3,33.2235275087315,30.0366562698637,1.53035232797265,-1.53116453438997,1.26333108330505,-1.25320416086342,1.25826762208424,
53090,53090,2,17699.54,3,33.223889606963,30.0362852309352,1.53121622279286,-1.52850914746523,1.26394082020441,-1.25220848388297,1.25807465204369,
53100,53100,2,17702.874,3,33.224314290074,30.0361846480931,1.53018040582538,-1.53138330206275,1.26332502970822,-1.2522186352992,1.25777183250371,
53110,53110,2,17706.207,3,33.2229843613843,30.0364886317936,1.53051270172,-1.52862854301929,1.26335250372461,-1.2520500659105,1.25770128481755,
53120,53120,2,17709.54,3,33.2233241078731,30.0373983477209,1.52969248592854,-1.52816688641906,1.2637482226929,-1.25170771172659,1.25772796720974,
53130,53130,2,17712.874,3,33.2225976762359,30.0365065131877,1.5294024720788,-1.53032327070832,1.26168199039579,-1.25263260819024,1.25715729929302,
53140,53140,2,17716.207,3,33.2219003018641,30.0361555908276,1.52972331270576,-1.52939902618527,1.26336395899246,-1.25222506142507,1.25779451020876,
53150,53150,2,17719.54,3,33.2222333428301,30.0366607402123,1.5350129455328,-1.52958165854216,1.26277191722231,-1.25296937443861,1.25787064583046,
53160,53160,2,17722.874,3,33.2217348989682,30.0361131225165,1.53236836194992,-1.52865257114172,1.26240972586724,-1.25206748164292,1.25723860375508,
53170,53170,2,17726.207,3,33.222499328568,30.0367009733491,1.53200067579746,-1.53081193566322,1.26257103093975,-1.25182328885995,1.25719715989985,
53180,53180,2,17729.54,3,33.222257929747,30.0367099140462,1.53112756088376,-1.52661520987749,1.26322081471045,-1.25221183664429,1.25771632567737,
53190,53190,2,17732.874,3,33.2224389788628,30.0367702637514,1.53087768703699,-1.52979819104075,1.26249605947129,-1.25188382482827,1.25718994214978,
53200,53200,2,17736.207,3,33.2218555983787,30.0374765788203,1.52996387332678,-1.5278129838407,1.26363963047896,-1.25181760779215,1.25772861913556,
53210,53210,2,17739.54,3,33.2229217765048,30.036808261714,1.52898905798793,-1.52993472293019,1.26249699079388,-1.25252252586016,1.25750975832702,
53220,53220,2,17742.874,3,33.2231989381141,30.0364573393538,1.52875417843461,-1.53068099170923,1.26214169122598,-1.25211823872405,1.25712996497501,
53230,53230,2,17746.207,3,33.2225619134476,30.036716619569,1.53025025501847,-1.52829568833113,1.26316344523894,-1.25134011870051,1.25725178196972,
53240,53240,2,17749.54,3,33.2221595820792,30.0366763864321,1.53580093756318,-1.52824930846691,1.26320973197164,-1.25216778508581,1.25768875852872,
53250,53250,2,17752.874,3,33.2226334390242,30.0361667666989,1.52973607182503,-1.52819594368339,1.2622344509559,-1.25226901985129,1.25725173540359,
53260,53260,2,17756.207,3,33.2225596782733,30.0368239079339,1.53244342654943,-1.53131894767284,1.26306593576382,-1.25277565933999,1.2579207975519,
53270,53270,2,17759.54,3,33.2229106006334,30.0369155500789,1.53207154944539,-1.52754802256823,1.26338686952816,-1.251503938344,1.25744540393608,
53280,53280,2,17762.874,3,33.2219047722126,30.0355386827295,1.52824940159917,-1.53192486613989,1.2621112369773,-1.25297971211935,1.25754547454833,
53290,53290,2,17766.207,3,33.2234448072836,30.0369624887385,1.53113957494497,-1.53053291141987,1.26360405395604,-1.25224024198327,1.25792214796966,
53300,53300,2,17769.54,3,33.2228055474428,30.0368216727596,1.52960158884525,-1.52719244360924,1.26322044218142,-1.25173062226229,1.25747553222185,
53310,53310,2,17772.874,3,33.2232078788111,30.0365601573702,1.52985928580165,-1.52984382584691,1.26214644097119,-1.25228149957399,1.25721397027259,
53320,53320,2,17776.207,3,33.2233129320018,30.0365199242333,1.53124937787652,-1.53199033811688,1.26324689174296,-1.25197211420975,1.25760950297636,
53330,53330,2,17779.54,3,33.224430519136,30.0361555908276,1.5334190800786,-1.52829457074404,1.26434240650501,-1.25173555827202,1.25803898238851,
53340,53340,2,17782.874,3,33.2227027294265,30.0364439283082,1.53235783800483,-1.52824111282825,1.2625892848625,-1.25217868156011,1.2573839832113,
53350,53350,2,17786.207,3,33.2231341180603,30.0360371265914,1.53011586517096,-1.53098264709115,1.26295771607891,-1.25272406406853,1.25784089007372,
53360,53360,2,17789.54,3,33.2235163328602,30.036475220748,1.53179336339235,-1.52930226176977,1.26395022656256,-1.25251917309884,1.2582346998307,
53370,53370,2,17792.874,3,33.2237264392414,30.0360572431598,1.52976410463452,-1.5308522619307,1.26281578251627,-1.25248937077597,1.25765257664612,
53380,53380,2,17796.207,3,33.2243344066425,30.0364685152252,1.53211504220963,-1.53129007667303,1.26278150984498,-1.25260224707382,1.2576918784594,
53390,53390,2,17799.54,3,33.2243187604226,30.0366763864321,1.5315524302423,-1.52953360229731,1.26395767714328,-1.25245174534335,1.25820471124332,
53400,53400,2,17802.874,3,33.224638390343,30.0359074864838,1.53143648058176,-1.52760604396462,1.262807773142,-1.25236261777154,1.25758519545677,
53410,53410,2,17806.207,3,33.2242360589746,30.0355520937751,1.53051214292645,-1.53016280382872,1.26367828036642,-1.25301556803905,1.25834692420274,
53420,53420,2,17809.54,3,33.2240617153817,30.036300877155,1.53350969776511,-1.53026925399899,1.26381592984515,-1.25248238585655,1.25814915785085,
53430,53430,2,17812.874,3,33.22373090959,30.03565938214,1.53186917304993,-1.52925988659263,1.26265028649212,-1.25207688800107,1.25736358724659,
53440,53440,2,17816.207,3,33.2234179851924,30.0364729855737,1.52828879654408,-1.52795389294624,1.26394771199157,-1.25347070538854,1.25870920869006,
53450,53450,2,17819.54,3,33.2241645333981,30.0360393617656,1.53271742165089,-1.53116686269641,1.26369355405689,-1.25279707975955,1.25824531690822,
53460,53460,2,17822.874,3,33.2247523842307,30.0365690980673,1.53016904368997,-1.52928484603763,1.26344358707387,-1.25224182523168,1.25784270615277,
53470,53470,2,17826.207,3,33.2245333371524,30.0354313943646,1.52965663000941,-1.52912326157093,1.26417411651308,-1.25330334671921,1.25873873161615,
53480,53480,2,17829.54,3,33.223156469803,30.0357666705049,1.53076611459255,-1.53030874207616,1.26425896000099,-1.25314334549833,1.25870115274966,
53490,53490,2,17832.874,3,33.2238605496975,30.0358583126499,1.52982911095023,-1.5296976082027,1.26271650352823,-1.25301463671646,1.25786557012234,
53500,53500,2,17836.207,3,33.2239656028882,30.0362315867527,1.53125897049904,-1.53125235810876,1.26326430747538,-1.25285510115687,1.25805970431613,
53510,53510,2,17839.54,3,33.2237800834239,30.0358247850359,1.52924368157983,-1.52838053181767,1.26408880736388,-1.2528033196209,1.25844606349239,
53520,53520,2,17842.874,3,33.223431396238,30.0368730817678,1.52954664081335,-1.5313932672143,1.26309722820282,-1.25192033267378,1.2575087804383,
53530,53530,2,17846.207,3,33.2237778482496,30.0359901879317,1.52869522571564,-1.52810933068395,1.26331133926615,-1.25186538464099,1.25758836195357,
53540,53540,2,17849.54,3,33.2240527746846,30.0363366399433,1.53336254879832,-1.52814220637083,1.26434054385983,-1.25233346737449,1.25833700561716,
53550,53550,2,17852.874,3,33.2230357703925,30.0369893108297,1.52882877737284,-1.52989467605948,1.26244809635793,-1.25267563529387,1.2575618658259,
53560,53560,2,17856.207,3,33.2221081730711,30.0363344047691,1.53167666867375,-1.52907036244869,1.26268260338597,-1.25284038625996,1.25776149482297,
53570,53570,2,17859.54,3,33.2228860137165,30.0367680285771,1.53146656230092,-1.53053607791662,1.26303957933453,-1.25158822303835,1.25731390118644,
53580,53580,2,17862.874,3,33.2231788215457,30.0370027218753,1.53111778199673,-1.53024466708302,1.26286411815867,-1.25163003942262,1.25724707879065,
53590,53590,2,17866.207,3,33.2222266373073,30.0357376132394,1.53086753562093,-1.52958435937762,1.263031476828,-1.25224992773821,1.25764070228311,
53600,53600,2,17869.54,3,33.2228636619738,30.036325464072,1.52815822511911,-1.52600193396211,1.26338742832172,-1.25171581423312,1.25755162127742,
53610,53610,2,17872.874,3,33.2238046703408,30.0357957277704,1.52955958619714,-1.53012098744512,1.26321513364266,-1.25269761450699,1.25795637407482,
53620,53620,2,17876.207,3,33.2222467538757,30.0362561736697,1.5303572639823,-1.52850393205881,1.26382589499686,-1.2530093281777,1.25841761158728,
53630,53630,2,17879.54,3,33.2242070017092,30.0365869794614,1.53167163953185,-1.52962738648057,1.26320544788773,-1.25238990552341,1.25779767670557,
53640,53640,2,17882.874,3,33.2234425721093,30.0355230365096,1.52828311547637,-1.52863096445799,1.26291943872049,-1.25250650711162,1.25771297291605,
53650,53650,2,17886.207,3,33.2231922325913,30.0352928135599,1.53392013162374,-1.52909373864532,1.26388494084904,-1.25372411826515,1.25880452955709,
53660,53660,2,17889.54,3,33.223406809321,30.0358449016043,1.53260631486773,-1.53058562427759,1.26396019171427,-1.25342246287841,1.25869132729634,
53670,53670,2,17892.874,3,33.2238985476601,30.0362718198895,1.53070716187358,-1.52779994532466,1.26294430503363,-1.25189267239287,1.25741848871325,
53680,53680,2,17896.207,3,33.2227563736089,30.0366473291666,1.53013281524181,-1.52907324954867,1.26324456343649,-1.25227525971264,1.25775991157456,
53690,53690,2,17899.54,3,33.2240259525934,30.0360348914171,1.53027540072799,-1.53039032593369,1.26401374276317,-1.25261379547393,1.25831376911855,
53700,53700,2,17902.874,3,33.2241466520039,30.0356973801025,1.53062017634511,-1.52997300028801,1.26312488848373,-1.25189537322838,1.25751013085606,
53710,53710,2,17906.207,3,33.2232905802591,30.0357286725423,1.52914635837078,-1.52810057625175,1.26395516257229,-1.25307927050417,1.25851721653823,
53720,53720,2,17909.54,3,33.2251278935078,30.0364819262708,1.53295984491706,-1.53085310012102,1.26397686238862,-1.2528455085342,1.25841118546141,
53730,53730,2,17912.874,3,33.2245512185465,30.0357465539365,1.53082860633731,-1.52927506715059,1.26339115361208,-1.2523731417168,1.25788214766444,
53740,53740,2,17916.207,3,33.2243187604226,30.0352928135599,1.53248682618141,-1.52961071580648,1.26398841078873,-1.25341985517516,1.25870413298194,
53750,53750,2,17919.54,3,33.2235342142544,30.0362785254123,1.5301282517612,-1.52959264814854,1.26351585770681,-1.25263568155478,1.2580757696308,
53760,53760,2,17922.874,3,33.223156469803,30.0354246888418,1.53222344815731,-1.53004080057144,1.26299357199861,-1.25280946634999,1.2579015191743,
53770,53770,2,17926.207,3,33.2214979704958,30.0344590935578,1.52670871466398,-1.53207816183567,1.26304833376687,-1.25400835791947,1.25852834584317,
53780,53780,2,17929.54,3,33.2229329523761,30.035967836189,1.52863608673215,-1.52993788942695,1.26340568224447,-1.25365017125154,1.25852792674801,
53790,53790,2,17932.874,3,33.2213258620771,30.0352011714149,1.53064168989658,-1.5300901606679,1.26211887382254,-1.25324988880257,1.25768438131255,
53800,53800,2,17936.207,3,33.2226043817587,30.0355118606383,1.52957579120994,-1.53032056987286,1.2635422141361,-1.25328909748359,1.25841565580984,
53810,53810,2,17939.54,3,33.2237823185981,30.035625854526,1.52907650917768,-1.52846183627844,1.26441132437663,-1.2524298592625,1.25842059181957,
53820,53820,2,17942.874,3,33.2235252735573,30.0353330466968,1.53038818389177,-1.53172044083476,1.26303976559905,-1.25326236852527,1.25815106706216,
53830,53830,2,17946.207,3,33.22224898905,30.035026827822,1.5316516160965,-1.53170842677355,1.26304535353459,-1.25324802615739,1.25814668984599,
53840,53840,2,17949.54,3,33.2229955372556,30.0351855251951,1.52829857543111,-1.53031526133418,1.26378892149006,-1.25333380096789,1.25856136122897,
53850,53850,2,17952.874,3,33.2230245945211,30.0345015618689,1.53052136301994,-1.53259439393878,1.2630194627666,-1.2538192994338,1.2584193811002,
53860,53860,2,17956.207,3,33.2234023389725,30.0349865946852,1.53190260753036,-1.53198009356856,1.26355441446202,-1.25320956253444,1.25838198849823,
53870,53870,2,17959.54,3,33.2237823185981,30.0356973801025,1.53231825679541,-1.52817917987704,1.26410491924468,-1.25262608893211,1.2583655040884,
53880,53880,2,17962.874,3,33.2236437377935,30.0351631734524,1.52934966608882,-1.53071573004127,1.26334048966321,-1.25320267074728,1.25827158020524,
53890,53890,2,17966.207,3,33.2226312038499,30.034785429001,1.52821382507682,-1.52978403493762,1.26338500688298,-1.25375345492672,1.25856923090485,
53900,53900,2,17969.54,3,33.2237174985444,30.0354470405845,1.52850234881043,-1.53116071596742,1.26344824368681,-1.25311540582064,1.25828182475373,
53910,53910,2,17972.874,3,33.2230156538241,30.0353196356512,1.52969360351563,-1.53092416003346,1.26282351249377,-1.25265235222914,1.25773793236145,
53920,53920,2,17976.207,3,33.2230894145749,30.0346244964537,1.52928149327636,-1.53057901188731,1.26406422044752,-1.25316420712433,1.25861421378593,
53930,53930,2,17979.54,3,33.2233218726988,30.0355409179037,1.52894733473659,-1.53000839054585,1.26424694593958,-1.25281999029525,1.25853346811742,
53940,53940,2,17982.874,3,33.2221104082453,30.0348524842291,1.52919087558985,-1.53100499883294,1.2620477207767,-1.25251805551173,1.25728288814421,
53950,53950,2,17986.207,3,33.2218310114618,30.0351899955436,1.52926109731197,-1.53143750503659,1.26334635699552,-1.25315377631133,1.25825006665343,
53960,53960,2,17989.54,3,33.2208654161778,30.0345149729145,1.52889313176274,-1.52786849066615,1.26302132541178,-1.25288508974426,1.25795320757802,
53970,53970,2,17992.874,3,33.2219628867436,30.0355967972605,1.52898682281375,-1.53168113902211,1.26154210574285,-1.2532398305186,1.25739096813073,
53980,53980,2,17996.207,3,33.2207625981614,30.0360527728112,1.52599178254604,-1.53282936662436,1.2625144065263,-1.25281132899517,1.25766286776074,
53990,53990,2,17999.54,3,33.2213593896911,30.0356415007458,1.52876721695065,-1.53003940358758,1.26334896469877,-1.25299768664533,1.25817332567205,
54000,54000,2,18002.874,3,33.2204541441124,30.0353218708254,1.52745079249144,-1.53161091729999,1.26174438900929,-1.25287391387318,1.25730915144124,
54010,54010,2,18006.207,3,33.221524792587,30.0359432492721,1.52992065995932,-1.53010096400976,1.2637264297443,-1.25212093955956,1.25792368465193,
54020,54020,2,18009.54,3,33.2203781481873,30.0356213841774,1.52784362435341,-1.52765903621912,1.26293154591415,-1.25198468706471,1.25745811648943,
54030,54030,2,18012.874,3,33.2203222688305,30.035335281871,1.52716962620616,-1.52944680303335,1.26300456160517,-1.25250222302771,1.25775339231644,
54040,54040,2,18016.207,3,33.2214398559648,30.0352503452488,1.52869429439306,-1.53103349730372,1.26239640795421,-1.25305086516519,1.2577236365597,
54050,54050,2,18019.54,3,33.2212096330151,30.0356817338827,1.53012331575155,-1.52952475473285,1.26320880064905,-1.25236718125223,1.25778799095064,
54060,54060,2,18022.874,3,33.2217125472255,30.0362539384954,1.52795575559139,-1.53260780498385,1.26240274094782,-1.25149080669549,1.25694677382166,
54070,54070,2,18026.207,3,33.2210621115134,30.0360035989773,1.52849303558469,-1.52968876063824,1.26292912447542,-1.25181388250179,1.25737150348861,
54080,54080,2,18029.54,3,33.2207491871158,30.0347116682501,1.52883194386959,-1.52940861880779,1.26276986831261,-1.2531565702791,1.25796321929585,
54090,54090,2,18032.874,3,33.2201121624493,30.0352168176348,1.52779826894403,-1.53104076161981,1.26185409881034,-1.2517707622659,1.25681243053812,
54100,54100,2,18036.207,3,33.2216410216489,30.0358851347411,1.5319624915719,-1.5317146666348,1.26368563781488,-1.2530077449293,1.25834669137209,
54110,54110,2,18039.54,3,33.2212789234174,30.0350737664816,1.52703076601028,-1.5292258001864,1.26348167816778,-1.2524491376401,1.25796540790394,
54120,54120,2,18042.874,3,33.2224300381657,30.0357890222476,1.52834635227919,-1.53258452191949,1.26339795226698,-1.25240508608162,1.2579015191743,
54130,54130,2,18046.207,3,33.221191751621,30.0346244964537,1.53108648955822,-1.53029263019562,1.26334514627615,-1.25340355702984,1.258374351653,
54140,54140,2,18049.54,3,33.2221193489424,30.0358113739902,1.52704874053597,-1.52867343276739,1.26349201584852,-1.25286627702795,1.25817914643823,
54150,54150,2,18052.874,3,33.2222892221868,30.0356035027833,1.5278784558177,-1.5308927744627,1.26292064943985,-1.25289403044112,1.25790733994048,
54160,54160,2,18056.207,3,33.2213258620771,30.0349374208513,1.52559550479054,-1.52924964204431,1.26343222493827,-1.2523023612,1.25786729306913,
54170,54170,2,18059.54,3,33.2223853346803,30.0347206089472,1.53107596561313,-1.53221860527992,1.2637602367543,-1.25327242680924,1.25851633178177,
54180,54180,2,18062.874,3,33.2217505451881,30.0342735740935,1.5292439609766,-1.53141301125288,1.26253359177165,-1.254084074446,1.25830883310882,
54190,54190,2,18066.207,3,33.2223942753774,30.0339874717872,1.52707314118743,-1.53013616800308,1.26352172503913,-1.25350842395342,1.25851507449627,
54200,54200,2,18069.54,3,33.2211314019157,30.034418860421,1.53073668479919,-1.52944810688496,1.26358635882684,-1.25294711582872,1.25826673732778,
54210,54210,2,18072.874,3,33.2206463690995,30.0342601630479,1.52875585481524,-1.53226861730218,1.26220455550077,-1.25407429555881,1.25813942552979,
54220,54220,2,18076.207,3,33.2221417006851,30.034760842084,1.53257725760341,-1.5337347984314,1.26382719884849,-1.25362623626099,1.25872671755474,
54230,54230,2,18079.54,3,33.2211470481356,30.0351139996185,1.53027474880219,-1.53036890551448,1.26298817032759,-1.25331349813543,1.25815083423151,
54240,54240,2,18082.874,3,33.2227787253516,30.0347921345238,1.52930207550526,-1.53368627652526,1.2631099873223,-1.25347331309179,1.25829165020705,
54250,54250,2,18086.207,3,33.2212811585917,30.0352995190828,1.52731649577618,-1.53182307258248,1.26349425102274,-1.25331061103541,1.25840243102907,
54260,54260,2,18089.54,3,33.2215538498525,30.0351497624068,1.53186554089189,-1.52993034571409,1.26300642425035,-1.25246096543699,1.25773369484367,
54270,54270,2,18092.874,3,33.2217907783249,30.0340299400983,1.52828907594085,-1.53031162917614,1.26314416686134,-1.25324197256056,1.25819306971095,
54280,54280,2,18096.207,3,33.2225082692651,30.0345216784373,1.52832698076963,-1.53134223073721,1.26381052817413,-1.25373063752328,1.25877058284871,
54290,54290,2,18099.54,3,33.221341508297,30.0349150691086,1.52534814551473,-1.53014305979013,1.26335892985048,-1.25307815291706,1.25821854138377,
54300,54300,2,18102.874,3,33.2221819338219,30.0335069093194,1.527941506356,-1.5311841852963,1.26294169733037,-1.25418326030178,1.25856247881608,
54310,54310,2,18106.207,3,33.2215113815414,30.0345082673917,1.52928987517953,-1.53147932142019,1.26392731602686,-1.25265598438724,1.25829165020705,
54320,54320,2,18109.54,3,33.2217728969308,30.0359700713633,1.52707770466805,-1.52799999341369,1.26349304030337,-1.25224638871237,1.25786971450787,
54330,54330,2,18112.874,3,33.2220791158056,30.0357398484136,1.52838723734021,-1.533960737288,1.26318477252624,-1.25244261838198,1.25781369545411,
54340,54340,2,18116.207,3,33.2214175042221,30.0348971877144,1.52643015608191,-1.5302462503314,1.26308148885106,-1.25331014537411,1.25819581711259,
54350,54350,2,18119.54,3,33.221350448994,30.0354828033728,1.52677036821842,-1.52824679389596,1.26365602175653,-1.25215213886631,1.25790408031142,
54360,54360,2,18122.874,3,33.2215471443297,30.0350827071787,1.52733493596315,-1.53091065585613,1.26256153144933,-1.25284485660839,1.25770319402886,
54370,54370,2,18126.207,3,33.2193633790694,30.0340835842807,1.52554111555219,-1.53042823076248,1.26310747275131,-1.25352183499871,1.25831465387501,
54380,54380,2,18129.54,3,33.2194550212144,30.0347027275531,1.52942780405283,-1.53182931244373,1.26257345237848,-1.25355629393452,1.2580648731565,
54390,54390,2,18132.874,3,33.220742481593,30.0348793063203,1.52464136481285,-1.53110800310969,1.26285955467798,-1.25370828578113,1.25828392022955,
54400,54400,2,18136.207,3,33.2184000189596,30.0342758092678,1.52679746970534,-1.53046119958162,1.26294942730787,-1.25284727804712,1.2578983526775,
54410,54410,2,18139.54,3,33.2190795119373,30.0348904821916,1.52547815814614,-1.53051437810063,1.26267776050851,-1.25359252238325,1.25813514144588,
54420,54420,2,18142.874,3,33.2198752339768,30.0340813491064,1.52698131278157,-1.53104411438107,1.26223528914623,-1.25329170518684,1.25776349716653,
54430,54430,2,18146.207,3,33.2209771748912,30.0355208013353,1.52645958587527,-1.53033016249537,1.26330128098219,-1.25283908240833,1.25807018169526,
54440,54440,2,18149.54,3,33.2206039007884,30.035176584498,1.52740553021431,-1.53146767988801,1.26358095715582,-1.25355983296036,1.25857039505809,
54450,54450,2,18152.874,3,33.2204519089381,30.0348346028349,1.52661111205816,-1.52924843132496,1.26269731828289,-1.25306222730078,1.25787977279183,
54460,54460,2,18156.207,3,33.2196628924213,30.033786306103,1.52985397726297,-1.53065044432878,1.26350747580351,-1.25433646286776,1.25892196933563,
54470,54470,2,18159.54,3,33.2203535612703,30.035451510933,1.53062241151929,-1.53020145371556,1.262885817975,-1.25307778038803,1.25798179918152,
54480,54480,2,18162.874,3,33.2201367493663,30.0343450996701,1.52561897411942,-1.53043232858181,1.26264199772107,-1.25416891793391,1.25840545782749,
54490,54490,2,18166.207,3,33.2197344179979,30.0352749321658,1.52792623266578,-1.53245907276869,1.26310039469963,-1.25331694402902,1.25820866936432,
54500,54500,2,18169.54,3,33.2204697903323,30.034693786856,1.52833946049213,-1.52843231335282,1.26346361050954,-1.25338195034576,1.25842278042765,
54510,54510,2,18172.874,3,33.2192695017501,30.0352905783857,1.527482829988,-1.53270429000258,1.26234965556022,-1.25307815291706,1.25771390423864,
54520,54520,2,18176.207,3,33.2216521975203,30.0343227479274,1.5270565636456,-1.5311935916543,1.26361746500133,-1.25378679627543,1.25870213063838,
54530,54530,2,18179.54,3,33.2218354818103,30.0345999095367,1.52956722304225,-1.53195187449455,1.2639662453111,-1.25396421322873,1.25896522926992,
54540,54540,2,18182.874,3,33.2207894202526,30.0343786272841,1.52556160464883,-1.53058748692274,1.26272516482831,-1.2532132878248,1.25796922632656,
54550,54550,2,18186.207,3,33.2208631810035,30.0343450996701,1.52574935927987,-1.53049426153302,1.26350533376155,-1.25300029434858,1.25825281405507,
54560,54560,2,18189.54,3,33.2204832013779,30.0348301324864,1.52750136330724,-1.53170302510262,1.2632098251039,-1.25385757679223,1.25853370094806,
54570,54570,2,18192.874,3,33.2200629886154,30.034269103745,1.52657842263579,-1.52971688657999,1.26265261479859,-1.25395145410925,1.25830203445392,
54580,54580,2,18196.207,3,33.218502836976,30.0335337314107,1.52593720704317,-1.53147457167506,1.26276102074801,-1.25389427090226,1.25832764582513,
54590,54590,2,18199.54,3,33.2196606572471,30.0351251754898,1.52671989053488,-1.52867054566741,1.26279305824509,-1.25265058271622,1.25772182048065,
54600,54600,2,18202.874,3,33.21928514797,30.0342244002596,1.52667481452227,-1.53263667598367,1.2620935418481,-1.25391438747019,1.25800396465915,
54610,54610,2,18206.207,3,33.2191823299536,30.0348726007975,1.52405295521021,-1.53185287490487,1.26208329729962,-1.25357194015402,1.25782761872682,
54620,54620,2,18209.541,3,33.2185877735982,30.0342847499649,1.52986086905003,-1.53177604079247,1.26320200199414,-1.25364104429017,1.25842152314216,
54630,54630,2,18212.874,3,33.2198975857195,30.0338310095884,1.52415437623858,-1.53130106627941,1.26299636596638,-1.25402903328096,1.25851269962367,
54640,54640,2,18216.207,3,33.2182167346696,30.0350201222992,1.52493119239807,-1.52934398502111,1.2630142473601,-1.25278907038528,1.25790165887269,
54650,54650,2,18219.541,3,33.2181139166533,30.0347653124326,1.52404615655541,-1.53059279546142,1.26249885343906,-1.25283619530831,1.25766752437368,
54660,54660,2,18222.874,3,33.218294965769,30.0343205127532,1.52692906558514,-1.53141031041741,1.26220055081364,-1.25358497867028,1.25789276474196,
54670,54670,2,18226.207,3,33.218203323624,30.0352816376886,1.52643164619803,-1.52989653870463,1.2636000492689,-1.25339592018461,1.25849798472676,
54680,54680,2,18229.541,3,33.2187263544028,30.0354604516301,1.52532216161489,-1.52760585770011,1.26301536494721,-1.25244587801104,1.25773062147912,
54690,54690,2,18232.874,3,33.2179552192802,30.0353419873939,1.52449086308479,-1.53191611170769,1.2625595756719,-1.2530124946745,1.2577860351732,
54700,54700,2,18236.207,3,33.2170276219588,30.0344546232093,1.52342617511749,-1.53320571407676,1.26301461988913,-1.25417841742432,1.25859651865673,
54710,54710,2,18239.541,3,33.2170656199214,30.0336209032071,1.5250688418746,-1.52997709810734,1.26265280106311,-1.25367084661303,1.25816182383807,
54720,54720,2,18242.874,3,33.2167839879635,30.0346669647648,1.52389779686928,-1.53024950996041,1.26225494005287,-1.25331359126769,1.25778426566028,
54730,54730,2,18246.207,3,33.2175104196008,30.0348301324864,1.52187570929527,-1.52952186763287,1.26300409594387,-1.25243684418192,1.2577204700629,
54740,54740,2,18249.541,3,33.21705444405,30.0350737664816,1.52446329593658,-1.53065845370293,1.2631594405518,-1.25262031473206,1.25788987764193,
54750,54750,2,18252.874,3,33.2172779614769,30.0350961182243,1.5237552113831,-1.53124816715717,1.26247119315815,-1.25292513661561,1.25769816488688,
54760,54760,2,18256.207,3,33.2169985646933,30.0347451958642,1.52432713657618,-1.53129994869232,1.26330472687577,-1.25380309442074,1.25855391064826,
54770,54770,2,18259.541,3,33.2172421986886,30.0346915516817,1.52122853323817,-1.52834579348564,1.26276521169966,-1.25224182523168,1.25750351846567,
54780,54780,2,18262.874,3,33.2167929286606,30.035176584498,1.52272470295429,-1.5301426872611,1.26212902523876,-1.25232713438088,1.25722807980982,
54790,54790,2,18266.207,3,33.2172980780453,30.0336656066925,1.52336042374372,-1.5324991196394,1.26259440713674,-1.25363089287394,1.25811265000534,
54800,54800,2,18269.541,3,33.2161380225999,30.0350223574735,1.52516169473529,-1.52938328683376,1.26171030260252,-1.25351624706317,1.25761327483284,
54810,54810,2,18272.874,3,33.2162184888736,30.0333303305522,1.52329904958606,-1.5310320071876,1.26150271079731,-1.25396672779972,1.25773471929852,
54820,54820,2,18276.207,3,33.2156798118749,30.0343808624584,1.52164958417416,-1.52864046394825,1.26253796898782,-1.25302171476814,1.25777984187798,
54830,54830,2,18279.541,3,33.2166766995986,30.0347921345238,1.52126727625728,-1.52843343093991,1.26282118418729,-1.25216154522446,1.25749136470588,
54840,54840,2,18282.874,3,33.217353957402,30.0356750283599,1.52437658980489,-1.52939986437559,1.2628467955585,-1.25199912256485,1.25742295906168,
54850,54850,2,18286.207,3,33.2168041045319,30.0345820281426,1.5246300958097,-1.53181031346321,1.2625132889392,-1.25275405265591,1.25763367079755,
54860,54860,2,18289.541,3,33.2165694112337,30.0342199299111,1.52255659922957,-1.52916796505451,1.26290770405586,-1.25329552360946,1.25810161383266,
54870,54870,2,18292.874,3,33.217995452417,30.0351363513612,1.52514176443219,-1.53208235278726,1.26201968796675,-1.25279018797238,1.25740493796957,
54880,54880,2,18296.207,3,33.2182659085035,30.0351341161869,1.52297727763653,-1.53025221079588,1.26291217440429,-1.25325314843163,1.25808266141796,
54890,54890,2,18299.541,3,33.2184871907561,30.0343316886245,1.52569534257054,-1.53144048526883,1.26307925367685,-1.25372234875223,1.25840080121454,
54900,54900,2,18302.874,3,33.2175350065177,30.0342221650853,1.52268577367067,-1.5316373668611,1.26314845094525,-1.25389538848936,1.25852191971731,
54910,54910,2,18306.207,3,33.2170969123611,30.0343383941473,1.52379209175706,-1.53212957084179,1.26302775153765,-1.25393888125429,1.25848331639597,
54920,54920,2,18309.541,3,33.2171617324149,30.0341059360234,1.52324195951223,-1.5321939252317,1.26306649455737,-1.25345133387868,1.25825891421803,
54930,54930,2,18312.874,3,33.2158832127333,30.0335627886761,1.52328247204423,-1.5316741541028,1.2620737978092,-1.2542245178925,1.25814915785085,
54940,54940,2,18316.207,3,33.2166118795449,30.0333236250294,1.52278942987323,-1.53173664584756,1.26238793291865,-1.253915039396,1.25815148615733,
54950,54950,2,18319.541,3,33.2171103234067,30.0347295496443,1.52333052828908,-1.52899883687496,1.26239407964774,-1.25290045656698,1.25764726810736,
54960,54960,2,18322.874,3,33.2185229535444,30.0335717293732,1.52445482090116,-1.53419347479939,1.2622131236686,-1.25345105448191,1.25783208907525,
54970,54970,2,18326.207,3,33.2183933134368,30.033819833717,1.52422897517681,-1.53090879321098,1.26327483142065,-1.25392267624124,1.25859875383094,
54980,54980,2,18329.541,3,33.2172600800827,30.0345328543087,1.52278970927,-1.52906747534871,1.26281960093889,-1.25340653726213,1.25811306910051,
54990,54990,2,18332.874,3,33.2185162480216,30.0336544308211,1.52388969436288,-1.53318047523499,1.2627172485863,-1.25362120711901,1.25816922785266,
55000,55000,2,18336.207,3,33.2173114890909,30.0343071017075,1.52234025299549,-1.53013365343213,1.26277126529649,-1.25342544311069,1.25809835420359,
55010,55010,2,18339.541,3,33.2165738815823,30.0335672590247,1.52239874005318,-1.52956936508417,1.26246970304201,-1.25293482237054,1.25770226270627,
55020,55020,2,18342.874,3,33.2170164460874,30.0331045779511,1.52397826313972,-1.53276966884732,1.26213489257108,-1.25416072229512,1.2581478074331,
55030,55030,2,18346.207,3,33.2155591124644,30.0324139091021,1.52031322941184,-1.53143992647529,1.26276092761575,-1.25476393993635,1.25876243377605,
55040,55040,2,18349.541,3,33.2167057568641,30.0349240098056,1.52315711602569,-1.52792613953352,1.26380419518053,-1.25291982807685,1.25836201162869,
55050,55050,2,18352.874,3,33.2172667856055,30.033486792751,1.52437072247267,-1.53296953067183,1.26186937250081,-1.25341128700733,1.25764032975407,
55060,55060,2,18356.207,3,33.2164576525203,30.0345552060513,1.52077665552497,-1.53344692662358,1.26312442282244,-1.25404486576498,1.25858464429371,
55070,55070,2,18359.541,3,33.2169426853366,30.0343830976327,1.52312554419041,-1.53178432956338,1.26333723003414,-1.25343410441078,1.25838566722246,
55080,55080,2,18362.874,3,33.2167415196524,30.033786306103,1.52344824746251,-1.53136858716607,1.2627385758736,-1.2536772727389,1.25820792430625,
55090,55090,2,18366.207,3,33.2159860307497,30.0337505433147,1.5228820964694,-1.53035176917911,1.26296861255321,-1.25409031430735,1.25852946343028,
55100,55100,2,18369.541,3,33.2162251943964,30.0344233307695,1.52043029665947,-1.52974836528301,1.2640281782633,-1.25304229699737,1.25853523763034,
55110,55110,2,18372.874,3,33.2161067301602,30.0338220688913,1.52239622548223,-1.52934994548559,1.2629659117177,-1.2533927536878,1.25817933270275,
55120,55120,2,18376.207,3,33.2164151842092,30.0334152671744,1.52038903906941,-1.53080588206649,1.26324605355263,-1.2532616234672,1.25825383850991,
55130,55130,2,18379.541,3,33.2158250982023,30.0340232345755,1.52244288474321,-1.53060890734196,1.2628066555549,-1.25377273330432,1.25828969442961,
55140,55140,2,18382.874,3,33.2159726197041,30.0331805738762,1.52175249531865,-1.53413489460945,1.26254392945239,-1.25363713273529,1.25809053109384,
55150,55150,2,18386.207,3,33.2156328732153,30.0328184756447,1.51848057284951,-1.53212174773216,1.26406887706047,-1.2546760230839,1.25937245007218,
55160,55160,2,18389.541,3,33.2158228630281,30.0336589011697,1.5217655338347,-1.53028331696987,1.26353178332309,-1.25390013823457,1.25871596077883,
55170,55170,2,18392.874,3,33.2163257772385,30.0341484043345,1.52205293998122,-1.53467552736402,1.26315320069045,-1.25400127986779,1.25857724027912,
55180,55180,2,18396.207,3,33.2155479365931,30.0329011770927,1.51970982551575,-1.53182093054056,1.26287510776522,-1.25434773187109,1.25861141981816,
55190,55190,2,18399.541,3,33.2155613476387,30.0349754188138,1.5192212536931,-1.53053291141987,1.2643948399668,-1.25350888961471,1.25895186479076,
55200,55200,2,18402.874,3,33.2158005112854,30.0333102139838,1.51794673874974,-1.53255918994546,1.26294914791109,-1.25379424685614,1.25837169738362,
55210,55210,2,18406.207,3,33.215538995896,30.0335426721077,1.51825649663806,-1.533686183393,1.26350747580351,-1.25407178098782,1.25878962839566,
55220,55220,2,18409.541,3,33.2142314189489,30.0342981610105,1.51977948844433,-1.52894929051399,1.2631131538191,-1.2529537282191,1.2580334410191,
55230,55230,2,18412.874,3,33.214307414874,30.0336589011697,1.51804070919752,-1.53375063091516,1.26236744382168,-1.25432463507087,1.25834603944628,
55240,55240,2,18416.207,3,33.2141576581981,30.0330263468517,1.51863424107432,-1.53204239904881,1.26247286953881,-1.25385115066636,1.25816201010259,
55250,55250,2,18419.541,3,33.2142694169115,30.0326530727489,1.52188818901777,-1.53087293729186,1.26267971628594,-1.25377254703981,1.25822613166288,
55260,55260,2,18422.874,3,33.2144325846331,30.0339740607415,1.5190277248621,-1.53300724923611,1.26253545441683,-1.25339619958138,1.25796582699911,
55270,55270,2,18426.207,3,33.213033365541,30.0330218765032,1.51650346815586,-1.53016336262226,1.26263277762743,-1.2541573695338,1.25839507358061,
55280,55280,2,18429.541,3,33.2141531878495,30.0331939849218,1.51656828820705,-1.52955306693912,1.26362193534976,-1.25353953012791,1.25858073273883,
55290,55290,2,18432.874,3,33.2139006131572,30.0333862099089,1.51868108659983,-1.53356632217765,1.26278346562242,-1.2542880340931,1.25853574985776,
55300,55300,2,18436.207,3,33.2143051796998,30.0340746435836,1.5190769918263,-1.52993630617857,1.26302141854404,-1.25350404673725,1.25826273264064,
55310,55310,2,18439.541,3,33.2141509526752,30.0344456825122,1.51793658733368,-1.53084229677916,1.26363851289185,-1.25401320079694,1.25882585684439,
55320,55320,2,18442.874,3,33.2146695131055,30.0340433511439,1.51738375425339,-1.53135107830167,1.26294756466269,-1.25398246715148,1.25846501590709,
55330,55330,2,18446.207,3,33.2134647541748,30.0338913592936,1.51610802859068,-1.53081314638257,1.26335613588271,-1.25348886617904,1.25842250103088,
55340,55340,2,18449.541,3,33.2129260771761,30.0343071017075,1.51686696335673,-1.53016643598676,1.26266863354713,-1.25427303979941,1.25847083667327,
55350,55350,2,18452.874,3,33.2140056663478,30.0341819319485,1.51501130312681,-1.53259970247746,1.26349983895827,-1.25374982276862,1.25862483086345,
55360,55360,2,18456.207,3,33.2125215106335,30.0334778520539,1.51427639648318,-1.5297656878829,1.26327417949483,-1.25352509462777,1.2583996370613,
55370,55370,2,18459.541,3,33.2119716577635,30.0347384903414,1.51502983644605,-1.5315149910748,1.26233512692782,-1.25352081054386,1.25792796873584,
55380,55380,2,18462.874,3,33.2120253019459,30.0334756168797,1.51288686320186,-1.53083903715014,1.26220725633628,-1.25332113498067,1.25776419565848,
55390,55390,2,18466.207,3,33.2117995493448,30.0350312981705,1.5133636072278,-1.53238829225302,1.26282211550988,-1.25352667787617,1.25817439669303,
55400,55400,2,18469.541,3,33.2122219972815,30.0344903859976,1.51342367753386,-1.52865834534168,1.2632712923948,-1.25281971089847,1.25804550164664,
55410,55410,2,18472.874,3,33.2116117947063,30.0331939849218,1.51191996410489,-1.53143219649792,1.2629981354793,-1.2534660487756,1.25823209212745,
55420,55420,2,18476.207,3,33.2117816679507,30.0341819319485,1.5132955275476,-1.52983441948891,1.2629200906463,-1.25281784825329,1.2578689694498,
55430,55430,2,18479.541,3,33.2114978008186,30.0342311057824,1.51217132806778,-1.52874495834112,1.26315152430979,-1.25305505611684,1.25810329021332,
55440,55440,2,18482.874,3,33.2110306493964,30.0339450034761,1.50943081825972,-1.53449010103941,1.26241699018344,-1.25389659920873,1.25815679469609,
55450,55450,2,18486.207,3,33.2106014959369,30.0338153633685,1.51202026754618,-1.53152719140053,1.26181526265835,-1.25329869010626,1.25755697638231,
55460,55460,2,18489.541,3,33.2096962503582,30.0348278973121,1.5128412283957,-1.53113221749663,1.26246728160328,-1.25279121242723,1.25762924701525,
55470,55470,2,18492.874,3,33.2094749681056,30.0341841671228,1.51030160486698,-1.53134446591139,1.26113651475512,-1.25264275960646,1.25688963718079,
55480,55480,2,18496.207,3,33.2108093671439,30.0342735740935,1.51224946603179,-1.53184039518237,1.26263454714035,-1.25351689898898,1.25807572306467,
55490,55490,2,18499.541,3,33.2092514506787,30.0336477252983,1.51139851659536,-1.52877597138286,1.26235021435377,-1.25352732980199,1.25793877207788,
55500,55500,2,18502.874,3,33.2081025711047,30.0341573450316,1.51001429185271,-1.53294065967202,1.26176385365141,-1.25350488492758,1.2576343692895,
55510,55510,2,18506.207,3,33.208254562955,30.0340187642269,1.50660909712315,-1.52957085520029,1.26187626428797,-1.25277780138194,1.25732703283496,
55520,55520,2,18509.541,3,33.2076577714253,30.0341171118947,1.50743136182427,-1.52972741052508,1.26246215932903,-1.25381101066275,1.25813658499589,
55530,55530,2,18512.874,3,33.2074364891727,30.0340589973637,1.50423655286431,-1.53352385386825,1.26160971976285,-1.25270785905547,1.25715878940916,
55540,55540,2,18516.207,3,33.2076622417738,30.0344836804748,1.50289237499237,-1.53017481788993,1.26214644097119,-1.25268429659396,1.25741536878257,
55550,55550,2,18519.541,3,33.2063546648268,30.033603021813,1.50012280791998,-1.52912829071283,1.26213573076141,-1.25396486515454,1.25805029795797,
55560,55560,2,18522.874,3,33.2070676854184,30.0341774616,1.50585938245058,-1.53068313375115,1.26159221089817,-1.25321617492483,1.2574041929115,
55570,55570,2,18526.207,3,33.2055120041276,30.0334756168797,1.50003079324961,-1.53083950281143,1.26243868999978,-1.25394484171887,1.25819176585932,
55580,55580,2,18529.541,3,33.2040904332928,30.0345820281426,1.49960638955235,-1.53021151199937,1.26192832522072,-1.2531935437859,1.25756093450331,
55590,55590,2,18532.874,3,33.2026398051926,30.0336566659954,1.49795599281788,-1.53127182275057,1.26203347154108,-1.25415718326928,1.25809532740518,
55600,55600,2,18536.207,3,33.202152537202,30.034843543532,1.49469571188092,-1.53130311518908,1.26233950414399,-1.2536845370551,1.25801202059955,
55610,55610,2,18539.541,3,33.1995060908681,30.0336007866387,1.49710047990084,-1.52758117765188,1.26166494719241,-1.25357259207984,1.25761876963612,
55620,55620,2,18542.874,3,33.199179755425,30.0344009790268,1.49515131488442,-1.53024001047015,1.26199761562138,-1.2539504296544,1.25797402263789,
55630,55630,2,18546.207,3,33.1971144544009,30.034993300208,1.49109736084938,-1.52862342074513,1.26238728099284,-1.252794006395,1.25759064369392,
55640,55640,2,18549.541,3,33.1975100802464,30.0351899955436,1.48807018995285,-1.52800092473626,1.26163738004376,-1.2535046055308,1.25757099278728,
55650,55650,2,18552.874,3,33.1949217484435,30.0349731836396,1.48596856743097,-1.53070092201233,1.26209912978364,-1.25331815474838,1.25770864226601,
55660,55660,2,18556.207,3,33.1936454639362,30.0346200261051,1.48327564820647,-1.52826998382807,1.26197545014375,-1.25378195339796,1.25787870177086,
55670,55670,2,18559.541,3,33.1994770336027,30.0386478101369,1.48480413481593,-1.52485109865665,1.26186769612014,-1.25278320305296,1.25732544958655,
55680,55680,2,18562.874,3,33.2032142449796,30.044242451331,1.48272840306163,-1.52003010734916,1.2609427996565,-1.25281132899517,1.25687706432583,
55690,55690,2,18566.207,3,33.2067592313694,30.0511871377831,1.47930523380637,-1.51718752458692,1.26043392499358,-1.25283777855671,1.25663585177515,
55700,55700,2,18569.541,3,33.2083417347515,30.0546404820279,1.48059781640768,-1.51273710653186,1.2612908349082,-1.25286022343112,1.25707552916966,
55710,55710,2,18572.874,3,33.2086412481034,30.0540191035813,1.46833406761289,-1.51207624003291,1.26147682002932,-1.25390041763135,1.25768861883034,
55720,55720,2,18576.207,3,33.2049062719008,30.0576065582822,1.45835503935814,-1.51152871549129,1.26046596249066,-1.25366255784198,1.25706426016632,
55730,55730,2,18579.541,3,33.2065670063823,30.0664578483854,1.43778286874294,-1.49955376982689,1.26253610634264,-1.25313962020797,1.25783786327531,
55740,55740,2,18582.874,3,33.1903932853755,30.0781701615523,1.3946071267128,-1.49071924388409,1.26570176495667,-1.25245193160787,1.25907684828227,
55750,55750,2,18586.207,3,33.1642193946916,30.0794240943169,1.30851585417986,-1.4872488565743,1.26877419817948,-1.25460142414448,1.26168781116198,
55760,55760,2,18589.541,3,33.1496013549757,30.054499666049,1.17296697571874,-1.51420077309012,1.25490354519252,-1.25633172838354,1.25561763678803,
55764,55764,2,18590.874,3,32.4348350922256,29.2880829963028,0.463070999830961,-2.24892254918814,0.995496955795686,-1.31708273908804,1.15628984744186,
